4536.410256410257 4075.3846153846157 4364.102564102564 4507.6923076923085 4503.589743589744 4740.000000000001 4349.2307692307695 4374.871794871796 4747.6923076923085 4057.9487179487182 3921.0256410256416 4355.384615384616 4589.2307692307695 4212.307692307693 
4536.410256410257 4076.410256410257 4360.512820512821 4506.666666666667 4505.128205128206 4736.410256410257 4344.102564102564 4372.307692307693 4746.153846153847 4057.435897435898 3926.666666666667 4356.923076923077 4592.820512820514 4216.923076923077 
4536.410256410257 4071.7948717948725 4362.564102564103 4506.666666666667 4503.589743589744 4735.8974358974365 4348.205128205129 4373.333333333334 4748.205128205129 4054.358974358975 3926.666666666667 4354.871794871796 4591.282051282052 4214.358974358975 
4540.512820512821 4071.7948717948725 4347.179487179487 4500.512820512821 4508.717948717949 4750.769230769231 4370.256410256411 4364.102564102564 4746.666666666667 4053.8461538461543 3914.358974358975 4324.615384615385 4582.564102564103 4186.666666666667 
4536.410256410257 4072.307692307693 4344.102564102564 4501.025641025642 4507.179487179488 4751.282051282052 4366.153846153847 4365.128205128206 4745.128205128206 4055.8974358974365 3913.8461538461543 4323.589743589744 4583.076923076924 4186.666666666667 
4536.923076923077 4072.820512820513 4354.871794871796 4504.102564102564 4500.512820512821 4737.948717948719 4344.615384615385 4372.820512820514 4747.6923076923085 4057.435897435898 3925.1282051282055 4347.6923076923085 4597.948717948719 4213.333333333334 
4540.000000000001 4074.358974358975 4363.076923076924 4505.641025641026 4498.974358974359 4731.282051282052 4340.000000000001 4375.8974358974365 4749.743589743591 4056.410256410257 3926.666666666667 4355.8974358974365 4605.128205128206 4223.589743589744 
4539.48717948718 4075.3846153846157 4360.000000000001 4506.666666666667 4499.48717948718 4736.410256410257 4343.589743589744 4374.871794871796 4750.769230769231 4055.8974358974365 3923.589743589744 4349.2307692307695 4601.025641025642 4218.461538461539 
4535.8974358974365 4074.8717948717954 4360.512820512821 4507.179487179488 4497.435897435898 4734.871794871796 4337.948717948719 4374.871794871796 4749.743589743591 4057.435897435898 3925.6410256410263 4355.8974358974365 4599.48717948718 4223.076923076924 
4534.871794871796 4072.307692307693 4367.179487179487 4506.666666666667 4498.461538461539 4733.333333333334 4340.000000000001 4378.974358974359 4750.769230769231 4058.461538461539 3925.6410256410263 4362.564102564103 4594.358974358975 4225.641025641026 
4536.923076923077 4073.333333333334 4364.102564102564 4505.641025641026 4500.000000000001 4738.461538461539 4345.641025641026 4376.923076923077 4749.743589743591 4056.9230769230776 3922.0512820512827 4355.384615384616 4590.256410256411 4220.000000000001 
4531.282051282052 4071.7948717948725 4370.769230769231 4511.282051282052 4496.410256410257 4732.820512820514 4339.48717948718 4382.564102564103 4746.666666666667 4055.3846153846157 3925.6410256410263 4367.179487179487 4592.820512820514 4228.717948717949 
4532.820512820514 4073.8461538461543 4366.153846153847 4508.717948717949 4499.48717948718 4733.846153846154 4343.076923076924 4375.384615384616 4744.615384615386 4054.8717948717954 3924.615384615385 4363.076923076924 4594.871794871796 4227.179487179487 
4533.846153846154 4072.307692307693 4365.641025641026 4507.179487179488 4502.051282051282 4736.410256410257 4345.641025641026 4376.410256410257 4747.179487179488 4056.410256410257 3923.589743589744 4355.8974358974365 4590.769230769231 4218.461538461539 
4535.384615384616 4075.3846153846157 4359.48717948718 4507.6923076923085 4504.615384615385 4743.589743589744 4351.282051282052 4374.358974358975 4746.153846153847 4055.8974358974365 3920.5128205128212 4347.6923076923085 4587.6923076923085 4210.769230769231 
4531.282051282052 4075.3846153846157 4367.179487179487 4512.820512820514 4508.205128205129 4743.076923076924 4354.871794871796 4383.076923076924 4744.102564102564 4052.820512820513 3915.3846153846157 4356.410256410257 4582.051282051282 4216.923076923077 
4534.871794871796 4075.8974358974365 4364.102564102564 4509.743589743591 4509.2307692307695 4745.641025641026 4353.333333333334 4377.948717948719 4745.641025641026 4052.307692307693 3914.8717948717954 4351.282051282052 4581.538461538462 4217.948717948719 
4531.282051282052 4072.307692307693 4368.205128205129 4510.256410256411 4503.589743589744 4742.051282051282 4347.179487179487 4380.000000000001 4746.153846153847 4054.358974358975 3921.538461538462 4355.8974358974365 4581.538461538462 4217.435897435898 
4530.256410256411 4075.8974358974365 4366.153846153847 4509.743589743591 4506.153846153847 4742.564102564103 4349.2307692307695 4375.8974358974365 4742.564102564103 4053.8461538461543 3921.0256410256416 4356.410256410257 4582.564102564103 4215.8974358974365 
4530.769230769231 4076.410256410257 4367.6923076923085 4510.256410256411 4509.2307692307695 4743.589743589744 4352.820512820514 4378.461538461539 4744.102564102564 4052.820512820513 3917.435897435898 4356.923076923077 4579.48717948718 4213.846153846154 
4533.333333333334 4074.358974358975 4366.153846153847 4508.717948717949 4505.128205128206 4746.153846153847 4351.282051282052 4378.974358974359 4747.179487179488 4052.307692307693 3918.461538461539 4350.769230769231 4578.974358974359 4210.769230769231 
4531.282051282052 4071.2820512820517 4365.641025641026 4510.769230769231 4504.615384615385 4744.102564102564 4350.769230769231 4380.000000000001 4745.641025641026 4052.820512820513 3918.461538461539 4352.307692307693 4580.000000000001 4211.794871794872 
4531.794871794872 4072.820512820513 4360.000000000001 4508.717948717949 4506.153846153847 4740.512820512821 4349.743589743591 4376.410256410257 4744.615384615386 4055.8974358974365 3918.9743589743593 4353.333333333334 4585.128205128206 4214.358974358975 
4532.307692307693 4070.7692307692314 4362.564102564103 4507.179487179488 4498.461538461539 4737.948717948719 4345.128205128206 4373.846153846154 4747.6923076923085 4055.3846153846157 3923.589743589744 4354.871794871796 4588.717948717949 4217.435897435898 
4532.307692307693 4065.1282051282055 4369.2307692307695 4506.153846153847 4493.333333333334 4736.923076923077 4342.051282051282 4375.8974358974365 4748.717948717949 4053.8461538461543 3930.7692307692314 4361.025641025642 4591.282051282052 4216.923076923077 
4534.358974358975 4065.6410256410263 4366.666666666667 4504.102564102564 4496.410256410257 4732.820512820514 4342.051282051282 4371.794871794872 4747.179487179488 4055.8974358974365 3936.9230769230776 4364.615384615385 4594.358974358975 4214.871794871796 
4532.820512820514 4067.1794871794878 4369.743589743591 4506.153846153847 4495.384615384616 4728.205128205129 4338.974358974359 4375.384615384616 4747.179487179488 4057.9487179487182 3941.0256410256416 4369.2307692307695 4595.8974358974365 4217.948717948719 
4530.769230769231 4066.1538461538466 4372.820512820514 4508.205128205129 4494.358974358975 4732.820512820514 4336.923076923077 4372.307692307693 4748.205128205129 4056.410256410257 3940.0000000000005 4365.641025641026 4593.333333333334 4216.923076923077 
4525.641025641026 4061.0256410256416 4381.025641025642 4510.769230769231 4497.948717948719 4733.846153846154 4338.974358974359 4376.923076923077 4747.179487179488 4054.8717948717954 3938.9743589743593 4372.307692307693 4583.076923076924 4217.948717948719 
4525.128205128206 4066.1538461538466 4377.948717948719 4509.743589743591 4502.051282051282 4738.461538461539 4346.666666666667 4374.358974358975 4744.102564102564 4053.333333333334 3936.9230769230776 4367.6923076923085 4575.384615384616 4214.358974358975 
4522.051282051282 4065.6410256410263 4382.564102564103 4512.307692307693 4503.589743589744 4738.974358974359 4349.2307692307695 4376.923076923077 4742.051282051282 4051.7948717948725 3931.7948717948725 4369.2307692307695 4571.282051282052 4212.820512820514 
4523.076923076924 4066.666666666667 4376.923076923077 4510.769230769231 4508.205128205129 4741.538461538462 4351.794871794872 4371.794871794872 4742.564102564103 4053.333333333334 3924.1025641025644 4361.538461538462 4571.794871794872 4205.128205128206 
4518.974358974359 4065.6410256410263 4383.076923076924 4513.333333333334 4506.666666666667 4740.512820512821 4353.333333333334 4378.461538461539 4742.564102564103 4051.7948717948725 3925.1282051282055 4362.564102564103 4569.2307692307695 4204.102564102564 
4519.48717948718 4067.692307692308 4378.974358974359 4511.794871794872 4502.564102564103 4745.641025641026 4354.358974358975 4376.410256410257 4741.025641025642 4051.7948717948725 3925.1282051282055 4353.846153846154 4566.153846153847 4200.000000000001 
4518.974358974359 4064.1025641025644 4381.025641025642 4511.794871794872 4502.564102564103 4743.076923076924 4353.333333333334 4378.461538461539 4742.564102564103 4053.333333333334 3924.1025641025644 4356.923076923077 4563.076923076924 4198.974358974359 
4523.589743589744 4064.615384615385 4377.948717948719 4509.743589743591 4507.179487179488 4741.538461538462 4354.358974358975 4374.358974358975 4744.615384615386 4054.8717948717954 3927.692307692308 4356.410256410257 4567.6923076923085 4198.461538461539 
4520.512820512821 4064.615384615385 4381.538461538462 4509.2307692307695 4503.589743589744 4740.512820512821 4351.794871794872 4373.846153846154 4745.128205128206 4053.333333333334 3934.358974358975 4360.000000000001 4571.794871794872 4201.025641025642 
4518.461538461539 4063.076923076924 4377.948717948719 4507.179487179488 4500.000000000001 4741.538461538462 4352.307692307693 4371.282051282052 4742.564102564103 4051.7948717948725 3933.333333333334 4360.512820512821 4572.820512820514 4198.974358974359 
4518.461538461539 4057.435897435898 4379.48717948718 4508.205128205129 4501.538461538462 4738.461538461539 4351.282051282052 4372.307692307693 4741.538461538462 4052.307692307693 3931.7948717948725 4365.128205128206 4569.743589743591 4197.948717948719 
4520.512820512821 4056.410256410257 4383.589743589744 4507.6923076923085 4501.538461538462 4736.410256410257 4347.6923076923085 4369.743589743591 4743.589743589744 4052.307692307693 3934.8717948717954 4366.153846153847 4571.282051282052 4198.461538461539 
4520.000000000001 4057.9487179487182 4382.051282051282 4504.615384615385 4496.923076923077 4733.846153846154 4343.589743589744 4365.641025641026 4743.589743589744 4051.7948717948725 3941.0256410256416 4363.589743589744 4577.948717948719 4195.384615384616 
4520.000000000001 4057.435897435898 4381.025641025642 4502.564102564103 4494.358974358975 4728.717948717949 4339.48717948718 4365.641025641026 4743.589743589744 4054.358974358975 3944.615384615385 4365.641025641026 4581.538461538462 4194.871794871796 
4523.589743589744 4056.9230769230776 4380.000000000001 4500.512820512821 4494.358974358975 4728.717948717949 4340.512820512821 4362.051282051282 4744.615384615386 4056.410256410257 3943.076923076924 4367.6923076923085 4581.025641025642 4197.948717948719 
4520.512820512821 4055.3846153846157 4385.641025641026 4504.102564102564 4492.820512820514 4729.2307692307695 4341.538461538462 4365.128205128206 4745.641025641026 4053.333333333334 3944.1025641025644 4375.384615384616 4583.076923076924 4200.000000000001 
4520.000000000001 4056.9230769230776 4381.025641025642 4503.076923076924 4495.384615384616 4731.282051282052 4342.051282051282 4358.974358974359 4743.589743589744 4052.820512820513 3945.6410256410263 4369.743589743591 4586.153846153847 4197.948717948719 
4517.435897435898 4054.8717948717954 4386.666666666667 4506.153846153847 4495.8974358974365 4728.717948717949 4342.051282051282 4365.641025641026 4742.564102564103 4054.8717948717954 3946.1538461538466 4374.358974358975 4580.512820512821 4204.615384615385 
4518.974358974359 4056.410256410257 4388.717948717949 4507.6923076923085 4495.8974358974365 4730.769230769231 4345.128205128206 4362.564102564103 4740.512820512821 4052.820512820513 3943.589743589744 4375.8974358974365 4578.461538461539 4205.128205128206 
4514.358974358975 4051.7948717948725 4396.410256410257 4511.282051282052 4493.846153846154 4724.615384615386 4340.512820512821 4364.102564102564 4738.461538461539 4050.7692307692314 3948.205128205129 4386.153846153847 4581.025641025642 4208.717948717949 
4514.871794871796 4052.820512820513 4393.333333333334 4508.205128205129 4493.333333333334 4724.102564102564 4338.461538461539 4360.000000000001 4738.461538461539 4053.333333333334 3954.8717948717954 4382.564102564103 4584.615384615385 4210.256410256411 
4513.846153846154 4050.7692307692314 4400.512820512821 4508.717948717949 4490.256410256411 4723.076923076924 4338.461538461539 4368.205128205129 4737.948717948719 4053.8461538461543 3955.3846153846157 4388.717948717949 4580.000000000001 4212.307692307693 
4516.923076923077 4053.8461538461543 4396.923076923077 4508.717948717949 4491.794871794872 4725.128205128206 4340.000000000001 4362.051282051282 4736.923076923077 4054.8717948717954 3949.7435897435903 4387.179487179487 4579.48717948718 4208.717948717949 
4514.871794871796 4055.3846153846157 4396.923076923077 4512.820512820514 4492.820512820514 4724.102564102564 4340.000000000001 4362.564102564103 4737.435897435898 4055.3846153846157 3949.2307692307695 4392.307692307693 4580.000000000001 4213.333333333334 
4515.384615384616 4058.461538461539 4393.333333333334 4513.846153846154 4495.384615384616 4732.307692307693 4343.076923076924 4364.102564102564 4735.384615384616 4052.820512820513 3946.1538461538466 4388.717948717949 4578.461538461539 4215.8974358974365 
4515.8974358974365 4055.3846153846157 4398.974358974359 4515.8974358974365 4496.410256410257 4733.846153846154 4343.589743589744 4365.641025641026 4734.358974358975 4050.7692307692314 3943.589743589744 4388.205128205129 4574.358974358975 4213.846153846154 
4517.948717948719 4054.358974358975 4397.948717948719 4514.871794871796 4497.435897435898 4729.2307692307695 4345.128205128206 4362.564102564103 4736.410256410257 4052.307692307693 3945.1282051282055 4385.641025641026 4572.307692307693 4206.666666666667 
4514.358974358975 4053.333333333334 4398.461538461539 4513.333333333334 4499.48717948718 4727.6923076923085 4344.102564102564 4363.076923076924 4737.948717948719 4052.820512820513 3946.666666666667 4385.641025641026 4570.256410256411 4202.051282051282 
4511.794871794872 4050.2564102564106 4400.000000000001 4511.282051282052 4497.948717948719 4730.256410256411 4340.512820512821 4363.589743589744 4736.923076923077 4053.8461538461543 3948.205128205129 4386.666666666667 4573.333333333334 4203.076923076924 
4512.307692307693 4048.205128205129 4399.48717948718 4508.717948717949 4493.333333333334 4724.102564102564 4336.923076923077 4357.948717948719 4736.410256410257 4053.8461538461543 3954.358974358975 4388.717948717949 4578.974358974359 4201.538461538462 
4509.743589743591 4046.1538461538466 4405.641025641026 4507.179487179488 4489.2307692307695 4715.384615384616 4333.333333333334 4357.435897435898 4738.461538461539 4051.2820512820517 3964.1025641025644 4399.48717948718 4578.974358974359 4200.512820512821 
4508.717948717949 4044.615384615385 4407.6923076923085 4505.128205128206 4487.6923076923085 4717.435897435898 4329.743589743591 4353.333333333334 4737.948717948719 4048.717948717949 3970.7692307692314 4401.538461538462 4583.076923076924 4201.025641025642 
4506.666666666667 4039.48717948718 4413.333333333334 4506.153846153847 4483.589743589744 4715.384615384616 4325.641025641026 4354.871794871796 4736.410256410257 4051.7948717948725 3972.820512820513 4408.717948717949 4586.153846153847 4205.641025641026 
4509.743589743591 4040.5128205128212 4407.6923076923085 4503.076923076924 4483.076923076924 4711.794871794872 4327.179487179487 4350.256410256411 4735.8974358974365 4054.358974358975 3971.2820512820517 4408.717948717949 4584.615384615385 4203.076923076924 
4508.205128205129 4039.48717948718 4411.794871794872 4505.641025641026 4481.538461538462 4707.6923076923085 4325.641025641026 4354.358974358975 4739.48717948718 4052.820512820513 3973.8461538461543 4413.846153846154 4586.153846153847 4204.102564102564 
4511.282051282052 4041.538461538462 4408.205128205129 4504.102564102564 4481.025641025642 4711.794871794872 4324.615384615385 4349.743589743591 4739.48717948718 4052.307692307693 3977.435897435898 4406.153846153847 4594.358974358975 4203.076923076924 
4509.743589743591 4037.435897435898 4414.871794871796 4504.102564102564 4480.000000000001 4707.179487179488 4320.512820512821 4352.820512820514 4736.923076923077 4054.8717948717954 3979.48717948718 4414.358974358975 4590.769230769231 4206.153846153847 
4513.846153846154 4037.9487179487182 4412.820512820514 4501.538461538462 4479.48717948718 4707.179487179488 4320.512820512821 4347.6923076923085 4736.923076923077 4056.9230769230776 3978.461538461539 4412.820512820514 4588.717948717949 4206.666666666667 
4510.256410256411 4035.8974358974365 4415.384615384616 4504.615384615385 4477.435897435898 4707.179487179488 4319.48717948718 4351.794871794872 4738.461538461539 4054.358974358975 3980.0000000000005 4414.871794871796 4594.358974358975 4210.256410256411 
4510.256410256411 4037.435897435898 4411.282051282052 4503.589743589744 4479.48717948718 4708.717948717949 4321.538461538462 4348.205128205129 4735.8974358974365 4052.820512820513 3981.538461538462 4413.333333333334 4596.923076923077 4205.641025641026 
4509.743589743591 4035.8974358974365 4416.410256410257 4503.589743589744 4477.948717948719 4704.102564102564 4323.076923076924 4349.743589743591 4735.8974358974365 4054.8717948717954 3982.564102564103 4423.076923076924 4593.333333333334 4206.153846153847 
4512.307692307693 4038.9743589743593 4414.871794871796 4503.076923076924 4476.410256410257 4704.102564102564 4322.564102564103 4345.641025641026 4736.410256410257 4057.435897435898 3981.538461538462 4421.538461538462 4595.8974358974365 4209.74358974359 
4509.743589743591 4038.9743589743593 4415.384615384616 4506.153846153847 4474.358974358975 4702.564102564103 4316.923076923077 4344.615384615385 4734.871794871796 4056.9230769230776 3983.076923076924 4421.538461538462 4599.48717948718 4212.307692307693 
4510.256410256411 4037.435897435898 4415.8974358974365 4504.615384615385 4473.846153846154 4702.051282051282 4315.8974358974365 4344.102564102564 4736.923076923077 4055.8974358974365 3986.1538461538466 4422.564102564103 4597.948717948719 4208.205128205129 
4511.282051282052 4036.9230769230776 4415.8974358974365 4501.538461538462 4473.333333333334 4705.128205128206 4316.923076923077 4344.102564102564 4740.512820512821 4055.8974358974365 3987.692307692308 4424.102564102564 4598.461538461539 4207.6923076923085 
4513.333333333334 4037.9487179487182 4414.871794871796 4503.076923076924 4473.333333333334 4706.153846153847 4315.384615384616 4344.102564102564 4740.000000000001 4055.8974358974365 3986.666666666667 4423.589743589744 4603.076923076924 4211.282051282052 
4517.948717948719 4041.538461538462 4414.358974358975 4505.128205128206 4475.384615384616 4706.666666666667 4316.410256410257 4342.051282051282 4738.461538461539 4054.358974358975 3981.0256410256416 4419.48717948718 4601.538461538462 4210.256410256411 
4514.871794871796 4038.461538461539 4418.974358974359 4504.615384615385 4475.384615384616 4706.153846153847 4321.025641025642 4348.717948717949 4741.538461538462 4056.410256410257 3980.0000000000005 4422.051282051282 4596.923076923077 4209.2307692307695 
4512.307692307693 4035.8974358974365 4410.769230769231 4502.051282051282 4475.384615384616 4705.641025641026 4323.589743589744 4344.102564102564 4741.538461538462 4059.48717948718 3982.564102564103 4416.923076923077 4598.974358974359 4207.179487179487 
4512.307692307693 4036.410256410257 4411.794871794872 4505.641025641026 4474.871794871796 4700.512820512821 4319.48717948718 4347.179487179487 4740.512820512821 4056.9230769230776 3984.1025641025644 4417.948717948719 4600.000000000001 4208.717948717949 
4516.923076923077 4041.0256410256416 4409.2307692307695 4503.589743589744 4474.358974358975 4704.615384615386 4319.48717948718 4345.128205128206 4740.000000000001 4054.8717948717954 3981.0256410256416 4411.282051282052 4602.051282051282 4204.102564102564 
4513.333333333334 4036.410256410257 4415.384615384616 4503.589743589744 4472.307692307693 4705.641025641026 4320.512820512821 4347.6923076923085 4740.512820512821 4056.410256410257 3979.48717948718 4418.461538461539 4600.512820512821 4206.666666666667 
4514.358974358975 4037.9487179487182 4408.205128205129 4501.538461538462 4474.358974358975 4707.179487179488 4322.564102564103 4338.974358974359 4740.000000000001 4057.435897435898 3978.9743589743593 4414.871794871796 4598.974358974359 4206.666666666667 
4510.256410256411 4037.9487179487182 4412.820512820514 4506.153846153847 4475.8974358974365 4703.076923076924 4320.000000000001 4344.615384615385 4737.435897435898 4055.8974358974365 3982.0512820512827 4419.48717948718 4598.974358974359 4210.769230769231 
4511.794871794872 4039.48717948718 4411.794871794872 4507.179487179488 4477.435897435898 4706.153846153847 4320.512820512821 4343.589743589744 4735.8974358974365 4056.410256410257 3980.5128205128212 4415.8974358974365 4600.512820512821 4210.769230769231 
4511.794871794872 4036.410256410257 4419.48717948718 4509.2307692307695 4476.923076923077 4704.102564102564 4320.512820512821 4346.153846153847 4736.410256410257 4055.3846153846157 3978.9743589743593 4423.076923076924 4594.358974358975 4213.333333333334 
4512.820512820514 4038.9743589743593 4416.923076923077 4506.666666666667 4476.923076923077 4705.641025641026 4321.025641025642 4345.128205128206 4735.384615384616 4055.3846153846157 3981.0256410256416 4425.128205128206 4592.307692307693 4213.333333333334 
4508.717948717949 4042.0512820512827 4418.974358974359 4513.846153846154 4478.461538461539 4706.666666666667 4323.076923076924 4350.769230769231 4733.846153846154 4053.333333333334 3978.9743589743593 4428.717948717949 4593.333333333334 4219.48717948718 
4512.307692307693 4044.615384615385 4417.435897435898 4515.384615384616 4481.538461538462 4711.282051282052 4328.205128205129 4350.256410256411 4734.871794871796 4050.7692307692314 3972.307692307693 4423.076923076924 4592.307692307693 4222.564102564103 
4513.846153846154 4045.1282051282055 4414.358974358975 4508.717948717949 4483.589743589744 4711.794871794872 4328.205128205129 4349.2307692307695 4734.358974358975 4051.7948717948725 3971.7948717948725 4420.000000000001 4590.769230769231 4218.461538461539 
4513.846153846154 4046.1538461538466 4409.2307692307695 4507.179487179488 4485.641025641026 4712.820512820514 4327.6923076923085 4348.205128205129 4733.846153846154 4054.8717948717954 3970.7692307692314 4416.923076923077 4592.307692307693 4215.8974358974365 
4516.923076923077 4045.6410256410263 4409.743589743591 4513.846153846154 4485.641025641026 4715.8974358974365 4331.794871794872 4348.205128205129 4735.8974358974365 4052.307692307693 3965.1282051282055 4410.256410256411 4592.820512820514 4218.974358974359 
4516.923076923077 4045.1282051282055 4412.307692307693 4515.8974358974365 4486.666666666667 4718.461538461539 4335.8974358974365 4353.333333333334 4735.8974358974365 4049.7435897435903 3961.538461538462 4408.205128205129 4589.743589743591 4218.974358974359 
4515.384615384616 4052.307692307693 4406.153846153847 4513.333333333334 4489.743589743591 4723.076923076924 4336.923076923077 4352.820512820514 4734.871794871796 4052.820512820513 3956.410256410257 4403.589743589744 4584.615384615385 4213.333333333334 
4514.871794871796 4056.410256410257 4405.128205128206 4517.435897435898 4489.743589743591 4725.128205128206 4338.461538461539 4356.410256410257 4735.384615384616 4053.333333333334 3952.820512820513 4399.48717948718 4580.512820512821 4212.307692307693 
4518.974358974359 4057.435897435898 4397.435897435898 4514.358974358975 4492.820512820514 4728.205128205129 4343.076923076924 4354.358974358975 4735.8974358974365 4050.7692307692314 3949.2307692307695 4389.743589743591 4584.102564102564 4209.2307692307695 
4517.435897435898 4053.333333333334 4397.948717948719 4511.282051282052 4494.358974358975 4724.102564102564 4341.025641025642 4360.512820512821 4736.923076923077 4051.2820512820517 3946.1538461538466 4392.307692307693 4583.076923076924 4210.769230769231 
4521.538461538462 4056.9230769230776 4393.333333333334 4510.256410256411 4493.333333333334 4727.179487179488 4342.051282051282 4354.871794871796 4739.48717948718 4053.333333333334 3943.076923076924 4381.538461538462 4580.000000000001 4208.717948717949 
4520.000000000001 4057.435897435898 4398.974358974359 4514.871794871796 4494.871794871796 4728.205128205129 4343.076923076924 4360.512820512821 4741.025641025642 4053.8461538461543 3944.615384615385 4384.102564102564 4576.410256410257 4208.717948717949 
4517.948717948719 4057.435897435898 4392.307692307693 4512.820512820514 4497.948717948719 4731.794871794872 4345.641025641026 4356.923076923077 4737.948717948719 4051.7948717948725 3943.076923076924 4382.051282051282 4575.384615384616 4204.615384615385 
4515.384615384616 4053.333333333334 4396.923076923077 4514.871794871796 4495.384615384616 4729.743589743591 4345.128205128206 4360.512820512821 4736.923076923077 4049.23076923077 3943.076923076924 4386.666666666667 4572.307692307693 4209.2307692307695 
4519.48717948718 4056.9230769230776 4395.384615384616 4513.846153846154 4497.948717948719 4733.333333333334 4346.666666666667 4357.435897435898 4739.48717948718 4051.2820512820517 3945.1282051282055 4380.512820512821 4574.871794871796 4206.153846153847 
4515.8974358974365 4055.8974358974365 4400.512820512821 4516.923076923077 4498.974358974359 4731.794871794872 4347.179487179487 4362.564102564103 4738.974358974359 4052.307692307693 3947.1794871794878 4386.666666666667 4575.384615384616 4204.615384615385 
4516.923076923077 4057.435897435898 4399.48717948718 4516.410256410257 4498.461538461539 4732.307692307693 4347.179487179487 4361.538461538462 4734.871794871796 4050.7692307692314 3945.1282051282055 4387.6923076923085 4573.333333333334 4211.282051282052 
4518.461538461539 4061.538461538462 4404.102564102564 4521.538461538462 4502.051282051282 4733.846153846154 4346.153846153847 4364.102564102564 4733.333333333334 4048.205128205129 3940.5128205128212 4394.358974358975 4572.307692307693 4225.128205128206 
4522.051282051282 4068.205128205129 4401.025641025642 4526.666666666667 4505.641025641026 4737.435897435898 4348.717948717949 4365.128205128206 4733.846153846154 4047.1794871794878 3936.9230769230776 4395.8974358974365 4573.333333333334 4229.74358974359 
4524.615384615385 4067.692307692308 4396.410256410257 4525.128205128206 4502.564102564103 4735.384615384616 4349.2307692307695 4365.641025641026 4731.282051282052 4046.1538461538466 3937.9487179487182 4390.769230769231 4572.820512820514 4228.717948717949 
4524.102564102564 4064.615384615385 4395.8974358974365 4520.000000000001 4502.051282051282 4734.871794871796 4346.153846153847 4368.205128205129 4732.820512820514 4048.717948717949 3938.461538461539 4389.2307692307695 4574.871794871796 4228.205128205129 
4524.102564102564 4067.692307692308 4394.358974358975 4520.000000000001 4504.102564102564 4736.923076923077 4345.641025641026 4368.205128205129 4733.846153846154 4049.7435897435903 3937.435897435898 4388.717948717949 4581.025641025642 4227.6923076923085 
4525.128205128206 4065.1282051282055 4392.820512820514 4517.948717948719 4500.512820512821 4733.333333333334 4344.615384615385 4370.256410256411 4733.333333333334 4049.7435897435903 3940.5128205128212 4387.179487179487 4584.615384615385 4227.6923076923085 
4523.589743589744 4058.9743589743593 4387.179487179487 4509.2307692307695 4495.384615384616 4730.256410256411 4338.974358974359 4363.076923076924 4735.8974358974365 4053.333333333334 3943.076923076924 4379.48717948718 4585.128205128206 4220.000000000001 
4518.974358974359 4052.820512820513 4393.846153846154 4509.743589743591 4491.794871794872 4726.153846153847 4334.871794871796 4362.051282051282 4739.48717948718 4056.410256410257 3947.1794871794878 4386.153846153847 4584.102564102564 4215.8974358974365 
4521.025641025642 4054.358974358975 4395.384615384616 4509.743589743591 4492.307692307693 4726.153846153847 4338.974358974359 4356.410256410257 4737.948717948719 4054.8717948717954 3951.2820512820517 4388.205128205129 4585.128205128206 4214.358974358975 
4514.871794871796 4051.7948717948725 4405.641025641026 4513.846153846154 4492.307692307693 4725.128205128206 4338.461538461539 4362.564102564103 4735.8974358974365 4052.307692307693 3952.820512820513 4398.974358974359 4582.051282051282 4220.512820512821 
4516.410256410257 4055.3846153846157 4402.564102564103 4514.871794871796 4492.307692307693 4729.743589743591 4336.923076923077 4358.974358974359 4734.358974358975 4051.7948717948725 3952.307692307693 4396.410256410257 4581.538461538462 4217.948717948719 
4517.435897435898 4054.8717948717954 4406.153846153847 4516.923076923077 4491.794871794872 4723.589743589744 4334.358974358975 4363.589743589744 4733.846153846154 4049.7435897435903 3957.435897435898 4401.025641025642 4582.051282051282 4219.48717948718 
4516.923076923077 4054.8717948717954 4401.025641025642 4512.820512820514 4493.333333333334 4724.102564102564 4335.8974358974365 4357.948717948719 4733.846153846154 4049.7435897435903 3956.9230769230776 4397.948717948719 4585.128205128206 4221.538461538462 
4514.358974358975 4052.307692307693 4407.179487179487 4516.410256410257 4489.2307692307695 4723.589743589744 4334.358974358975 4359.48717948718 4734.358974358975 4051.2820512820517 3956.9230769230776 4403.076923076924 4585.641025641026 4224.615384615385 
4520.512820512821 4055.8974358974365 4402.564102564103 4515.384615384616 4489.743589743591 4723.076923076924 4333.333333333334 4354.358974358975 4732.820512820514 4050.7692307692314 3959.48717948718 4398.461538461539 4586.153846153847 4220.000000000001 
4516.923076923077 4053.333333333334 4404.102564102564 4514.358974358975 4491.794871794872 4721.025641025642 4330.769230769231 4360.000000000001 4731.794871794872 4049.7435897435903 3961.538461538462 4402.564102564103 4582.051282051282 4218.461538461539 
4512.307692307693 4051.7948717948725 4404.615384615385 4513.846153846154 4491.282051282052 4726.666666666667 4335.384615384616 4359.48717948718 4735.384615384616 4051.7948717948725 3955.8974358974365 4398.974358974359 4578.461538461539 4215.8974358974365 
4513.846153846154 4052.820512820513 4407.6923076923085 4516.923076923077 4492.307692307693 4727.6923076923085 4343.076923076924 4358.461538461539 4738.461538461539 4051.2820512820517 3949.7435897435903 4394.358974358975 4575.384615384616 4214.871794871796 
4517.435897435898 4059.48717948718 4404.102564102564 4521.025641025642 4499.48717948718 4729.743589743591 4347.179487179487 4361.025641025642 4734.871794871796 4047.692307692308 3945.6410256410263 4390.256410256411 4570.256410256411 4215.8974358974365 
4516.410256410257 4065.1282051282055 4402.564102564103 4524.102564102564 4506.666666666667 4736.410256410257 4347.179487179487 4367.179487179487 4731.794871794872 4046.666666666667 3940.0000000000005 4391.282051282052 4565.641025641026 4218.461538461539 
4518.461538461539 4066.1538461538466 4402.564102564103 4525.128205128206 4504.102564102564 4740.512820512821 4347.179487179487 4370.769230769231 4734.358974358975 4047.692307692308 3935.8974358974365 4392.307692307693 4568.205128205129 4223.589743589744 
4523.076923076924 4065.1282051282055 4397.435897435898 4521.538461538462 4500.000000000001 4738.461538461539 4344.615384615385 4365.641025641026 4734.358974358975 4048.205128205129 3939.48717948718 4388.205128205129 4576.923076923077 4228.205128205129 
4523.076923076924 4064.615384615385 4398.974358974359 4516.923076923077 4498.461538461539 4732.307692307693 4337.948717948719 4368.717948717949 4734.358974358975 4049.7435897435903 3945.6410256410263 4391.282051282052 4585.641025641026 4230.769230769231 
4524.615384615385 4066.666666666667 4395.384615384616 4513.846153846154 4497.948717948719 4732.307692307693 4336.923076923077 4364.615384615385 4736.923076923077 4051.7948717948725 3944.615384615385 4389.743589743591 4591.282051282052 4227.179487179487 
4525.128205128206 4062.564102564103 4397.435897435898 4518.461538461539 4493.846153846154 4729.743589743591 4335.8974358974365 4366.153846153847 4737.435897435898 4051.7948717948725 3946.666666666667 4395.384615384616 4590.769230769231 4230.256410256411 
4527.6923076923085 4063.589743589744 4392.820512820514 4517.948717948719 4493.846153846154 4730.256410256411 4335.384615384616 4360.512820512821 4736.410256410257 4051.2820512820517 3949.2307692307695 4389.743589743591 4591.282051282052 4231.282051282052 
