4518.461538461539 4040.5128205128212 4383.589743589744 4515.8974358974365 4501.025641025642 4733.846153846154 4325.641025641026 4385.128205128206 4735.8974358974365 4044.1025641025644 3913.333333333334 4249.2307692307695 4593.846153846154 4391.794871794872 
4515.384615384616 4040.0000000000005 4383.589743589744 4512.820512820514 4500.512820512821 4733.846153846154 4326.666666666667 4386.153846153847 4737.435897435898 4046.666666666667 3914.358974358975 4249.2307692307695 4594.871794871796 4391.282051282052 
4516.410256410257 4038.9743589743593 4381.025641025642 4512.820512820514 4498.974358974359 4733.846153846154 4319.48717948718 4385.128205128206 4738.461538461539 4045.1282051282055 3914.358974358975 4249.2307692307695 4594.358974358975 4393.333333333334 
4518.974358974359 4042.564102564103 4382.564102564103 4516.923076923077 4498.974358974359 4735.384615384616 4316.923076923077 4382.564102564103 4740.000000000001 4044.1025641025644 3912.820512820513 4248.205128205129 4591.794871794872 4395.8974358974365 
4516.410256410257 4046.1538461538466 4385.128205128206 4520.512820512821 4498.461538461539 4736.410256410257 4320.512820512821 4381.538461538462 4738.974358974359 4045.1282051282055 3913.333333333334 4248.205128205129 4591.794871794872 4395.384615384616 
4518.461538461539 4047.692307692308 4387.6923076923085 4521.025641025642 4498.461538461539 4734.358974358975 4319.48717948718 4381.538461538462 4734.358974358975 4043.589743589744 3913.333333333334 4249.74358974359 4592.820512820514 4395.384615384616 
4524.102564102564 4045.6410256410263 4392.307692307693 4519.48717948718 4499.48717948718 4732.307692307693 4319.48717948718 4381.538461538462 4733.846153846154 4043.076923076924 3911.2820512820517 4249.2307692307695 4591.794871794872 4396.410256410257 
4523.589743589744 4044.615384615385 4396.410256410257 4521.025641025642 4498.974358974359 4732.820512820514 4320.512820512821 4380.000000000001 4735.8974358974365 4043.076923076924 3912.820512820513 4248.205128205129 4592.820512820514 4395.8974358974365 
4520.000000000001 4047.692307692308 4396.410256410257 4523.589743589744 4498.974358974359 4732.307692307693 4316.923076923077 4380.000000000001 4735.8974358974365 4040.5128205128212 3914.8717948717954 4248.717948717949 4595.384615384616 4394.871794871796 
4523.076923076924 4048.717948717949 4395.384615384616 4523.076923076924 4501.025641025642 4732.307692307693 4318.461538461539 4379.48717948718 4732.307692307693 4041.0256410256416 3912.307692307693 4249.74358974359 4595.384615384616 4396.410256410257 
4525.641025641026 4044.1025641025644 4394.871794871796 4520.000000000001 4499.48717948718 4733.333333333334 4322.564102564103 4380.000000000001 4731.282051282052 4045.6410256410263 3913.333333333334 4248.205128205129 4593.333333333334 4396.923076923077 
4523.076923076924 4043.076923076924 4397.948717948719 4520.000000000001 4495.384615384616 4732.820512820514 4320.512820512821 4380.512820512821 4735.8974358974365 4044.615384615385 3916.410256410257 4247.6923076923085 4593.846153846154 4395.384615384616 
4523.589743589744 4046.1538461538466 4398.974358974359 4520.512820512821 4495.384615384616 4730.769230769231 4321.538461538462 4379.48717948718 4737.435897435898 4042.0512820512827 3914.8717948717954 4249.74358974359 4595.8974358974365 4393.333333333334 
4525.128205128206 4042.564102564103 4395.384615384616 4517.435897435898 4497.435897435898 4731.794871794872 4323.589743589744 4382.051282051282 4734.871794871796 4044.1025641025644 3912.820512820513 4250.256410256411 4594.871794871796 4393.333333333334 
4522.564102564103 4040.0000000000005 4393.333333333334 4516.410256410257 4497.435897435898 4732.820512820514 4320.512820512821 4384.102564102564 4737.435897435898 4046.1538461538466 3913.8461538461543 4250.256410256411 4593.846153846154 4394.871794871796 
4520.512820512821 4042.564102564103 4391.794871794872 4515.8974358974365 4496.410256410257 4732.307692307693 4321.538461538462 4383.589743589744 4740.512820512821 4044.615384615385 3915.3846153846157 4249.74358974359 4596.410256410257 4394.871794871796 
4522.051282051282 4044.1025641025644 4387.6923076923085 4512.820512820514 4497.435897435898 4731.282051282052 4324.615384615385 4384.615384615385 4737.948717948719 4043.589743589744 3914.358974358975 4249.2307692307695 4597.948717948719 4393.333333333334 
4522.564102564103 4042.564102564103 4387.179487179487 4514.358974358975 4497.435897435898 4732.820512820514 4321.025641025642 4386.153846153847 4736.410256410257 4044.615384615385 3912.820512820513 4248.717948717949 4595.8974358974365 4394.358974358975 
4523.076923076924 4044.1025641025644 4389.743589743591 4520.512820512821 4497.948717948719 4733.846153846154 4320.000000000001 4381.538461538462 4737.435897435898 4044.615384615385 3913.8461538461543 4249.74358974359 4593.846153846154 4397.435897435898 
4522.051282051282 4045.1282051282055 4389.743589743591 4520.512820512821 4496.923076923077 4733.846153846154 4321.538461538462 4380.512820512821 4737.435897435898 4043.076923076924 3913.8461538461543 4249.2307692307695 4594.358974358975 4394.358974358975 
4523.076923076924 4044.615384615385 4391.794871794872 4519.48717948718 4497.948717948719 4733.846153846154 4322.564102564103 4383.076923076924 4735.384615384616 4041.538461538462 3912.820512820513 4248.205128205129 4595.384615384616 4390.769230769231 
4524.102564102564 4044.1025641025644 4391.282051282052 4521.538461538462 4501.538461538462 4733.846153846154 4323.076923076924 4383.076923076924 4734.871794871796 4043.076923076924 3912.820512820513 4249.74358974359 4594.358974358975 4394.871794871796 
4524.615384615385 4046.666666666667 4388.205128205129 4520.512820512821 4499.48717948718 4734.358974358975 4323.076923076924 4385.128205128206 4736.923076923077 4043.076923076924 3913.333333333334 4250.256410256411 4593.333333333334 4396.410256410257 
4523.076923076924 4046.1538461538466 4390.256410256411 4516.410256410257 4497.435897435898 4733.846153846154 4321.025641025642 4385.128205128206 4736.923076923077 4043.076923076924 3912.307692307693 4248.717948717949 4595.384615384616 4390.769230769231 
4521.025641025642 4042.0512820512827 4391.282051282052 4518.461538461539 4501.025641025642 4733.333333333334 4317.948717948719 4382.564102564103 4735.8974358974365 4045.1282051282055 3912.820512820513 4248.717948717949 4597.435897435898 4391.794871794872 
4517.948717948719 4043.076923076924 4388.205128205129 4519.48717948718 4501.538461538462 4733.333333333334 4321.025641025642 4383.589743589744 4736.923076923077 4045.1282051282055 3913.8461538461543 4249.74358974359 4594.871794871796 4395.8974358974365 
4518.974358974359 4044.615384615385 4386.666666666667 4515.384615384616 4495.8974358974365 4733.846153846154 4324.615384615385 4386.666666666667 4737.948717948719 4043.589743589744 3913.8461538461543 4248.717948717949 4592.820512820514 4394.871794871796 
4520.512820512821 4041.538461538462 4385.128205128206 4514.871794871796 4494.871794871796 4733.333333333334 4323.589743589744 4385.128205128206 4736.410256410257 4044.615384615385 3912.820512820513 4247.6923076923085 4594.358974358975 4392.820512820514 
4517.435897435898 4039.48717948718 4383.076923076924 4515.8974358974365 4496.923076923077 4732.307692307693 4322.564102564103 4384.615384615385 4735.8974358974365 4045.6410256410263 3915.8974358974365 4249.74358974359 4594.871794871796 4393.333333333334 
4517.948717948719 4042.564102564103 4385.641025641026 4514.358974358975 4497.435897435898 4732.820512820514 4324.102564102564 4386.153846153847 4737.948717948719 4042.564102564103 3916.9230769230776 4250.256410256411 4593.846153846154 4393.846153846154 
4519.48717948718 4041.538461538462 4386.666666666667 4512.820512820514 4498.974358974359 4734.358974358975 4325.128205128206 4385.641025641026 4740.512820512821 4041.538461538462 3915.3846153846157 4248.205128205129 4593.846153846154 4395.384615384616 
4519.48717948718 4039.48717948718 4383.589743589744 4515.8974358974365 4498.974358974359 4733.846153846154 4324.615384615385 4384.615384615385 4740.512820512821 4044.1025641025644 3916.410256410257 4247.179487179487 4594.358974358975 4394.871794871796 
4518.974358974359 4038.9743589743593 4383.076923076924 4515.8974358974365 4497.435897435898 4732.307692307693 4323.076923076924 4384.615384615385 4737.948717948719 4044.615384615385 3915.3846153846157 4249.2307692307695 4594.358974358975 4392.820512820514 
4518.974358974359 4040.0000000000005 4386.666666666667 4513.846153846154 4499.48717948718 4732.820512820514 4321.025641025642 4384.102564102564 4735.8974358974365 4043.589743589744 3912.307692307693 4249.2307692307695 4594.358974358975 4392.820512820514 
4516.923076923077 4043.076923076924 4388.205128205129 4515.384615384616 4501.538461538462 4733.846153846154 4322.051282051282 4383.076923076924 4736.410256410257 4044.615384615385 3912.307692307693 4247.6923076923085 4594.358974358975 4393.333333333334 
4517.948717948719 4045.6410256410263 4387.179487179487 4519.48717948718 4500.512820512821 4733.846153846154 4325.128205128206 4381.025641025642 4735.384615384616 4045.1282051282055 3913.8461538461543 4248.717948717949 4593.333333333334 4392.820512820514 
4517.435897435898 4044.1025641025644 4385.128205128206 4518.974358974359 4501.538461538462 4733.846153846154 4322.051282051282 4382.051282051282 4735.384615384616 4043.076923076924 3912.307692307693 4249.74358974359 4591.794871794872 4392.820512820514 
4516.923076923077 4042.0512820512827 4388.717948717949 4515.8974358974365 4502.564102564103 4733.333333333334 4319.48717948718 4382.564102564103 4735.8974358974365 4043.076923076924 3911.7948717948725 4249.2307692307695 4591.794871794872 4393.846153846154 
4517.948717948719 4043.076923076924 4388.717948717949 4515.384615384616 4501.538461538462 4732.820512820514 4323.076923076924 4383.589743589744 4734.871794871796 4045.1282051282055 3912.307692307693 4248.717948717949 4592.307692307693 4391.794871794872 
4518.974358974359 4045.1282051282055 4388.205128205129 4520.000000000001 4498.461538461539 4732.820512820514 4325.641025641026 4384.615384615385 4734.358974358975 4044.1025641025644 3913.333333333334 4249.2307692307695 4591.794871794872 4391.282051282052 
4520.512820512821 4044.615384615385 4392.307692307693 4522.564102564103 4497.435897435898 4733.846153846154 4323.589743589744 4385.128205128206 4736.410256410257 4043.076923076924 3913.8461538461543 4248.717948717949 4591.282051282052 4392.820512820514 
4523.076923076924 4046.666666666667 4394.358974358975 4520.000000000001 4498.461538461539 4733.333333333334 4322.564102564103 4383.076923076924 4737.435897435898 4041.538461538462 3912.820512820513 4248.205128205129 4593.333333333334 4392.820512820514 
4523.076923076924 4047.1794871794878 4392.820512820514 4516.410256410257 4499.48717948718 4733.846153846154 4323.589743589744 4380.512820512821 4736.923076923077 4040.5128205128212 3912.820512820513 4249.2307692307695 4593.846153846154 4391.794871794872 
4522.051282051282 4044.615384615385 4393.333333333334 4518.461538461539 4500.000000000001 4733.846153846154 4324.102564102564 4380.000000000001 4735.8974358974365 4043.076923076924 3912.820512820513 4249.74358974359 4591.794871794872 4392.307692307693 
4522.051282051282 4042.564102564103 4393.333333333334 4518.974358974359 4500.512820512821 4733.333333333334 4323.076923076924 4380.000000000001 4733.846153846154 4042.564102564103 3913.333333333334 4250.769230769231 4591.282051282052 4392.820512820514 
4521.538461538462 4042.564102564103 4391.794871794872 4518.461538461539 4497.948717948719 4733.846153846154 4320.000000000001 4380.512820512821 4734.358974358975 4040.0000000000005 3913.8461538461543 4251.282051282052 4593.846153846154 4393.333333333334 
4522.564102564103 4044.1025641025644 4393.846153846154 4519.48717948718 4495.8974358974365 4733.846153846154 4321.538461538462 4381.538461538462 4735.8974358974365 4041.0256410256416 3913.333333333334 4249.74358974359 4592.820512820514 4393.846153846154 
4524.615384615385 4043.076923076924 4392.307692307693 4518.974358974359 4497.948717948719 4732.307692307693 4324.615384615385 4381.538461538462 4735.384615384616 4042.564102564103 3912.307692307693 4249.2307692307695 4590.769230769231 4392.820512820514 
4524.615384615385 4042.0512820512827 4392.307692307693 4520.000000000001 4497.948717948719 4733.333333333334 4324.102564102564 4382.564102564103 4734.871794871796 4041.538461538462 3913.8461538461543 4250.256410256411 4593.846153846154 4390.769230769231 
4523.076923076924 4041.0256410256416 4394.358974358975 4520.512820512821 4496.923076923077 4734.871794871796 4322.051282051282 4383.589743589744 4737.435897435898 4044.615384615385 3913.8461538461543 4250.256410256411 4595.8974358974365 4390.256410256411 
4523.076923076924 4042.0512820512827 4392.820512820514 4516.410256410257 4500.512820512821 4733.333333333334 4323.589743589744 4381.538461538462 4738.461538461539 4046.666666666667 3912.307692307693 4248.717948717949 4594.358974358975 4392.307692307693 
4521.538461538462 4041.538461538462 4391.794871794872 4514.358974358975 4500.000000000001 4732.307692307693 4321.538461538462 4381.025641025642 4737.948717948719 4041.0256410256416 3912.307692307693 4248.717948717949 4593.846153846154 4391.794871794872 
4519.48717948718 4039.48717948718 4393.846153846154 4519.48717948718 4496.923076923077 4732.307692307693 4316.923076923077 4383.589743589744 4735.8974358974365 4040.5128205128212 3913.8461538461543 4249.2307692307695 4594.358974358975 4391.282051282052 
4519.48717948718 4039.48717948718 4392.307692307693 4520.000000000001 4497.435897435898 4732.820512820514 4322.051282051282 4385.128205128206 4735.8974358974365 4045.1282051282055 3913.8461538461543 4249.2307692307695 4592.820512820514 4394.358974358975 
4522.564102564103 4042.0512820512827 4391.282051282052 4516.410256410257 4499.48717948718 4733.846153846154 4329.743589743591 4383.589743589744 4737.948717948719 4044.1025641025644 3912.820512820513 4248.717948717949 4591.282051282052 4395.384615384616 
4522.564102564103 4043.076923076924 4389.2307692307695 4515.8974358974365 4498.974358974359 4733.333333333334 4325.641025641026 4384.615384615385 4739.48717948718 4042.564102564103 3913.333333333334 4248.717948717949 4592.820512820514 4392.820512820514 
4520.000000000001 4042.0512820512827 4387.179487179487 4515.8974358974365 4498.974358974359 4733.333333333334 4320.512820512821 4385.641025641026 4737.435897435898 4045.6410256410263 3914.358974358975 4251.794871794872 4595.8974358974365 4392.820512820514 
4519.48717948718 4042.0512820512827 4387.6923076923085 4515.384615384616 4499.48717948718 4733.846153846154 4324.102564102564 4384.102564102564 4735.8974358974365 4046.666666666667 3913.8461538461543 4251.282051282052 4597.435897435898 4393.333333333334 
4523.076923076924 4042.564102564103 4389.2307692307695 4515.384615384616 4500.000000000001 4732.820512820514 4325.128205128206 4383.589743589744 4737.948717948719 4044.1025641025644 3912.820512820513 4248.205128205129 4594.871794871796 4392.820512820514 
4523.076923076924 4040.0000000000005 4388.717948717949 4517.435897435898 4498.974358974359 4732.307692307693 4324.102564102564 4385.128205128206 4737.948717948719 4043.589743589744 3913.333333333334 4249.2307692307695 4593.333333333334 4394.871794871796 
4518.974358974359 4040.0000000000005 4389.2307692307695 4517.435897435898 4497.435897435898 4733.333333333334 4325.641025641026 4386.666666666667 4735.8974358974365 4044.615384615385 3913.333333333334 4250.769230769231 4595.384615384616 4395.8974358974365 
4516.410256410257 4042.564102564103 4386.666666666667 4515.8974358974365 4498.461538461539 4733.333333333334 4324.102564102564 4387.6923076923085 4736.410256410257 4044.615384615385 3912.820512820513 4249.2307692307695 4597.435897435898 4392.307692307693 
4517.948717948719 4041.538461538462 4384.615384615385 4513.846153846154 4498.974358974359 4732.820512820514 4322.051282051282 4385.128205128206 4737.948717948719 4044.615384615385 3913.8461538461543 4248.205128205129 4596.923076923077 4390.256410256411 
4518.974358974359 4039.48717948718 4387.6923076923085 4512.820512820514 4500.000000000001 4733.333333333334 4323.076923076924 4381.538461538462 4737.435897435898 4044.615384615385 3914.8717948717954 4248.717948717949 4594.871794871796 4391.794871794872 
4518.461538461539 4040.5128205128212 4390.256410256411 4513.333333333334 4497.435897435898 4733.333333333334 4323.076923076924 4381.538461538462 4736.923076923077 4044.1025641025644 3913.333333333334 4249.2307692307695 4593.846153846154 4393.846153846154 
4520.512820512821 4042.0512820512827 4389.743589743591 4515.8974358974365 4490.769230769231 4732.820512820514 4322.051282051282 4384.102564102564 4738.461538461539 4043.589743589744 3912.307692307693 4249.74358974359 4594.871794871796 4393.846153846154 
4521.025641025642 4040.5128205128212 4385.641025641026 4515.8974358974365 4493.333333333334 4732.307692307693 4322.564102564103 4385.128205128206 4737.948717948719 4043.589743589744 3913.8461538461543 4249.2307692307695 4594.358974358975 4392.820512820514 
4520.000000000001 4039.48717948718 4385.641025641026 4512.820512820514 4500.000000000001 4731.794871794872 4324.102564102564 4383.589743589744 4734.871794871796 4042.0512820512827 3913.8461538461543 4248.717948717949 4593.846153846154 4392.307692307693 
4520.000000000001 4039.48717948718 4391.794871794872 4514.871794871796 4496.410256410257 4731.794871794872 4325.128205128206 4381.538461538462 4735.8974358974365 4039.48717948718 3912.307692307693 4250.256410256411 4594.871794871796 4391.282051282052 
4521.538461538462 4042.0512820512827 4394.871794871796 4519.48717948718 4493.846153846154 4732.307692307693 4325.128205128206 4381.538461538462 4737.435897435898 4041.538461538462 3912.820512820513 4250.256410256411 4594.358974358975 4391.794871794872 
4519.48717948718 4043.589743589744 4391.794871794872 4519.48717948718 4497.948717948719 4732.307692307693 4323.076923076924 4383.076923076924 4736.923076923077 4045.1282051282055 3913.8461538461543 4248.717948717949 4593.333333333334 4393.333333333334 
4521.538461538462 4041.538461538462 4391.794871794872 4520.000000000001 4499.48717948718 4732.307692307693 4320.512820512821 4382.564102564103 4734.358974358975 4043.076923076924 3914.358974358975 4250.256410256411 4594.358974358975 4393.846153846154 
4523.589743589744 4041.0256410256416 4392.820512820514 4520.512820512821 4501.538461538462 4731.794871794872 4320.000000000001 4381.025641025642 4735.8974358974365 4040.0000000000005 3912.820512820513 4251.794871794872 4592.820512820514 4393.846153846154 
4520.512820512821 4045.1282051282055 4388.717948717949 4518.461538461539 4503.076923076924 4732.307692307693 4317.948717948719 4380.512820512821 4737.435897435898 4042.0512820512827 3912.820512820513 4250.256410256411 4592.307692307693 4394.358974358975 
4519.48717948718 4043.076923076924 4387.6923076923085 4515.384615384616 4497.948717948719 4732.820512820514 4315.384615384616 4380.000000000001 4736.410256410257 4043.076923076924 3912.820512820513 4249.2307692307695 4593.846153846154 4393.846153846154 
4522.051282051282 4040.0000000000005 4390.769230769231 4517.948717948719 4495.384615384616 4733.333333333334 4317.435897435898 4379.48717948718 4735.384615384616 4041.538461538462 3912.307692307693 4249.74358974359 4594.358974358975 4392.820512820514 
4523.076923076924 4043.076923076924 4390.256410256411 4521.025641025642 4499.48717948718 4733.846153846154 4323.076923076924 4380.000000000001 4734.358974358975 4043.589743589744 3912.820512820513 4248.717948717949 4592.307692307693 4393.333333333334 
4520.512820512821 4044.1025641025644 4388.205128205129 4519.48717948718 4500.000000000001 4733.846153846154 4325.128205128206 4382.564102564103 4734.358974358975 4044.615384615385 3913.333333333334 4248.717948717949 4591.794871794872 4393.846153846154 
4519.48717948718 4041.538461538462 4390.256410256411 4519.48717948718 4498.461538461539 4733.333333333334 4327.6923076923085 4383.589743589744 4736.410256410257 4042.564102564103 3911.2820512820517 4250.256410256411 4595.384615384616 4394.358974358975 
4520.000000000001 4041.538461538462 4393.846153846154 4518.974358974359 4499.48717948718 4732.820512820514 4329.743589743591 4384.102564102564 4738.974358974359 4043.589743589744 3911.7948717948725 4248.717948717949 4596.410256410257 4393.333333333334 
4522.564102564103 4043.076923076924 4393.333333333334 4517.435897435898 4499.48717948718 4732.820512820514 4327.179487179487 4384.102564102564 4737.435897435898 4045.1282051282055 3913.8461538461543 4249.2307692307695 4594.871794871796 4391.282051282052 
4521.025641025642 4041.0256410256416 4388.717948717949 4516.410256410257 4497.948717948719 4732.820512820514 4323.076923076924 4385.128205128206 4736.923076923077 4044.615384615385 3914.358974358975 4250.769230769231 4594.871794871796 4391.794871794872 
4518.461538461539 4039.48717948718 4386.666666666667 4516.410256410257 4497.435897435898 4732.820512820514 4324.615384615385 4384.615384615385 4738.461538461539 4043.589743589744 3913.8461538461543 4249.74358974359 4594.871794871796 4393.333333333334 
4518.461538461539 4039.48717948718 4386.666666666667 4515.384615384616 4496.923076923077 4732.820512820514 4323.076923076924 4384.615384615385 4737.435897435898 4043.076923076924 3913.8461538461543 4248.717948717949 4592.820512820514 4392.307692307693 
4520.000000000001 4040.5128205128212 4387.6923076923085 4515.384615384616 4498.974358974359 4732.820512820514 4316.410256410257 4385.641025641026 4736.923076923077 4043.589743589744 3912.820512820513 4249.74358974359 4592.307692307693 4393.333333333334 
4517.948717948719 4041.0256410256416 4386.153846153847 4516.923076923077 4500.000000000001 4734.358974358975 4315.384615384616 4386.153846153847 4738.461538461539 4042.564102564103 3912.307692307693 4249.74358974359 4590.769230769231 4393.333333333334 
4517.948717948719 4041.0256410256416 4386.666666666667 4516.410256410257 4499.48717948718 4734.871794871796 4321.025641025642 4381.538461538462 4737.948717948719 4042.564102564103 3912.820512820513 4249.2307692307695 4589.743589743591 4391.282051282052 
4520.000000000001 4042.564102564103 4388.717948717949 4516.410256410257 4502.051282051282 4734.871794871796 4325.641025641026 4380.000000000001 4736.923076923077 4043.076923076924 3913.333333333334 4249.74358974359 4593.333333333334 4391.794871794872 
4523.076923076924 4045.6410256410263 4389.743589743591 4519.48717948718 4503.076923076924 4734.871794871796 4326.153846153847 4382.051282051282 4736.410256410257 4043.589743589744 3913.8461538461543 4248.717948717949 4594.871794871796 4392.820512820514 
4522.051282051282 4044.615384615385 4392.820512820514 4521.538461538462 4498.461538461539 4734.358974358975 4326.153846153847 4381.538461538462 4736.923076923077 4042.0512820512827 3913.8461538461543 4247.179487179487 4594.358974358975 4392.307692307693 
4519.48717948718 4045.6410256410263 4394.358974358975 4522.564102564103 4496.410256410257 4733.846153846154 4329.2307692307695 4382.564102564103 4736.923076923077 4042.564102564103 3912.820512820513 4247.6923076923085 4595.384615384616 4392.307692307693 
4520.512820512821 4045.6410256410263 4393.333333333334 4520.512820512821 4499.48717948718 4734.358974358975 4328.717948717949 4385.641025641026 4736.410256410257 4044.1025641025644 3912.307692307693 4249.74358974359 4594.358974358975 4391.282051282052 
4523.589743589744 4043.076923076924 4392.307692307693 4520.000000000001 4500.000000000001 4734.871794871796 4323.076923076924 4384.615384615385 4735.384615384616 4044.615384615385 3912.820512820513 4249.2307692307695 4592.307692307693 4391.794871794872 
4523.589743589744 4041.0256410256416 4390.256410256411 4519.48717948718 4498.461538461539 4733.846153846154 4319.48717948718 4382.564102564103 4734.358974358975 4044.1025641025644 3913.333333333334 4248.205128205129 4593.846153846154 4395.384615384616 
4518.974358974359 4040.5128205128212 4386.666666666667 4519.48717948718 4498.974358974359 4731.794871794872 4317.948717948719 4383.076923076924 4735.8974358974365 4041.538461538462 3912.307692307693 4250.256410256411 4594.358974358975 4395.8974358974365 
4519.48717948718 4040.5128205128212 4388.717948717949 4518.974358974359 4499.48717948718 4731.794871794872 4313.333333333334 4381.025641025642 4736.923076923077 4042.564102564103 3911.2820512820517 4252.307692307693 4591.282051282052 4391.794871794872 
4522.564102564103 4043.076923076924 4392.820512820514 4520.000000000001 4499.48717948718 4733.333333333334 4314.358974358975 4378.974358974359 4735.8974358974365 4045.1282051282055 3911.7948717948725 4250.769230769231 4590.256410256411 4391.282051282052 
4524.102564102564 4045.6410256410263 4393.846153846154 4522.564102564103 4498.461538461539 4733.333333333334 4321.025641025642 4382.051282051282 4735.384615384616 4044.1025641025644 3911.7948717948725 4249.2307692307695 4592.820512820514 4394.871794871796 
4522.051282051282 4043.589743589744 4394.358974358975 4520.512820512821 4495.8974358974365 4732.820512820514 4322.564102564103 4384.615384615385 4736.923076923077 4042.564102564103 3912.820512820513 4250.256410256411 4594.871794871796 4394.871794871796 
4520.512820512821 4046.1538461538466 4394.871794871796 4517.948717948719 4493.333333333334 4733.333333333334 4322.051282051282 4382.564102564103 4735.8974358974365 4041.0256410256416 3914.358974358975 4249.74358974359 4595.384615384616 4391.794871794872 
4521.538461538462 4045.6410256410263 4392.307692307693 4518.461538461539 4492.820512820514 4733.333333333334 4323.076923076924 4381.025641025642 4733.333333333334 4041.0256410256416 3914.358974358975 4248.717948717949 4595.384615384616 4389.743589743591 
4523.589743589744 4040.5128205128212 4392.820512820514 4520.000000000001 4495.8974358974365 4732.820512820514 4322.564102564103 4383.076923076924 4733.846153846154 4042.0512820512827 3913.333333333334 4248.717948717949 4595.8974358974365 4391.282051282052 
4524.615384615385 4041.0256410256416 4390.256410256411 4519.48717948718 4495.384615384616 4732.820512820514 4322.564102564103 4384.615384615385 4736.410256410257 4043.076923076924 3913.333333333334 4248.205128205129 4593.846153846154 4391.794871794872 
4525.641025641026 4044.1025641025644 4386.153846153847 4518.461538461539 4494.871794871796 4733.333333333334 4322.564102564103 4382.564102564103 4737.948717948719 4044.615384615385 3912.820512820513 4248.717948717949 4592.307692307693 4393.333333333334 
4521.025641025642 4040.0000000000005 4384.615384615385 4518.461538461539 4497.948717948719 4732.307692307693 4321.025641025642 4383.589743589744 4736.923076923077 4045.1282051282055 3912.307692307693 4249.2307692307695 4593.333333333334 4394.871794871796 
4516.410256410257 4041.0256410256416 4383.589743589744 4517.435897435898 4501.025641025642 4731.794871794872 4319.48717948718 4384.615384615385 4735.8974358974365 4043.589743589744 3914.358974358975 4248.717948717949 4595.384615384616 4394.358974358975 
4518.461538461539 4046.666666666667 4382.051282051282 4515.8974358974365 4498.974358974359 4733.333333333334 4321.025641025642 4382.564102564103 4735.8974358974365 4044.1025641025644 3914.358974358975 4250.769230769231 4594.871794871796 4394.871794871796 
4522.564102564103 4044.615384615385 4386.666666666667 4516.923076923077 4496.410256410257 4735.384615384616 4322.564102564103 4383.076923076924 4736.410256410257 4045.1282051282055 3912.820512820513 4253.846153846154 4592.820512820514 4395.8974358974365 
4520.512820512821 4043.589743589744 4391.282051282052 4520.000000000001 4497.948717948719 4733.846153846154 4325.641025641026 4383.589743589744 4737.435897435898 4043.589743589744 3913.333333333334 4250.769230769231 4591.794871794872 4394.871794871796 
4521.025641025642 4045.6410256410263 4389.2307692307695 4520.000000000001 4502.051282051282 4733.333333333334 4328.717948717949 4382.564102564103 4737.948717948719 4042.564102564103 3913.8461538461543 4247.179487179487 4591.794871794872 4392.820512820514 
4525.128205128206 4044.1025641025644 4389.743589743591 4515.8974358974365 4503.589743589744 4734.871794871796 4326.666666666667 4382.051282051282 4737.948717948719 4043.076923076924 3913.333333333334 4248.717948717949 4592.820512820514 4392.820512820514 
4523.589743589744 4043.076923076924 4391.794871794872 4518.461538461539 4498.461538461539 4734.358974358975 4324.102564102564 4381.538461538462 4737.948717948719 4043.076923076924 3912.820512820513 4249.74358974359 4594.358974358975 4392.307692307693 
4523.076923076924 4047.692307692308 4390.769230769231 4523.589743589744 4492.820512820514 4732.820512820514 4326.153846153847 4380.512820512821 4737.435897435898 4042.564102564103 3911.7948717948725 4249.74358974359 4594.871794871796 4392.307692307693 
4524.102564102564 4048.717948717949 4389.743589743591 4522.564102564103 4494.871794871796 4733.846153846154 4325.641025641026 4383.589743589744 4739.48717948718 4044.615384615385 3911.2820512820517 4248.717948717949 4595.8974358974365 4394.358974358975 
4523.076923076924 4045.6410256410263 4389.2307692307695 4519.48717948718 4500.000000000001 4734.871794871796 4321.538461538462 4385.128205128206 4738.974358974359 4044.615384615385 3914.358974358975 4247.6923076923085 4595.8974358974365 4396.410256410257 
4520.512820512821 4042.0512820512827 4385.641025641026 4517.435897435898 4498.974358974359 4733.333333333334 4320.512820512821 4384.102564102564 4735.8974358974365 4043.076923076924 3915.3846153846157 4249.2307692307695 4593.333333333334 4394.358974358975 
4520.000000000001 4040.0000000000005 4386.153846153847 4515.384615384616 4497.435897435898 4732.307692307693 4321.025641025642 4384.102564102564 4733.846153846154 4042.564102564103 3911.2820512820517 4250.769230769231 4592.820512820514 4391.282051282052 
4517.948717948719 4039.48717948718 4388.717948717949 4515.384615384616 4501.025641025642 4732.307692307693 4320.512820512821 4386.153846153847 4735.384615384616 4043.589743589744 3910.2564102564106 4250.256410256411 4594.358974358975 4390.769230769231 
4518.974358974359 4038.461538461539 4386.666666666667 4516.410256410257 4502.051282051282 4732.820512820514 4320.512820512821 4385.128205128206 4735.8974358974365 4044.1025641025644 3914.8717948717954 4249.2307692307695 4595.384615384616 4391.282051282052 
4521.538461538462 4040.0000000000005 4385.641025641026 4514.871794871796 4496.923076923077 4733.846153846154 4321.025641025642 4383.076923076924 4736.410256410257 4044.1025641025644 3914.8717948717954 4249.2307692307695 4593.333333333334 4392.307692307693 
4521.538461538462 4045.6410256410263 4386.666666666667 4516.410256410257 4494.358974358975 4733.333333333334 4322.051282051282 4384.102564102564 4736.923076923077 4045.1282051282055 3912.307692307693 4248.717948717949 4592.820512820514 4394.358974358975 
4520.512820512821 4045.1282051282055 4388.205128205129 4518.461538461539 4496.923076923077 4731.794871794872 4325.128205128206 4385.128205128206 4737.948717948719 4044.1025641025644 3912.307692307693 4248.717948717949 4594.871794871796 4392.307692307693 
4523.076923076924 4041.0256410256416 4389.2307692307695 4516.410256410257 4495.8974358974365 4733.846153846154 4326.666666666667 4384.615384615385 4736.410256410257 4042.564102564103 3913.333333333334 4249.74358974359 4595.384615384616 4390.256410256411 
4522.564102564103 4041.538461538462 4387.179487179487 4515.384615384616 4493.333333333334 4733.846153846154 4325.641025641026 4385.641025641026 4735.384615384616 4043.589743589744 3913.333333333334 4249.74358974359 4592.307692307693 4391.794871794872 
4518.974358974359 4041.538461538462 4386.153846153847 4515.384615384616 4497.435897435898 4730.256410256411 4322.564102564103 4387.179487179487 4737.435897435898 4044.1025641025644 3913.8461538461543 4249.2307692307695 4592.307692307693 4390.256410256411 
4516.410256410257 4039.48717948718 4387.179487179487 4515.384615384616 4502.051282051282 4730.256410256411 4320.000000000001 4385.641025641026 4737.948717948719 4043.076923076924 3913.333333333334 4249.74358974359 4594.358974358975 4388.205128205129 
4518.461538461539 4040.0000000000005 4384.615384615385 4514.871794871796 4499.48717948718 4732.820512820514 4319.48717948718 4384.102564102564 4737.948717948719 4043.076923076924 3912.820512820513 4250.256410256411 4592.820512820514 4389.743589743591 
4523.076923076924 4041.538461538462 4387.179487179487 4515.384615384616 4496.410256410257 4732.307692307693 4321.538461538462 4384.615384615385 4738.461538461539 4045.1282051282055 3913.333333333334 4249.74358974359 4593.846153846154 4392.820512820514 
