0.0 0.0 0.0 0.0 0.0 0.0 0.0 0.0 0.0 4054.8717948717954 3979.48717948718 4761.538461538462 4572.307692307693 3819.48717948718 
4519.48717948718 4050.2564102564106 4408.205128205129 4511.282051282052 4489.2307692307695 4721.538461538462 4330.256410256411 4356.923076923077 4739.48717948718 4052.820512820513 3977.9487179487182 4769.2307692307695 4571.794871794872 3828.205128205129 
4515.8974358974365 4051.7948717948725 4407.6923076923085 4514.871794871796 4490.256410256411 4726.666666666667 4333.846153846154 4354.871794871796 4733.846153846154 4050.2564102564106 3975.8974358974365 4768.205128205129 4571.282051282052 3830.7692307692314 
4511.794871794872 4051.2820512820517 4408.717948717949 4522.051282051282 4497.435897435898 4731.794871794872 4349.2307692307695 4360.512820512821 4727.6923076923085 4047.1794871794878 3967.1794871794878 4766.153846153847 4556.410256410257 3828.205128205129 
4514.358974358975 4061.538461538462 4410.769230769231 4530.256410256411 4511.794871794872 4742.051282051282 4360.512820512821 4368.717948717949 4721.538461538462 4043.589743589744 3950.7692307692314 4764.102564102564 4542.051282051282 3837.435897435898 
4511.282051282052 4072.820512820513 4427.179487179487 4543.589743589744 4515.384615384616 4743.076923076924 4353.333333333334 4382.051282051282 4717.435897435898 4039.48717948718 3946.1538461538466 4781.025641025642 4536.923076923077 3866.1538461538466 
4513.846153846154 4081.0256410256416 4424.102564102564 4545.128205128206 4513.846153846154 4743.589743589744 4347.6923076923085 4379.48717948718 4717.948717948719 4040.0000000000005 3946.666666666667 4783.589743589744 4542.051282051282 3876.410256410257 
4512.820512820514 4073.8461538461543 4420.000000000001 4539.48717948718 4510.256410256411 4738.461538461539 4346.666666666667 4384.102564102564 4724.102564102564 4043.589743589744 3946.1538461538466 4778.974358974359 4548.205128205129 3868.717948717949 
4520.512820512821 4067.692307692308 4401.538461538462 4523.076923076924 4504.615384615385 4738.461538461539 4346.666666666667 4370.256410256411 4731.794871794872 4048.205128205129 3947.1794871794878 4752.820512820514 4558.461538461539 3850.7692307692314 
4525.128205128206 4054.8717948717954 4391.282051282052 4508.205128205129 4493.333333333334 4728.717948717949 4337.948717948719 4360.512820512821 4741.538461538462 4053.8461538461543 3957.9487179487182 4738.461538461539 4572.820512820514 3834.8717948717954 
4531.282051282052 4046.1538461538466 4370.256410256411 4488.717948717949 4487.179487179488 4723.589743589744 4332.307692307693 4345.128205128206 4749.2307692307695 4060.5128205128212 3969.2307692307695 4718.461538461539 4587.6923076923085 3806.1538461538466 
4531.282051282052 4036.9230769230776 4367.179487179487 4477.948717948719 4476.410256410257 4712.820512820514 4322.051282051282 4338.974358974359 4755.384615384616 4064.615384615385 3983.076923076924 4720.000000000001 4598.974358974359 3790.2564102564106 
4531.794871794872 4031.2820512820517 4367.6923076923085 4473.846153846154 4468.717948717949 4708.717948717949 4322.051282051282 4327.179487179487 4760.000000000001 4066.666666666667 3992.307692307693 4715.8974358974365 4604.615384615385 3782.564102564103 
4527.6923076923085 4024.1025641025644 4371.282051282052 4473.333333333334 4463.589743589744 4705.128205128206 4322.051282051282 4325.641025641026 4763.076923076924 4067.1794871794878 3997.9487179487182 4716.923076923077 4604.615384615385 3778.461538461539 
4527.6923076923085 4017.9487179487182 4365.128205128206 4463.076923076924 4456.410256410257 4696.923076923077 4310.769230769231 4319.48717948718 4767.6923076923085 4070.7692307692314 4007.692307692308 4717.948717948719 4614.358974358975 3771.2820512820517 
4526.153846153847 4014.8717948717954 4374.871794871796 4464.102564102564 4455.8974358974365 4689.743589743591 4303.589743589744 4319.48717948718 4765.641025641026 4071.7948717948725 4014.8717948717954 4733.846153846154 4615.8974358974365 3777.435897435898 
4521.025641025642 4019.48717948718 4394.871794871796 4478.974358974359 4461.025641025642 4693.333333333334 4310.769230769231 4329.2307692307695 4754.871794871796 4065.6410256410263 4012.820512820513 4752.307692307693 4604.615384615385 3798.461538461539 
4518.461538461539 4023.076923076924 4395.384615384616 4481.025641025642 4462.051282051282 4698.974358974359 4319.48717948718 4322.564102564103 4751.282051282052 4063.076923076924 4009.23076923077 4745.128205128206 4600.000000000001 3795.8974358974365 
4518.974358974359 4018.9743589743593 4392.307692307693 4473.333333333334 4458.974358974359 4695.8974358974365 4314.358974358975 4317.435897435898 4756.923076923077 4064.615384615385 4010.7692307692314 4741.025641025642 4606.666666666667 3782.0512820512827 
4517.948717948719 4019.48717948718 4394.358974358975 4476.923076923077 4463.076923076924 4698.974358974359 4315.384615384616 4318.974358974359 4754.358974358975 4062.0512820512827 4009.23076923077 4745.641025641026 4601.025641025642 3782.564102564103 
4511.794871794872 4024.615384615385 4411.282051282052 4492.307692307693 4468.717948717949 4702.051282051282 4320.512820512821 4334.358974358975 4747.179487179488 4058.9743589743593 4006.666666666667 4763.589743589744 4589.2307692307695 3806.1538461538466 
4510.256410256411 4035.3846153846157 4418.461538461539 4501.538461538462 4478.974358974359 4712.307692307693 4330.769230769231 4336.923076923077 4740.512820512821 4056.9230769230776 3998.9743589743593 4770.769230769231 4579.48717948718 3821.538461538462 
4505.128205128206 4042.564102564103 4434.871794871796 4518.461538461539 4488.205128205129 4718.461538461539 4336.410256410257 4349.743589743591 4731.794871794872 4050.2564102564106 3989.23076923077 4788.717948717949 4564.615384615385 3841.0256410256416 
4507.6923076923085 4053.333333333334 4430.769230769231 4525.128205128206 4494.358974358975 4725.641025641026 4340.000000000001 4350.769230769231 4728.717948717949 4048.205128205129 3978.9743589743593 4785.128205128206 4558.461538461539 3848.205128205129 
4508.205128205129 4052.820512820513 4427.179487179487 4524.102564102564 4492.820512820514 4723.589743589744 4341.025641025642 4353.333333333334 4733.333333333334 4051.2820512820517 3976.9230769230776 4777.948717948719 4560.000000000001 3846.1538461538466 
4515.384615384616 4050.7692307692314 4411.282051282052 4513.846153846154 4490.256410256411 4724.102564102564 4341.025641025642 4344.102564102564 4736.410256410257 4054.358974358975 3980.5128205128212 4761.538461538462 4568.205128205129 3833.8461538461543 
4515.8974358974365 4042.564102564103 4405.641025641026 4504.102564102564 4484.615384615385 4717.948717948719 4332.307692307693 4341.025641025642 4740.512820512821 4057.435897435898 3986.666666666667 4753.333333333334 4576.410256410257 3821.538461538462 
4521.025641025642 4036.410256410257 4392.820512820514 4488.717948717949 4474.358974358975 4712.307692307693 4324.102564102564 4330.256410256411 4748.717948717949 4061.0256410256416 3992.307692307693 4740.512820512821 4590.769230769231 3808.205128205129 
4520.512820512821 4025.1282051282055 4392.820512820514 4482.051282051282 4463.076923076924 4699.48717948718 4316.410256410257 4326.666666666667 4755.384615384616 4063.076923076924 4006.666666666667 4745.128205128206 4605.128205128206 3802.564102564103 
4520.000000000001 4023.076923076924 4400.000000000001 4484.102564102564 4461.025641025642 4694.358974358975 4312.307692307693 4326.666666666667 4756.923076923077 4064.1025641025644 4014.8717948717954 4753.846153846154 4610.256410256411 3806.666666666667 
4515.384615384616 4029.7435897435903 4415.384615384616 4495.384615384616 4466.666666666667 4698.461538461539 4313.846153846154 4338.461538461539 4750.256410256411 4062.0512820512827 4008.205128205129 4766.666666666667 4594.871794871796 3823.076923076924 
4513.846153846154 4043.076923076924 4426.153846153847 4509.2307692307695 4476.923076923077 4708.717948717949 4324.102564102564 4346.153846153847 4737.948717948719 4056.410256410257 3996.410256410257 4780.000000000001 4577.435897435898 3842.0512820512827 
4513.333333333334 4052.307692307693 4430.256410256411 4521.025641025642 4487.179487179488 4717.435897435898 4334.871794871796 4350.256410256411 4730.769230769231 4051.7948717948725 3986.1538461538466 4789.2307692307695 4567.6923076923085 3851.2820512820517 
4512.307692307693 4049.7435897435903 4428.205128205129 4521.025641025642 4490.256410256411 4722.051282051282 4339.48717948718 4353.333333333334 4734.358974358975 4052.307692307693 3979.48717948718 4782.564102564103 4565.641025641026 3849.2307692307695 
4515.384615384616 4046.1538461538466 4418.461538461539 4514.871794871796 4490.769230769231 4725.128205128206 4340.512820512821 4346.666666666667 4735.8974358974365 4052.307692307693 3977.9487179487182 4766.666666666667 4567.179487179488 3839.48717948718 
4512.820512820514 4050.2564102564106 4417.948717948719 4517.435897435898 4492.307692307693 4725.641025641026 4342.051282051282 4349.2307692307695 4731.282051282052 4049.23076923077 3978.461538461539 4767.179487179488 4563.589743589744 3838.461538461539 
4510.256410256411 4055.8974358974365 4412.307692307693 4518.974358974359 4496.923076923077 4731.794871794872 4349.743589743591 4347.179487179487 4730.769230769231 4048.205128205129 3969.2307692307695 4761.538461538462 4557.948717948719 3837.9487179487182 
4511.282051282052 4051.2820512820517 4412.820512820514 4518.461538461539 4497.948717948719 4733.846153846154 4349.743589743591 4352.820512820514 4733.846153846154 4050.7692307692314 3966.666666666667 4762.051282051282 4557.435897435898 3837.9487179487182 
4518.974358974359 4053.333333333334 4407.6923076923085 4516.923076923077 4498.461538461539 4737.435897435898 4350.769230769231 4348.205128205129 4730.256410256411 4052.307692307693 3970.2564102564106 4752.820512820514 4561.538461538462 3832.307692307693 
4516.410256410257 4054.8717948717954 4414.358974358975 4523.076923076924 4497.435897435898 4734.358974358975 4351.794871794872 4355.8974358974365 4727.179487179488 4047.1794871794878 3969.2307692307695 4758.461538461539 4555.384615384616 3834.8717948717954 
4515.8974358974365 4059.48717948718 4412.820512820514 4525.641025641026 4503.076923076924 4739.48717948718 4355.8974358974365 4355.384615384616 4726.153846153847 4042.564102564103 3960.5128205128212 4758.461538461539 4548.717948717949 3839.48717948718 
4511.794871794872 4061.0256410256416 4423.589743589744 4534.871794871796 4508.205128205129 4742.564102564103 4355.8974358974365 4365.641025641026 4722.564102564103 4043.076923076924 3957.435897435898 4768.717948717949 4543.589743589744 3854.358974358975 
4513.846153846154 4068.717948717949 4422.051282051282 4538.461538461539 4512.820512820514 4747.6923076923085 4359.48717948718 4365.641025641026 4717.948717948719 4043.589743589744 3951.2820512820517 4764.615384615386 4541.538461538462 3863.589743589744 
4510.769230769231 4069.23076923077 4426.666666666667 4543.076923076924 4513.846153846154 4745.128205128206 4362.051282051282 4371.282051282052 4716.923076923077 4040.5128205128212 3946.666666666667 4769.2307692307695 4534.871794871796 3869.7435897435903 
4513.333333333334 4072.820512820513 4419.48717948718 4539.48717948718 4515.8974358974365 4748.717948717949 4364.102564102564 4371.282051282052 4716.923076923077 4040.5128205128212 3945.1282051282055 4762.051282051282 4534.871794871796 3870.2564102564106 
4514.358974358975 4072.307692307693 4415.8974358974365 4538.974358974359 4515.8974358974365 4750.769230769231 4359.48717948718 4373.846153846154 4718.974358974359 4042.0512820512827 3942.564102564103 4757.435897435898 4539.48717948718 3868.717948717949 
4517.435897435898 4072.820512820513 4411.282051282052 4538.974358974359 4515.384615384616 4751.282051282052 4355.384615384616 4371.282051282052 4722.564102564103 4041.538461538462 3940.0000000000005 4756.923076923077 4542.564102564103 3864.1025641025644 
4517.948717948719 4072.820512820513 4411.282051282052 4538.461538461539 4512.820512820514 4747.6923076923085 4356.410256410257 4370.769230769231 4722.564102564103 4040.5128205128212 3939.48717948718 4761.025641025642 4541.025641025642 3862.564102564103 
4521.025641025642 4072.820512820513 4406.153846153847 4531.794871794872 4511.794871794872 4748.205128205129 4359.48717948718 4370.769230769231 4722.564102564103 4042.564102564103 3940.5128205128212 4757.435897435898 4541.538461538462 3858.9743589743593 
4523.076923076924 4070.2564102564106 4399.48717948718 4526.666666666667 4510.256410256411 4749.743589743591 4357.948717948719 4367.179487179487 4726.153846153847 4045.6410256410263 3943.589743589744 4750.769230769231 4548.205128205129 3852.820512820513 
4519.48717948718 4067.1794871794878 4396.923076923077 4525.641025641026 4506.153846153847 4747.6923076923085 4353.333333333334 4366.153846153847 4730.769230769231 4047.1794871794878 3948.717948717949 4746.666666666667 4553.333333333334 3845.6410256410263 
4521.538461538462 4065.1282051282055 4389.743589743591 4518.461538461539 4502.564102564103 4744.615384615386 4352.307692307693 4358.974358974359 4733.846153846154 4046.666666666667 3952.307692307693 4740.000000000001 4556.410256410257 3832.307692307693 
4525.128205128206 4054.8717948717954 4387.179487179487 4510.769230769231 4500.512820512821 4737.948717948719 4352.820512820514 4356.923076923077 4737.435897435898 4048.205128205129 3957.9487179487182 4737.948717948719 4562.564102564103 3821.538461538462 
4528.205128205129 4050.7692307692314 4380.000000000001 4502.564102564103 4498.974358974359 4735.384615384616 4351.282051282052 4347.6923076923085 4739.48717948718 4052.307692307693 3961.538461538462 4727.179487179488 4572.307692307693 3812.307692307693 
4523.076923076924 4043.589743589744 4381.025641025642 4496.410256410257 4490.256410256411 4727.6923076923085 4343.076923076924 4344.615384615385 4745.128205128206 4056.410256410257 3966.666666666667 4725.641025641026 4575.384615384616 3799.48717948718 
4527.179487179488 4034.8717948717954 4362.564102564103 4476.923076923077 4478.974358974359 4722.051282051282 4336.923076923077 4324.102564102564 4752.307692307693 4061.0256410256416 3979.48717948718 4706.666666666667 4587.179487179488 3770.2564102564106 
4526.153846153847 4022.564102564103 4357.948717948719 4465.641025641026 4470.769230769231 4712.307692307693 4333.333333333334 4318.974358974359 4755.8974358974365 4066.1538461538466 3994.358974358975 4701.025641025642 4599.48717948718 3755.3846153846157 
4521.025641025642 4027.1794871794878 4371.794871794872 4474.358974358975 4476.410256410257 4716.923076923077 4337.435897435898 4320.512820512821 4751.794871794872 4063.589743589744 3994.358974358975 4715.384615384616 4591.794871794872 3765.6410256410263 
4512.820512820514 4036.410256410257 4404.615384615385 4498.461538461539 4485.128205128206 4724.102564102564 4340.512820512821 4341.025641025642 4742.051282051282 4053.333333333334 3986.666666666667 4754.871794871796 4570.769230769231 3798.9743589743593 
4516.923076923077 4046.1538461538466 4406.153846153847 4506.666666666667 4492.820512820514 4730.769230769231 4345.128205128206 4342.564102564103 4735.384615384616 4049.23076923077 3979.48717948718 4760.512820512821 4565.128205128206 3814.358974358975 
4513.846153846154 4046.1538461538466 4407.6923076923085 4512.820512820514 4497.435897435898 4728.717948717949 4346.666666666667 4345.128205128206 4734.871794871796 4049.23076923077 3975.8974358974365 4764.102564102564 4563.076923076924 3816.410256410257 
4514.871794871796 4051.2820512820517 4411.282051282052 4519.48717948718 4500.512820512821 4733.333333333334 4351.794871794872 4347.6923076923085 4732.820512820514 4048.717948717949 3970.2564102564106 4765.641025641026 4555.384615384616 3822.0512820512827 
4515.384615384616 4054.8717948717954 4415.8974358974365 4521.538461538462 4500.000000000001 4734.871794871796 4353.333333333334 4354.358974358975 4728.717948717949 4048.717948717949 3967.1794871794878 4766.666666666667 4551.794871794872 3830.7692307692314 
4516.410256410257 4054.8717948717954 4404.615384615385 4512.820512820514 4500.512820512821 4733.846153846154 4353.333333333334 4349.2307692307695 4727.179487179488 4049.23076923077 3967.1794871794878 4755.8974358974365 4557.435897435898 3822.0512820512827 
4514.358974358975 4050.7692307692314 4401.538461538462 4511.282051282052 4496.923076923077 4732.307692307693 4350.769230769231 4344.615384615385 4730.769230769231 4048.717948717949 3968.205128205129 4752.307692307693 4560.000000000001 3815.8974358974365 
4514.871794871796 4052.820512820513 4407.179487179487 4516.410256410257 4494.871794871796 4732.820512820514 4351.282051282052 4350.769230769231 4733.846153846154 4047.692307692308 3965.6410256410263 4756.923076923077 4556.410256410257 3820.0000000000005 
4515.384615384616 4057.9487179487182 4409.2307692307695 4520.000000000001 4500.512820512821 4734.358974358975 4353.846153846154 4351.282051282052 4730.769230769231 4047.1794871794878 3960.5128205128212 4757.435897435898 4555.384615384616 3823.589743589744 
4513.846153846154 4057.435897435898 4408.205128205129 4522.051282051282 4503.076923076924 4737.435897435898 4353.846153846154 4352.307692307693 4726.666666666667 4046.666666666667 3959.48717948718 4758.461538461539 4553.333333333334 3825.1282051282055 
4516.410256410257 4057.435897435898 4404.102564102564 4522.564102564103 4500.512820512821 4738.974358974359 4352.307692307693 4351.282051282052 4728.717948717949 4047.1794871794878 3961.0256410256416 4753.333333333334 4551.282051282052 3824.615384615385 
4516.410256410257 4057.435897435898 4410.256410256411 4524.615384615385 4502.051282051282 4735.8974358974365 4352.307692307693 4355.8974358974365 4730.769230769231 4046.1538461538466 3961.538461538462 4756.923076923077 4550.769230769231 3826.1538461538466 
4517.948717948719 4061.0256410256416 4404.102564102564 4521.025641025642 4506.153846153847 4741.025641025642 4356.923076923077 4349.2307692307695 4726.666666666667 4045.6410256410263 3955.8974358974365 4751.794871794872 4552.820512820514 3825.1282051282055 
4514.871794871796 4055.8974358974365 4405.641025641026 4521.538461538462 4503.076923076924 4742.051282051282 4355.8974358974365 4353.846153846154 4729.2307692307695 4047.1794871794878 3954.8717948717954 4756.410256410257 4550.256410256411 3827.1794871794878 
4518.974358974359 4057.435897435898 4396.923076923077 4516.923076923077 4504.102564102564 4744.102564102564 4355.8974358974365 4350.256410256411 4733.333333333334 4047.1794871794878 3956.9230769230776 4748.205128205129 4549.743589743591 3820.512820512821 
4516.410256410257 4056.9230769230776 4400.512820512821 4518.974358974359 4506.666666666667 4740.000000000001 4357.948717948719 4351.794871794872 4730.769230769231 4045.6410256410263 3956.9230769230776 4750.256410256411 4548.205128205129 3818.461538461539 
4516.410256410257 4060.5128205128212 4397.435897435898 4519.48717948718 4508.717948717949 4744.615384615386 4361.538461538462 4347.6923076923085 4728.205128205129 4047.1794871794878 3952.820512820513 4743.076923076924 4548.205128205129 3815.8974358974365 
4514.871794871796 4061.0256410256416 4406.666666666667 4522.051282051282 4505.641025641026 4744.102564102564 4357.435897435898 4357.435897435898 4729.743589743591 4047.692307692308 3953.8461538461543 4750.769230769231 4547.179487179488 3825.1282051282055 
4518.461538461539 4063.589743589744 4405.128205128206 4522.051282051282 4504.615384615385 4743.589743589744 4355.8974358974365 4355.384615384616 4728.205128205129 4044.615384615385 3953.8461538461543 4752.820512820514 4548.717948717949 3829.7435897435903 
4516.410256410257 4060.0000000000005 4410.256410256411 4525.128205128206 4502.051282051282 4736.923076923077 4351.794871794872 4358.461538461539 4727.6923076923085 4044.615384615385 3956.9230769230776 4761.025641025642 4550.256410256411 3833.8461538461543 
4518.461538461539 4060.5128205128212 4405.641025641026 4521.538461538462 4501.538461538462 4740.000000000001 4351.282051282052 4356.410256410257 4729.743589743591 4046.666666666667 3960.5128205128212 4754.358974358975 4556.410256410257 3833.8461538461543 
4518.461538461539 4058.9743589743593 4403.589743589744 4518.974358974359 4500.512820512821 4737.948717948719 4347.6923076923085 4359.48717948718 4729.2307692307695 4048.205128205129 3960.0000000000005 4757.435897435898 4560.000000000001 3833.333333333334 
4517.948717948719 4057.435897435898 4406.153846153847 4518.974358974359 4501.025641025642 4732.820512820514 4342.051282051282 4360.000000000001 4729.2307692307695 4049.23076923077 3958.461538461539 4762.564102564103 4559.48717948718 3831.2820512820517 
4518.974358974359 4057.435897435898 4409.743589743591 4520.512820512821 4500.000000000001 4733.333333333334 4341.538461538462 4357.435897435898 4732.820512820514 4048.717948717949 3962.564102564103 4764.615384615386 4559.48717948718 3832.820512820513 
4520.512820512821 4057.435897435898 4406.153846153847 4517.948717948719 4497.435897435898 4735.384615384616 4345.128205128206 4357.948717948719 4733.846153846154 4047.692307692308 3963.589743589744 4763.589743589744 4562.564102564103 3833.8461538461543 
4521.025641025642 4057.435897435898 4401.025641025642 4514.871794871796 4496.410256410257 4733.333333333334 4343.589743589744 4356.410256410257 4733.846153846154 4049.23076923077 3962.564102564103 4758.974358974359 4564.102564102564 3834.358974358975 
4516.923076923077 4055.8974358974365 4407.179487179487 4515.384615384616 4494.358974358975 4730.256410256411 4338.974358974359 4358.974358974359 4735.8974358974365 4051.2820512820517 3967.1794871794878 4762.564102564103 4564.102564102564 3836.410256410257 
4518.974358974359 4057.435897435898 4404.615384615385 4512.307692307693 4492.307692307693 4732.307692307693 4339.48717948718 4355.384615384616 4737.435897435898 4051.7948717948725 3969.7435897435903 4761.538461538462 4568.205128205129 3831.2820512820517 
4518.974358974359 4053.8461538461543 4408.205128205129 4512.307692307693 4489.2307692307695 4727.179487179488 4336.410256410257 4361.538461538462 4738.974358974359 4052.307692307693 3971.2820512820517 4769.2307692307695 4570.769230769231 3832.820512820513 
4520.000000000001 4053.8461538461543 4404.615384615385 4510.256410256411 4488.717948717949 4726.153846153847 4333.333333333334 4352.307692307693 4739.48717948718 4053.333333333334 3972.820512820513 4763.589743589744 4574.358974358975 3832.820512820513 
4517.435897435898 4050.7692307692314 4410.256410256411 4510.256410256411 4488.717948717949 4720.512820512821 4330.769230769231 4354.358974358975 4741.025641025642 4053.8461538461543 3976.9230769230776 4768.205128205129 4575.384615384616 3832.820512820513 
4523.076923076924 4052.307692307693 4400.000000000001 4505.641025641026 4491.282051282052 4723.076923076924 4335.384615384616 4351.794871794872 4740.000000000001 4053.8461538461543 3976.410256410257 4757.948717948719 4575.8974358974365 3823.589743589744 
4521.025641025642 4048.717948717949 4403.589743589744 4509.743589743591 4487.6923076923085 4723.589743589744 4334.871794871796 4355.384615384616 4739.48717948718 4053.333333333334 3975.8974358974365 4758.461538461539 4570.256410256411 3822.0512820512827 
4521.538461538462 4048.717948717949 4400.512820512821 4506.153846153847 4486.153846153847 4727.6923076923085 4335.8974358974365 4348.205128205129 4740.512820512821 4054.8717948717954 3974.358974358975 4752.307692307693 4571.794871794872 3818.461538461539 
4520.000000000001 4044.615384615385 4404.102564102564 4504.615384615385 4487.179487179488 4724.102564102564 4333.846153846154 4350.256410256411 4741.025641025642 4056.9230769230776 3977.435897435898 4754.358974358975 4575.384615384616 3819.48717948718 
4523.076923076924 4044.615384615385 4396.923076923077 4502.564102564103 4490.256410256411 4726.666666666667 4335.384615384616 4343.589743589744 4740.000000000001 4056.9230769230776 3980.0000000000005 4747.6923076923085 4575.8974358974365 3812.820512820513 
4519.48717948718 4041.0256410256416 4399.48717948718 4504.102564102564 4487.6923076923085 4725.641025641026 4336.923076923077 4343.589743589744 4740.512820512821 4054.358974358975 3981.538461538462 4749.743589743591 4572.820512820514 3808.717948717949 
4520.000000000001 4039.48717948718 4396.923076923077 4500.512820512821 4486.153846153847 4723.076923076924 4338.974358974359 4342.051282051282 4741.538461538462 4054.358974358975 3982.564102564103 4746.666666666667 4576.923076923077 3805.6410256410263 
4521.538461538462 4038.9743589743593 4395.384615384616 4496.410256410257 4483.589743589744 4718.461538461539 4334.871794871796 4337.948717948719 4743.076923076924 4056.410256410257 3985.1282051282055 4745.641025641026 4581.025641025642 3804.1025641025644 
4521.538461538462 4036.410256410257 4395.384615384616 4494.358974358975 4480.512820512821 4714.871794871796 4330.769230769231 4333.846153846154 4747.179487179488 4059.48717948718 3989.23076923077 4745.128205128206 4583.076923076924 3802.0512820512827 
4518.974358974359 4034.358974358975 4394.871794871796 4495.384615384616 4478.974358974359 4713.846153846154 4332.307692307693 4334.871794871796 4746.153846153847 4058.461538461539 3990.7692307692314 4744.102564102564 4583.589743589744 3801.538461538462 
4516.923076923077 4035.3846153846157 4397.948717948719 4495.8974358974365 4481.025641025642 4714.871794871796 4332.820512820514 4336.923076923077 4742.564102564103 4053.8461538461543 3991.2820512820517 4747.179487179488 4582.564102564103 3802.0512820512827 
4518.974358974359 4035.8974358974365 4394.871794871796 4489.743589743591 4481.538461538462 4716.410256410257 4330.256410256411 4327.6923076923085 4745.641025641026 4055.8974358974365 3993.333333333334 4744.615384615386 4584.102564102564 3794.8717948717954 
4514.358974358975 4035.8974358974365 4402.564102564103 4494.871794871796 4480.000000000001 4714.871794871796 4329.743589743591 4332.307692307693 4744.102564102564 4058.9743589743593 3994.358974358975 4754.358974358975 4583.589743589744 3803.589743589744 
4512.820512820514 4044.615384615385 4412.307692307693 4508.717948717949 4488.205128205129 4724.102564102564 4338.461538461539 4340.000000000001 4733.333333333334 4051.2820512820517 3984.615384615385 4763.589743589744 4572.820512820514 3823.589743589744 
4510.769230769231 4048.205128205129 4428.205128205129 4523.076923076924 4492.820512820514 4726.153846153847 4342.564102564103 4355.384615384616 4727.6923076923085 4045.1282051282055 3978.461538461539 4780.000000000001 4557.948717948719 3841.538461538462 
4514.358974358975 4055.8974358974365 4423.589743589744 4524.615384615385 4495.384615384616 4729.2307692307695 4344.102564102564 4352.820512820514 4728.205128205129 4047.692307692308 3975.3846153846157 4777.435897435898 4556.923076923077 3845.1282051282055 
4512.820512820514 4059.48717948718 4425.641025641026 4527.6923076923085 4498.461538461539 4730.769230769231 4343.076923076924 4359.48717948718 4727.179487179488 4048.205128205129 3967.692307692308 4780.512820512821 4555.8974358974365 3853.333333333334 
4515.8974358974365 4060.0000000000005 4417.948717948719 4527.179487179488 4501.025641025642 4736.923076923077 4346.666666666667 4354.358974358975 4725.641025641026 4047.1794871794878 3961.0256410256416 4771.282051282052 4553.333333333334 3853.8461538461543 
4515.8974358974365 4055.8974358974365 4422.051282051282 4527.6923076923085 4496.923076923077 4731.794871794872 4346.666666666667 4359.48717948718 4728.717948717949 4048.717948717949 3963.589743589744 4770.769230769231 4554.871794871796 3853.333333333334 
4518.461538461539 4061.538461538462 4418.974358974359 4524.615384615385 4497.948717948719 4732.307692307693 4348.205128205129 4358.974358974359 4730.256410256411 4048.205128205129 3963.076923076924 4762.051282051282 4558.974358974359 3851.2820512820517 
4514.358974358975 4058.9743589743593 4423.076923076924 4526.666666666667 4498.461538461539 4731.794871794872 4348.717948717949 4362.564102564103 4729.2307692307695 4046.666666666667 3962.564102564103 4765.128205128206 4553.846153846154 3854.358974358975 
4514.871794871796 4060.0000000000005 4418.974358974359 4526.666666666667 4500.512820512821 4734.871794871796 4350.256410256411 4360.000000000001 4728.205128205129 4048.717948717949 3961.538461538462 4763.589743589744 4552.820512820514 3853.333333333334 
4514.871794871796 4062.564102564103 4419.48717948718 4528.717948717949 4502.564102564103 4733.846153846154 4347.6923076923085 4364.615384615385 4727.179487179488 4048.205128205129 3959.48717948718 4764.102564102564 4555.8974358974365 3854.8717948717954 
4518.461538461539 4061.0256410256416 4414.871794871796 4526.666666666667 4502.051282051282 4736.410256410257 4346.153846153847 4364.615384615385 4730.256410256411 4044.615384615385 3957.435897435898 4756.410256410257 4555.384615384616 3857.435897435898 
4517.948717948719 4059.48717948718 4415.384615384616 4526.153846153847 4501.538461538462 4740.000000000001 4348.717948717949 4362.051282051282 4732.307692307693 4045.1282051282055 3958.9743589743593 4754.871794871796 4551.282051282052 3859.48717948718 
4516.923076923077 4063.076923076924 4414.358974358975 4527.179487179488 4503.589743589744 4738.974358974359 4349.2307692307695 4365.641025641026 4729.743589743591 4047.1794871794878 3958.9743589743593 4756.923076923077 4550.256410256411 3859.48717948718 
4517.435897435898 4064.1025641025644 4408.205128205129 4526.153846153847 4502.051282051282 4734.358974358975 4346.153846153847 4364.102564102564 4728.717948717949 4046.666666666667 3956.9230769230776 4749.743589743591 4552.820512820514 3856.9230769230776 
4516.410256410257 4057.9487179487182 4411.282051282052 4523.076923076924 4498.461538461539 4732.820512820514 4343.589743589744 4362.564102564103 4731.282051282052 4048.717948717949 3958.9743589743593 4748.717948717949 4555.384615384616 3857.435897435898 
4516.410256410257 4058.461538461539 4410.769230769231 4519.48717948718 4500.512820512821 4734.871794871796 4344.102564102564 4360.512820512821 4731.794871794872 4049.23076923077 3958.461538461539 4745.128205128206 4556.410256410257 3856.410256410257 
4513.333333333334 4059.48717948718 4413.333333333334 4525.128205128206 4503.076923076924 4733.333333333334 4344.102564102564 4367.179487179487 4731.794871794872 4046.666666666667 3957.435897435898 4748.205128205129 4554.358974358975 3861.538461538462 
4518.974358974359 4062.0512820512827 4408.717948717949 4527.179487179488 4503.589743589744 4738.974358974359 4347.6923076923085 4358.974358974359 4731.794871794872 4046.666666666667 3955.3846153846157 4741.025641025642 4554.358974358975 3859.48717948718 
4521.538461538462 4060.0000000000005 4413.846153846154 4525.641025641026 4499.48717948718 4736.410256410257 4348.717948717949 4362.564102564103 4731.282051282052 4048.717948717949 3956.410256410257 4747.179487179488 4555.8974358974365 3858.461538461539 
4524.102564102564 4060.0000000000005 4403.076923076924 4517.435897435898 4498.974358974359 4733.333333333334 4348.717948717949 4359.48717948718 4731.794871794872 4049.7435897435903 3956.9230769230776 4741.538461538462 4562.051282051282 3855.3846153846157 
4518.461538461539 4056.410256410257 4404.102564102564 4522.051282051282 4499.48717948718 4730.769230769231 4343.589743589744 4362.051282051282 4734.358974358975 4047.692307692308 3961.0256410256416 4742.564102564103 4563.076923076924 3855.8974358974365 
4518.461538461539 4060.5128205128212 4403.076923076924 4521.538461538462 4498.974358974359 4735.8974358974365 4345.128205128206 4355.8974358974365 4734.871794871796 4048.717948717949 3962.0512820512827 4735.8974358974365 4563.076923076924 3851.2820512820517 
4517.948717948719 4058.461538461539 4409.743589743591 4518.461538461539 4496.923076923077 4731.282051282052 4344.102564102564 4362.051282051282 4734.358974358975 4049.7435897435903 3961.0256410256416 4742.051282051282 4561.025641025642 3852.820512820513 
4522.564102564103 4057.435897435898 4405.128205128206 4513.846153846154 4497.435897435898 4732.307692307693 4343.076923076924 4359.48717948718 4734.871794871796 4048.205128205129 3962.0512820512827 4738.974358974359 4561.538461538462 3851.2820512820517 
4520.000000000001 4056.410256410257 4408.717948717949 4517.948717948719 4497.948717948719 4731.282051282052 4340.512820512821 4360.512820512821 4734.358974358975 4048.717948717949 3966.1538461538466 4744.615384615386 4561.538461538462 3852.820512820513 
4518.974358974359 4057.435897435898 4405.128205128206 4517.435897435898 4497.948717948719 4730.769230769231 4342.051282051282 4356.923076923077 4734.358974358975 4051.2820512820517 3964.615384615385 4743.076923076924 4562.564102564103 3851.7948717948725 
4518.461538461539 4054.358974358975 4407.6923076923085 4516.923076923077 4494.871794871796 4727.6923076923085 4343.076923076924 4360.000000000001 4733.333333333334 4049.7435897435903 3963.076923076924 4746.153846153847 4563.589743589744 3853.8461538461543 
4520.512820512821 4054.358974358975 4408.717948717949 4515.384615384616 4494.358974358975 4728.717948717949 4342.564102564103 4361.025641025642 4734.358974358975 4049.23076923077 3964.615384615385 4744.102564102564 4564.102564102564 3852.820512820513 
4521.025641025642 4055.3846153846157 4408.717948717949 4513.846153846154 4495.384615384616 4730.769230769231 4342.564102564103 4355.384615384616 4736.923076923077 4051.2820512820517 3967.692307692308 4743.589743589744 4562.051282051282 3851.7948717948725 
4518.974358974359 4053.333333333334 4408.717948717949 4515.8974358974365 4496.410256410257 4730.256410256411 4342.051282051282 4355.8974358974365 4736.923076923077 4048.717948717949 3968.205128205129 4746.666666666667 4561.538461538462 3851.7948717948725 
4520.000000000001 4054.358974358975 4407.6923076923085 4517.948717948719 4496.410256410257 4730.256410256411 4342.564102564103 4355.8974358974365 4734.358974358975 4047.1794871794878 3965.6410256410263 4744.102564102564 4564.102564102564 3851.7948717948725 
4517.435897435898 4052.820512820513 4411.282051282052 4517.435897435898 4495.384615384616 4730.769230769231 4341.538461538462 4360.512820512821 4734.871794871796 4050.2564102564106 3967.1794871794878 4747.6923076923085 4562.564102564103 3855.8974358974365 
4517.435897435898 4054.358974358975 4406.666666666667 4516.410256410257 4495.8974358974365 4733.846153846154 4342.051282051282 4356.923076923077 4736.410256410257 4049.23076923077 3966.666666666667 4744.615384615386 4560.512820512821 3852.307692307693 
4516.923076923077 4055.8974358974365 4412.307692307693 4520.512820512821 4494.358974358975 4729.2307692307695 4341.538461538462 4361.538461538462 4734.358974358975 4047.692307692308 3965.6410256410263 4751.282051282052 4563.589743589744 3853.8461538461543 
4521.025641025642 4060.0000000000005 4407.6923076923085 4515.8974358974365 4496.923076923077 4729.743589743591 4342.564102564103 4355.384615384616 4732.820512820514 4049.7435897435903 3963.589743589744 4745.128205128206 4566.153846153847 3853.8461538461543 
4516.410256410257 4057.435897435898 4410.256410256411 4516.923076923077 4496.923076923077 4728.205128205129 4338.974358974359 4361.025641025642 4734.358974358975 4050.2564102564106 3965.1282051282055 4749.2307692307695 4561.538461538462 3854.8717948717954 
4518.974358974359 4057.9487179487182 4404.615384615385 4517.948717948719 4497.435897435898 4731.282051282052 4341.025641025642 4356.923076923077 4733.846153846154 4049.23076923077 3963.589743589744 4742.564102564103 4560.000000000001 3849.7435897435903 
4516.923076923077 4055.8974358974365 4413.333333333334 4518.461538461539 4495.384615384616 4729.743589743591 4342.564102564103 4358.461538461539 4732.820512820514 4049.23076923077 3964.615384615385 4748.717948717949 4559.48717948718 3854.8717948717954 
4516.923076923077 4058.9743589743593 4408.205128205129 4514.871794871796 4496.410256410257 4733.333333333334 4343.589743589744 4353.846153846154 4732.820512820514 4049.23076923077 3963.589743589744 4746.153846153847 4561.025641025642 3854.358974358975 
4513.846153846154 4055.3846153846157 4409.2307692307695 4521.538461538462 4496.923076923077 4729.743589743591 4340.000000000001 4362.051282051282 4733.333333333334 4049.7435897435903 3962.0512820512827 4750.256410256411 4558.974358974359 3853.333333333334 
4517.435897435898 4056.410256410257 4408.717948717949 4522.051282051282 4498.974358974359 4730.769230769231 4344.102564102564 4362.051282051282 4734.358974358975 4050.7692307692314 3961.0256410256416 4746.666666666667 4560.000000000001 3851.7948717948725 
4515.384615384616 4057.435897435898 4412.307692307693 4522.051282051282 4500.000000000001 4731.794871794872 4346.666666666667 4362.564102564103 4734.358974358975 4048.717948717949 3961.538461538462 4749.743589743591 4560.000000000001 3853.333333333334 
4515.384615384616 4060.0000000000005 4407.6923076923085 4521.538461538462 4500.512820512821 4733.846153846154 4345.641025641026 4362.564102564103 4732.307692307693 4047.1794871794878 3961.0256410256416 4749.743589743591 4559.48717948718 3850.2564102564106 
4517.435897435898 4061.0256410256416 4411.282051282052 4523.589743589744 4498.461538461539 4732.820512820514 4344.102564102564 4365.128205128206 4733.333333333334 4048.205128205129 3962.564102564103 4751.282051282052 4558.974358974359 3852.307692307693 
4518.974358974359 4062.0512820512827 4414.358974358975 4524.102564102564 4496.923076923077 4732.820512820514 4344.102564102564 4363.589743589744 4734.358974358975 4049.23076923077 3964.1025641025644 4749.743589743591 4561.025641025642 3854.358974358975 
4519.48717948718 4061.538461538462 4411.282051282052 4523.589743589744 4500.000000000001 4733.846153846154 4343.589743589744 4361.538461538462 4730.769230769231 4048.205128205129 3961.538461538462 4751.282051282052 4560.000000000001 3852.820512820513 
4519.48717948718 4061.0256410256416 4411.282051282052 4524.102564102564 4501.025641025642 4732.307692307693 4345.128205128206 4365.128205128206 4728.205128205129 4046.666666666667 3959.48717948718 4754.871794871796 4555.384615384616 3855.8974358974365 
4519.48717948718 4064.615384615385 4410.256410256411 4525.128205128206 4499.48717948718 4734.358974358975 4349.2307692307695 4364.615384615385 4730.769230769231 4045.1282051282055 3958.461538461539 4751.282051282052 4555.8974358974365 3857.9487179487182 
4517.435897435898 4064.1025641025644 4413.333333333334 4528.205128205129 4499.48717948718 4735.8974358974365 4345.128205128206 4369.2307692307695 4730.769230769231 4046.666666666667 3957.435897435898 4758.461538461539 4555.8974358974365 3860.512820512821 
4520.000000000001 4065.1282051282055 4408.717948717949 4525.641025641026 4502.051282051282 4738.974358974359 4342.051282051282 4364.102564102564 4728.717948717949 4048.717948717949 3956.410256410257 4755.384615384616 4554.871794871796 3857.9487179487182 
4516.923076923077 4062.0512820512827 4413.846153846154 4527.6923076923085 4501.025641025642 4733.846153846154 4344.102564102564 4368.205128205129 4731.282051282052 4049.23076923077 3957.435897435898 4756.410256410257 4554.358974358975 3860.0000000000005 
4520.000000000001 4065.1282051282055 4409.2307692307695 4524.102564102564 4501.025641025642 4733.846153846154 4348.717948717949 4364.102564102564 4730.769230769231 4048.205128205129 3954.358974358975 4749.743589743591 4557.435897435898 3855.8974358974365 
4521.538461538462 4063.589743589744 4411.282051282052 4520.512820512821 4501.538461538462 4732.820512820514 4343.589743589744 4368.205128205129 4730.769230769231 4048.205128205129 3955.8974358974365 4752.820512820514 4558.461538461539 3855.3846153846157 
4523.589743589744 4063.076923076924 4401.538461538462 4515.384615384616 4501.025641025642 4736.410256410257 4340.512820512821 4360.512820512821 4733.846153846154 4052.307692307693 3956.9230769230776 4740.512820512821 4560.512820512821 3848.717948717949 
4517.435897435898 4059.48717948718 4408.205128205129 4519.48717948718 4493.846153846154 4733.846153846154 4342.564102564103 4364.102564102564 4735.384615384616 4051.7948717948725 3960.5128205128212 4746.153846153847 4559.48717948718 3851.2820512820517 
4520.000000000001 4063.076923076924 4407.6923076923085 4518.974358974359 4494.871794871796 4737.435897435898 4345.128205128206 4362.051282051282 4732.820512820514 4047.692307692308 3961.538461538462 4746.666666666667 4558.974358974359 3851.2820512820517 
4518.974358974359 4060.5128205128212 4412.307692307693 4521.538461538462 4500.512820512821 4735.384615384616 4340.000000000001 4365.641025641026 4733.846153846154 4048.717948717949 3960.5128205128212 4751.282051282052 4558.461538461539 3854.358974358975 
4520.000000000001 4061.0256410256416 4407.6923076923085 4520.000000000001 4502.564102564103 4736.410256410257 4342.564102564103 4364.615384615385 4735.384615384616 4050.7692307692314 3959.48717948718 4748.717948717949 4558.974358974359 3854.358974358975 
4519.48717948718 4060.5128205128212 4408.717948717949 4520.000000000001 4498.974358974359 4733.333333333334 4346.153846153847 4367.179487179487 4734.358974358975 4047.692307692308 3962.0512820512827 4752.820512820514 4557.948717948719 3855.8974358974365 
4521.025641025642 4059.48717948718 4407.179487179487 4520.512820512821 4498.974358974359 4733.333333333334 4343.589743589744 4366.666666666667 4733.846153846154 4045.6410256410263 3962.564102564103 4751.282051282052 4561.025641025642 3854.358974358975 
4519.48717948718 4057.435897435898 4408.717948717949 4521.025641025642 4498.461538461539 4732.307692307693 4340.512820512821 4364.615384615385 4734.871794871796 4049.23076923077 3958.9743589743593 4750.769230769231 4562.564102564103 3853.8461538461543 
4518.461538461539 4056.410256410257 4411.794871794872 4520.512820512821 4497.435897435898 4731.282051282052 4342.051282051282 4366.153846153847 4734.358974358975 4053.333333333334 3961.538461538462 4751.794871794872 4560.512820512821 3856.9230769230776 
4521.025641025642 4056.9230769230776 4406.666666666667 4517.948717948719 4497.948717948719 4731.282051282052 4340.512820512821 4362.051282051282 4733.846153846154 4052.307692307693 3965.1282051282055 4745.128205128206 4563.076923076924 3851.7948717948725 
4520.000000000001 4053.8461538461543 4404.102564102564 4513.846153846154 4492.820512820514 4727.179487179488 4336.410256410257 4360.000000000001 4736.923076923077 4050.2564102564106 3966.666666666667 4744.102564102564 4567.6923076923085 3843.589743589744 
4520.512820512821 4050.7692307692314 4396.923076923077 4506.153846153847 4489.2307692307695 4726.153846153847 4337.435897435898 4354.358974358975 4741.538461538462 4053.333333333334 3968.717948717949 4738.974358974359 4570.256410256411 3837.9487179487182 
4521.025641025642 4044.615384615385 4401.025641025642 4505.128205128206 4488.205128205129 4723.589743589744 4334.871794871796 4356.410256410257 4744.102564102564 4056.9230769230776 3974.358974358975 4741.538461538462 4570.769230769231 3839.48717948718 
4522.564102564103 4049.23076923077 4402.051282051282 4505.641025641026 4489.743589743591 4726.153846153847 4333.846153846154 4349.743589743591 4740.000000000001 4054.358974358975 3973.8461538461543 4736.923076923077 4572.307692307693 3836.9230769230776 
4517.948717948719 4051.2820512820517 4412.820512820514 4511.282051282052 4486.666666666667 4723.076923076924 4331.282051282052 4356.410256410257 4735.384615384616 4050.7692307692314 3971.7948717948725 4747.179487179488 4568.717948717949 3843.076923076924 
4519.48717948718 4052.820512820513 4409.2307692307695 4513.333333333334 4490.256410256411 4726.666666666667 4335.384615384616 4353.846153846154 4733.846153846154 4050.2564102564106 3969.7435897435903 4748.205128205129 4567.179487179488 3845.6410256410263 
4514.871794871796 4049.23076923077 4415.384615384616 4517.948717948719 4494.358974358975 4726.666666666667 4337.435897435898 4360.512820512821 4735.8974358974365 4050.7692307692314 3968.205128205129 4756.923076923077 4564.615384615385 3848.205128205129 
4513.846153846154 4054.358974358975 4412.307692307693 4516.410256410257 4495.8974358974365 4729.2307692307695 4337.435897435898 4357.435897435898 4733.846153846154 4051.2820512820517 3966.666666666667 4751.794871794872 4562.051282051282 3847.1794871794878 
4515.384615384616 4054.8717948717954 4415.384615384616 4519.48717948718 4494.871794871796 4726.153846153847 4337.435897435898 4361.025641025642 4731.794871794872 4050.2564102564106 3968.205128205129 4755.8974358974365 4560.512820512821 3849.7435897435903 
4520.000000000001 4054.358974358975 4410.769230769231 4517.435897435898 4495.8974358974365 4728.205128205129 4342.564102564103 4356.410256410257 4733.333333333334 4050.7692307692314 3967.1794871794878 4753.333333333334 4563.076923076924 3846.1538461538466 
4515.384615384616 4051.2820512820517 4413.846153846154 4518.461538461539 4494.358974358975 4726.666666666667 4341.538461538462 4360.000000000001 4734.358974358975 4051.7948717948725 3967.1794871794878 4754.358974358975 4560.512820512821 3846.666666666667 
4516.923076923077 4053.8461538461543 4409.743589743591 4516.410256410257 4494.871794871796 4727.179487179488 4340.512820512821 4357.948717948719 4734.871794871796 4051.7948717948725 3968.717948717949 4748.717948717949 4561.025641025642 3846.1538461538466 
4515.8974358974365 4052.820512820513 4412.307692307693 4513.846153846154 4495.384615384616 4725.641025641026 4340.512820512821 4357.435897435898 4734.871794871796 4051.2820512820517 3972.307692307693 4750.769230769231 4562.051282051282 3846.666666666667 
4515.8974358974365 4050.7692307692314 4411.282051282052 4513.846153846154 4494.358974358975 4726.153846153847 4339.48717948718 4355.8974358974365 4734.871794871796 4049.7435897435903 3972.307692307693 4750.769230769231 4562.051282051282 3845.1282051282055 
4519.48717948718 4051.7948717948725 4408.717948717949 4514.871794871796 4492.307692307693 4727.179487179488 4339.48717948718 4353.846153846154 4734.871794871796 4048.717948717949 3971.2820512820517 4749.2307692307695 4563.589743589744 3842.0512820512827 
4520.000000000001 4052.820512820513 4411.794871794872 4512.820512820514 4493.333333333334 4728.717948717949 4340.512820512821 4358.461538461539 4734.358974358975 4050.7692307692314 3973.333333333334 4749.743589743591 4563.589743589744 3843.589743589744 
4515.8974358974365 4051.2820512820517 4410.256410256411 4509.743589743591 4494.358974358975 4729.2307692307695 4341.025641025642 4353.333333333334 4734.871794871796 4055.3846153846157 3970.2564102564106 4744.615384615386 4562.564102564103 3841.0256410256416 
4513.846153846154 4048.205128205129 4410.769230769231 4513.846153846154 4490.256410256411 4723.589743589744 4338.974358974359 4353.333333333334 4736.410256410257 4054.358974358975 3969.2307692307695 4746.666666666667 4565.641025641026 3840.0000000000005 
4515.384615384616 4053.8461538461543 4409.2307692307695 4516.923076923077 4491.794871794872 4727.6923076923085 4341.025641025642 4354.871794871796 4734.871794871796 4049.23076923077 3969.2307692307695 4748.205128205129 4565.128205128206 3843.589743589744 
4510.769230769231 4059.48717948718 4422.051282051282 4524.102564102564 4497.948717948719 4732.820512820514 4343.076923076924 4365.641025641026 4730.769230769231 4045.6410256410263 3966.666666666667 4761.538461538462 4554.358974358975 3858.461538461539 
4514.358974358975 4063.589743589744 4420.512820512821 4526.666666666667 4502.564102564103 4736.410256410257 4346.153846153847 4364.102564102564 4726.153846153847 4046.1538461538466 3959.48717948718 4758.461538461539 4551.282051282052 3864.615384615385 
4514.871794871796 4058.9743589743593 4421.538461538462 4530.769230769231 4501.025641025642 4735.8974358974365 4345.128205128206 4371.794871794872 4726.153846153847 4046.1538461538466 3955.8974358974365 4762.051282051282 4551.794871794872 3868.717948717949 
4517.948717948719 4063.589743589744 4411.794871794872 4530.769230769231 4505.128205128206 4742.051282051282 4347.6923076923085 4368.717948717949 4729.2307692307695 4045.1282051282055 3952.820512820513 4753.333333333334 4550.256410256411 3864.1025641025644 
4516.923076923077 4066.666666666667 4416.923076923077 4533.333333333334 4506.666666666667 4738.974358974359 4348.205128205129 4371.794871794872 4730.256410256411 4043.589743589744 3952.307692307693 4753.333333333334 4547.179487179488 3866.1538461538466 
4518.974358974359 4069.7435897435903 4411.794871794872 4528.205128205129 4504.615384615385 4742.051282051282 4351.282051282052 4367.179487179487 4730.769230769231 4044.615384615385 3950.7692307692314 4745.128205128206 4548.717948717949 3864.615384615385 
4515.8974358974365 4066.666666666667 4411.794871794872 4527.6923076923085 4500.000000000001 4740.000000000001 4349.2307692307695 4368.717948717949 4733.333333333334 4047.692307692308 3949.7435897435903 4746.153846153847 4549.743589743591 3863.589743589744 
4520.512820512821 4066.1538461538466 4406.666666666667 4524.615384615385 4500.000000000001 4738.461538461539 4349.2307692307695 4365.128205128206 4734.871794871796 4049.23076923077 3950.2564102564106 4740.000000000001 4554.871794871796 3858.9743589743593 
4521.025641025642 4063.076923076924 4407.6923076923085 4524.102564102564 4500.512820512821 4738.461538461539 4350.769230769231 4369.743589743591 4733.846153846154 4048.205128205129 3953.333333333334 4740.000000000001 4557.948717948719 3859.48717948718 
4522.051282051282 4064.615384615385 4402.564102564103 4521.025641025642 4502.564102564103 4742.564102564103 4349.743589743591 4368.205128205129 4731.794871794872 4048.717948717949 3951.2820512820517 4737.948717948719 4558.461538461539 3857.435897435898 
4523.076923076924 4065.6410256410263 4403.589743589744 4521.025641025642 4501.538461538462 4735.8974358974365 4345.641025641026 4365.641025641026 4730.769230769231 4048.717948717949 3950.7692307692314 4740.512820512821 4560.000000000001 3857.9487179487182 
4523.076923076924 4064.1025641025644 4408.205128205129 4522.051282051282 4501.025641025642 4732.820512820514 4346.666666666667 4368.717948717949 4731.282051282052 4047.692307692308 3953.8461538461543 4744.102564102564 4563.076923076924 3863.076923076924 
4521.025641025642 4064.1025641025644 4407.179487179487 4524.615384615385 4504.102564102564 4739.48717948718 4349.2307692307695 4371.794871794872 4731.282051282052 4047.1794871794878 3952.820512820513 4744.615384615386 4563.076923076924 3866.666666666667 
4521.025641025642 4068.717948717949 4409.2307692307695 4527.6923076923085 4506.666666666667 4741.025641025642 4348.717948717949 4376.410256410257 4730.769230769231 4046.666666666667 3948.205128205129 4748.717948717949 4557.948717948719 3873.333333333334 
4524.102564102564 4076.9230769230776 4411.282051282052 4532.307692307693 4509.2307692307695 4743.589743589744 4352.307692307693 4376.923076923077 4730.256410256411 4045.1282051282055 3942.0512820512827 4747.179487179488 4553.846153846154 3882.0512820512827 
4525.128205128206 4081.538461538462 4415.384615384616 4542.564102564103 4514.871794871796 4747.179487179488 4355.8974358974365 4387.179487179487 4727.179487179488 4045.6410256410263 3936.9230769230776 4751.794871794872 4551.282051282052 3895.3846153846157 
4527.6923076923085 4092.307692307693 4408.717948717949 4548.205128205129 4525.128205128206 4755.8974358974365 4361.538461538462 4390.256410256411 4720.512820512821 4042.564102564103 3924.1025641025644 4747.6923076923085 4546.153846153847 3904.1025641025644 
4526.666666666667 4102.564102564103 4413.333333333334 4557.948717948719 4533.846153846154 4763.076923076924 4369.743589743591 4404.102564102564 4717.435897435898 4036.9230769230776 3910.2564102564106 4750.256410256411 4534.871794871796 3917.9487179487182 
4532.820512820514 4119.48717948718 4403.589743589744 4566.666666666667 4545.128205128206 4781.025641025642 4385.641025641026 4410.769230769231 4717.435897435898 4034.8717948717954 3891.2820512820517 4734.358974358975 4525.641025641026 3925.6410256410263 
4535.384615384616 4129.2307692307695 4395.8974358974365 4575.384615384616 4553.333333333334 4791.282051282052 4395.8974358974365 4424.615384615385 4716.923076923077 4032.820512820513 3869.2307692307695 4724.102564102564 4515.8974358974365 3931.7948717948725 
4543.589743589744 4133.846153846154 4376.923076923077 4570.256410256411 4558.461538461539 4797.948717948719 4398.974358974359 4426.666666666667 4717.948717948719 4032.820512820513 3853.8461538461543 4700.000000000001 4515.384615384616 3927.692307692308 
4546.153846153847 4132.820512820514 4370.769230769231 4565.128205128206 4561.025641025642 4801.538461538462 4400.512820512821 4433.333333333334 4724.102564102564 4035.3846153846157 3851.2820512820517 4684.615384615386 4513.846153846154 3924.1025641025644 
4549.2307692307695 4142.564102564103 4356.923076923077 4564.615384615385 4570.256410256411 4815.8974358974365 4414.358974358975 4433.846153846154 4727.6923076923085 4036.9230769230776 3836.410256410257 4659.48717948718 4504.102564102564 3916.410256410257 
4547.179487179488 4147.6923076923085 4349.2307692307695 4573.846153846154 4582.564102564103 4826.153846153847 4428.717948717949 4447.179487179487 4727.179487179488 4032.820512820513 3811.2820512820517 4642.564102564103 4489.743589743591 3912.820512820513 
4552.307692307693 4154.358974358975 4336.410256410257 4576.923076923077 4592.820512820514 4836.410256410257 4440.000000000001 4455.8974358974365 4724.102564102564 4028.205128205129 3794.358974358975 4624.102564102564 4482.051282051282 3908.205128205129 
4552.820512820514 4162.051282051282 4334.358974358975 4580.512820512821 4595.8974358974365 4845.128205128206 4448.717948717949 4463.076923076924 4721.025641025642 4026.666666666667 3783.589743589744 4615.384615384616 4474.871794871796 3911.7948717948725 
4552.307692307693 4169.74358974359 4327.179487179487 4582.051282051282 4600.000000000001 4855.8974358974365 4455.8974358974365 4467.6923076923085 4719.48717948718 4026.666666666667 3769.2307692307695 4601.538461538462 4469.743589743591 3915.8974358974365 
4554.358974358975 4170.256410256411 4315.384615384616 4576.923076923077 4603.589743589744 4855.8974358974365 4454.871794871796 4471.794871794872 4722.564102564103 4027.1794871794878 3763.589743589744 4585.128205128206 4467.6923076923085 3912.820512820513 
4557.948717948719 4165.128205128206 4306.153846153847 4565.128205128206 4600.000000000001 4847.6923076923085 4446.153846153847 4469.2307692307695 4728.205128205129 4030.2564102564106 3773.333333333334 4573.846153846154 4475.384615384616 3905.1282051282055 
4563.589743589744 4154.358974358975 4296.410256410257 4551.282051282052 4585.641025641026 4838.974358974359 4432.820512820514 4456.923076923077 4734.871794871796 4036.410256410257 3790.2564102564106 4566.666666666667 4497.435897435898 3894.358974358975 
4563.589743589744 4137.435897435898 4292.820512820514 4534.871794871796 4567.6923076923085 4821.538461538462 4414.871794871796 4446.666666666667 4742.051282051282 4042.0512820512827 3809.2307692307695 4566.666666666667 4517.435897435898 3884.615384615385 
4563.589743589744 4124.615384615385 4287.179487179487 4516.410256410257 4553.846153846154 4802.564102564103 4397.948717948719 4432.820512820514 4747.179487179488 4043.589743589744 3830.2564102564106 4563.076923076924 4532.820512820514 3872.820512820513 
4560.000000000001 4109.2307692307695 4292.307692307693 4505.128205128206 4539.48717948718 4785.641025641026 4378.974358974359 4425.128205128206 4754.871794871796 4048.717948717949 3857.9487179487182 4575.384615384616 4549.743589743591 3866.1538461538466 
4557.435897435898 4098.461538461539 4291.282051282052 4491.794871794872 4528.717948717949 4775.8974358974365 4366.666666666667 4408.205128205129 4761.025641025642 4054.8717948717954 3880.0000000000005 4581.025641025642 4567.179487179488 3853.8461538461543 
4551.282051282052 4084.615384615385 4301.025641025642 4484.102564102564 4517.948717948719 4760.000000000001 4358.461538461539 4405.128205128206 4763.076923076924 4057.9487179487182 3894.358974358975 4591.794871794872 4573.846153846154 3846.666666666667 
4554.358974358975 4078.461538461539 4299.48717948718 4475.8974358974365 4511.282051282052 4751.282051282052 4352.307692307693 4394.358974358975 4764.102564102564 4059.48717948718 3907.1794871794878 4592.307692307693 4580.512820512821 3840.0000000000005 
4551.794871794872 4069.23076923077 4304.102564102564 4472.307692307693 4503.076923076924 4740.512820512821 4342.051282051282 4394.358974358975 4767.6923076923085 4063.076923076924 3919.48717948718 4603.589743589744 4590.769230769231 3838.461538461539 
4552.820512820514 4068.717948717949 4298.974358974359 4467.179487179487 4498.461538461539 4739.48717948718 4339.48717948718 4386.153846153847 4771.794871794872 4066.1538461538466 3921.538461538462 4600.000000000001 4601.538461538462 3832.820512820513 
4552.820512820514 4069.7435897435903 4304.102564102564 4467.6923076923085 4492.307692307693 4736.410256410257 4335.384615384616 4386.666666666667 4772.307692307693 4066.1538461538466 3928.205128205129 4608.717948717949 4605.128205128206 3835.3846153846157 
4556.410256410257 4067.692307692308 4304.102564102564 4463.076923076924 4490.256410256411 4733.333333333334 4332.307692307693 4378.974358974359 4771.794871794872 4068.205128205129 3940.0000000000005 4612.307692307693 4608.717948717949 3834.8717948717954 
4550.769230769231 4061.538461538462 4316.410256410257 4466.666666666667 4489.743589743591 4727.179487179488 4331.282051282052 4380.000000000001 4769.743589743591 4066.666666666667 3946.1538461538466 4627.179487179488 4609.2307692307695 3838.9743589743593 
4542.051282051282 4065.1282051282055 4333.333333333334 4478.461538461539 4492.820512820514 4729.743589743591 4334.871794871796 4381.538461538462 4762.564102564103 4062.0512820512827 3943.589743589744 4647.179487179488 4600.512820512821 3849.2307692307695 
4528.717948717949 4064.615384615385 4361.025641025642 4495.384615384616 4495.8974358974365 4731.794871794872 4336.410256410257 4384.615384615385 4750.256410256411 4056.410256410257 3949.7435897435903 4675.8974358974365 4582.051282051282 3862.564102564103 
4520.000000000001 4059.48717948718 4379.48717948718 4501.538461538462 4495.384615384616 4730.769230769231 4336.410256410257 4381.538461538462 4743.589743589744 4053.333333333334 3959.48717948718 4695.384615384616 4569.743589743591 3864.615384615385 
4516.410256410257 4053.8461538461543 4386.153846153847 4499.48717948718 4494.358974358975 4728.717948717949 4335.8974358974365 4374.358974358975 4744.102564102564 4053.8461538461543 3963.076923076924 4703.589743589744 4567.6923076923085 3861.0256410256416 
4512.820512820514 4047.1794871794878 4393.333333333334 4500.512820512821 4495.8974358974365 4725.641025641026 4335.8974358974365 4375.384615384616 4743.589743589744 4054.358974358975 3967.1794871794878 4710.769230769231 4565.128205128206 3858.461538461539 
4509.743589743591 4042.564102564103 4400.512820512821 4503.589743589744 4494.358974358975 4723.076923076924 4336.410256410257 4371.282051282052 4738.461538461539 4053.333333333334 3973.8461538461543 4712.820512820514 4555.8974358974365 3851.7948717948725 
4503.589743589744 4038.461538461539 4414.358974358975 4505.641025641026 4490.769230769231 4722.051282051282 4333.333333333334 4370.769230769231 4736.923076923077 4051.2820512820517 3979.48717948718 4726.153846153847 4550.769230769231 3852.820512820513 
4499.48717948718 4037.435897435898 4414.358974358975 4502.564102564103 4490.256410256411 4722.564102564103 4332.307692307693 4365.128205128206 4736.410256410257 4050.2564102564106 3982.0512820512827 4730.256410256411 4550.769230769231 3851.2820512820517 
4494.358974358975 4032.820512820513 4418.461538461539 4506.153846153847 4488.205128205129 4716.410256410257 4327.6923076923085 4367.6923076923085 4734.871794871796 4049.23076923077 3989.7435897435903 4740.000000000001 4550.256410256411 3849.7435897435903 
4498.974358974359 4034.358974358975 4418.461538461539 4503.589743589744 4485.641025641026 4714.358974358975 4327.179487179487 4358.974358974359 4733.333333333334 4051.7948717948725 3992.820512820513 4737.948717948719 4554.871794871796 3846.1538461538466 
4496.410256410257 4031.2820512820517 4431.794871794872 4506.666666666667 4482.051282051282 4709.2307692307695 4325.641025641026 4360.000000000001 4733.846153846154 4053.333333333334 3994.358974358975 4747.6923076923085 4556.923076923077 3852.307692307693 
4492.820512820514 4031.7948717948725 4430.769230769231 4508.717948717949 4482.564102564103 4712.307692307693 4324.615384615385 4355.384615384616 4731.282051282052 4049.23076923077 3996.9230769230776 4751.794871794872 4556.923076923077 3853.8461538461543 
4488.717948717949 4026.666666666667 4437.948717948719 4511.794871794872 4482.564102564103 4706.666666666667 4321.025641025642 4358.461538461539 4729.743589743591 4046.1538461538466 4001.0256410256416 4761.538461538462 4554.871794871796 3856.410256410257 
4495.8974358974365 4029.23076923077 4437.948717948719 4511.282051282052 4483.076923076924 4706.666666666667 4326.666666666667 4349.743589743591 4730.256410256411 4048.717948717949 3996.9230769230776 4759.48717948718 4554.871794871796 3857.435897435898 
4495.384615384616 4034.8717948717954 4444.102564102564 4520.512820512821 4481.538461538462 4710.256410256411 4331.794871794872 4355.384615384616 4728.205128205129 4048.717948717949 3993.8461538461543 4766.666666666667 4552.307692307693 3866.666666666667 
4495.384615384616 4043.589743589744 4441.025641025642 4525.128205128206 4488.717948717949 4718.974358974359 4332.820512820514 4361.538461538462 4723.076923076924 4046.666666666667 3990.7692307692314 4763.076923076924 4551.282051282052 3872.820512820513 
4498.461538461539 4047.692307692308 4442.051282051282 4525.641025641026 4494.871794871796 4719.48717948718 4330.769230769231 4366.666666666667 4722.051282051282 4045.6410256410263 3985.1282051282055 4763.589743589744 4549.743589743591 3876.9230769230776 
4503.589743589744 4049.23076923077 4436.410256410257 4523.076923076924 4494.871794871796 4722.051282051282 4333.846153846154 4362.051282051282 4723.076923076924 4045.1282051282055 3979.48717948718 4761.025641025642 4551.282051282052 3878.461538461539 
4502.564102564103 4048.205128205129 4434.871794871796 4524.102564102564 4493.333333333334 4723.589743589744 4334.871794871796 4362.051282051282 4722.051282051282 4045.6410256410263 3980.0000000000005 4762.051282051282 4555.8974358974365 3880.512820512821 
4504.102564102564 4048.717948717949 4429.743589743591 4523.076923076924 4495.384615384616 4721.538461538462 4332.307692307693 4364.615384615385 4725.128205128206 4043.589743589744 3980.5128205128212 4757.435897435898 4559.48717948718 3878.9743589743593 
4509.743589743591 4049.23076923077 4420.000000000001 4519.48717948718 4494.358974358975 4721.025641025642 4330.769230769231 4363.076923076924 4730.256410256411 4043.076923076924 3977.9487179487182 4750.769230769231 4564.102564102564 3874.358974358975 
4509.743589743591 4045.1282051282055 4417.948717948719 4516.410256410257 4490.769230769231 4718.461538461539 4330.769230769231 4365.128205128206 4730.769230769231 4048.205128205129 3978.9743589743593 4749.2307692307695 4569.2307692307695 3871.7948717948725 
4507.6923076923085 4043.589743589744 4415.8974358974365 4512.307692307693 4489.2307692307695 4716.923076923077 4331.282051282052 4359.48717948718 4730.769230769231 4051.2820512820517 3981.538461538462 4743.076923076924 4571.282051282052 3868.717948717949 
4507.179487179488 4043.589743589744 4417.435897435898 4509.743589743591 4488.205128205129 4713.333333333334 4326.666666666667 4358.461538461539 4732.307692307693 4049.7435897435903 3982.564102564103 4742.564102564103 4573.333333333334 3870.7692307692314 
4513.846153846154 4046.666666666667 4408.205128205129 4504.102564102564 4486.666666666667 4715.384615384616 4324.615384615385 4352.820512820514 4733.846153846154 4052.820512820513 3980.0000000000005 4732.307692307693 4578.461538461539 3865.1282051282055 
4516.410256410257 4042.0512820512827 4404.615384615385 4503.076923076924 4481.025641025642 4713.333333333334 4323.589743589744 4356.923076923077 4739.48717948718 4057.9487179487182 3982.564102564103 4731.794871794872 4580.000000000001 3858.9743589743593 
4518.461538461539 4041.538461538462 4392.820512820514 4496.410256410257 4478.461538461539 4713.846153846154 4323.076923076924 4347.6923076923085 4744.102564102564 4058.9743589743593 3984.1025641025644 4718.974358974359 4588.205128205129 3851.7948717948725 
4515.8974358974365 4041.0256410256416 4400.000000000001 4496.410256410257 4477.948717948719 4709.2307692307695 4317.435897435898 4351.282051282052 4745.128205128206 4059.48717948718 3985.1282051282055 4721.025641025642 4592.307692307693 3857.435897435898 
4521.025641025642 4044.615384615385 4398.974358974359 4496.923076923077 4481.538461538462 4710.256410256411 4318.974358974359 4351.794871794872 4744.615384615386 4058.461538461539 3984.1025641025644 4718.974358974359 4588.717948717949 3858.9743589743593 
4517.435897435898 4042.0512820512827 4404.102564102564 4503.589743589744 4482.051282051282 4708.717948717949 4320.512820512821 4355.8974358974365 4744.615384615386 4057.435897435898 3985.1282051282055 4726.666666666667 4581.025641025642 3862.564102564103 
4513.333333333334 4044.1025641025644 4402.564102564103 4505.128205128206 4485.128205128206 4714.871794871796 4323.076923076924 4351.282051282052 4740.512820512821 4056.9230769230776 3982.564102564103 4727.179487179488 4581.025641025642 3865.1282051282055 
