4525.128205128206 4044.615384615385 4394.358974358975 4520.000000000001 4497.435897435898 4732.307692307693 4323.589743589744 4379.48717948718 4734.871794871796 4041.538461538462 3914.358974358975 4248.717948717949 4595.384615384616 4394.871794871796 
4526.666666666667 4044.1025641025644 4395.384615384616 4522.051282051282 4497.435897435898 4731.794871794872 4323.076923076924 4380.000000000001 4733.846153846154 4043.589743589744 3912.820512820513 4251.282051282052 4593.333333333334 4392.820512820514 
4526.153846153847 4043.076923076924 4395.8974358974365 4520.512820512821 4497.948717948719 4731.794871794872 4323.589743589744 4383.589743589744 4735.8974358974365 4042.0512820512827 3913.333333333334 4250.769230769231 4592.820512820514 4390.256410256411 
4527.6923076923085 4042.0512820512827 4394.871794871796 4520.000000000001 4498.974358974359 4732.820512820514 4324.615384615385 4382.051282051282 4737.948717948719 4041.538461538462 3914.358974358975 4248.205128205129 4594.871794871796 4391.794871794872 
4526.153846153847 4042.0512820512827 4396.410256410257 4520.512820512821 4497.435897435898 4733.846153846154 4325.128205128206 4382.051282051282 4736.410256410257 4044.1025641025644 3914.8717948717954 4249.74358974359 4592.820512820514 4392.307692307693 
4525.641025641026 4043.076923076924 4399.48717948718 4516.923076923077 4495.384615384616 4731.794871794872 4322.564102564103 4383.076923076924 4735.384615384616 4044.615384615385 3912.307692307693 4251.794871794872 4591.794871794872 4392.307692307693 
4526.153846153847 4041.0256410256416 4398.974358974359 4514.871794871796 4496.410256410257 4729.743589743591 4320.512820512821 4381.538461538462 4736.923076923077 4041.538461538462 3912.307692307693 4249.2307692307695 4594.358974358975 4395.384615384616 
4527.179487179488 4040.0000000000005 4399.48717948718 4518.461538461539 4494.871794871796 4731.794871794872 4325.128205128206 4380.000000000001 4735.8974358974365 4041.538461538462 3916.410256410257 4250.769230769231 4594.358974358975 4395.384615384616 
4524.102564102564 4040.0000000000005 4397.435897435898 4519.48717948718 4492.307692307693 4733.846153846154 4323.076923076924 4382.051282051282 4734.358974358975 4043.076923076924 3916.9230769230776 4254.358974358975 4592.820512820514 4392.307692307693 
4526.153846153847 4041.538461538462 4394.358974358975 4516.410256410257 4497.435897435898 4733.333333333334 4317.435897435898 4383.589743589744 4734.358974358975 4043.589743589744 3912.820512820513 4251.794871794872 4594.358974358975 4393.333333333334 
4526.153846153847 4043.589743589744 4394.358974358975 4516.923076923077 4501.025641025642 4732.307692307693 4321.025641025642 4382.051282051282 4735.8974358974365 4044.1025641025644 3912.307692307693 4249.2307692307695 4595.384615384616 4397.435897435898 
4521.025641025642 4042.564102564103 4393.846153846154 4517.435897435898 4498.974358974359 4732.820512820514 4325.128205128206 4383.076923076924 4737.435897435898 4044.615384615385 3914.8717948717954 4249.74358974359 4593.846153846154 4395.8974358974365 
4521.025641025642 4042.0512820512827 4388.717948717949 4515.8974358974365 4497.948717948719 4733.846153846154 4324.615384615385 4384.102564102564 4736.410256410257 4044.1025641025644 3914.358974358975 4248.717948717949 4593.333333333334 4391.282051282052 
4524.102564102564 4043.076923076924 4388.205128205129 4515.8974358974365 4500.000000000001 4732.820512820514 4323.589743589744 4383.589743589744 4736.923076923077 4044.1025641025644 3912.820512820513 4248.717948717949 4594.358974358975 4393.333333333334 
4522.051282051282 4042.564102564103 4386.666666666667 4516.410256410257 4499.48717948718 4732.820512820514 4322.564102564103 4384.102564102564 4740.000000000001 4045.1282051282055 3913.333333333334 4249.74358974359 4595.384615384616 4394.871794871796 
4516.923076923077 4041.538461538462 4382.051282051282 4513.333333333334 4497.948717948719 4734.871794871796 4321.025641025642 4387.179487179487 4740.000000000001 4045.6410256410263 3913.8461538461543 4249.2307692307695 4595.8974358974365 4392.820512820514 
4517.948717948719 4042.564102564103 4382.564102564103 4513.333333333334 4498.461538461539 4734.358974358975 4323.589743589744 4387.179487179487 4736.410256410257 4046.666666666667 3913.333333333334 4249.2307692307695 4595.8974358974365 4393.333333333334 
4518.461538461539 4041.538461538462 4382.051282051282 4515.8974358974365 4499.48717948718 4731.794871794872 4323.076923076924 4383.589743589744 4736.410256410257 4046.1538461538466 3912.820512820513 4248.717948717949 4596.410256410257 4395.384615384616 
4517.948717948719 4040.5128205128212 4378.461538461539 4515.384615384616 4500.512820512821 4733.846153846154 4322.564102564103 4382.051282051282 4737.948717948719 4041.538461538462 3912.307692307693 4248.205128205129 4596.410256410257 4394.871794871796 
4520.000000000001 4041.0256410256416 4378.461538461539 4511.794871794872 4498.461538461539 4735.384615384616 4323.589743589744 4384.102564102564 4736.923076923077 4042.0512820512827 3913.333333333334 4248.717948717949 4594.871794871796 4392.820512820514 
4521.025641025642 4040.0000000000005 4382.051282051282 4511.794871794872 4497.948717948719 4733.333333333334 4317.948717948719 4385.641025641026 4736.923076923077 4044.615384615385 3913.333333333334 4248.205128205129 4596.410256410257 4392.307692307693 
4516.410256410257 4037.9487179487182 4383.076923076924 4514.358974358975 4499.48717948718 4731.794871794872 4316.923076923077 4385.641025641026 4739.48717948718 4043.076923076924 3914.358974358975 4247.6923076923085 4596.410256410257 4395.384615384616 
4516.923076923077 4039.48717948718 4382.051282051282 4514.358974358975 4501.025641025642 4732.820512820514 4322.564102564103 4386.153846153847 4740.000000000001 4043.076923076924 3915.8974358974365 4249.2307692307695 4595.8974358974365 4399.48717948718 
4522.051282051282 4042.0512820512827 4379.48717948718 4512.820512820514 4501.025641025642 4732.820512820514 4322.564102564103 4387.179487179487 4737.948717948719 4045.1282051282055 3916.410256410257 4249.2307692307695 4599.48717948718 4395.384615384616 
4523.076923076924 4041.538461538462 4378.974358974359 4512.820512820514 4499.48717948718 4732.307692307693 4318.461538461539 4384.615384615385 4736.410256410257 4044.1025641025644 3914.358974358975 4248.717948717949 4599.48717948718 4394.358974358975 
4519.48717948718 4040.0000000000005 4383.076923076924 4512.820512820514 4498.974358974359 4732.307692307693 4319.48717948718 4384.102564102564 4737.948717948719 4045.1282051282055 3914.358974358975 4249.2307692307695 4593.846153846154 4397.435897435898 
4518.974358974359 4039.48717948718 4381.025641025642 4512.307692307693 4500.000000000001 4732.820512820514 4323.589743589744 4387.6923076923085 4738.461538461539 4044.615384615385 3914.358974358975 4249.2307692307695 4594.358974358975 4395.384615384616 
4518.974358974359 4039.48717948718 4376.410256410257 4512.307692307693 4501.025641025642 4732.307692307693 4322.564102564103 4388.717948717949 4736.410256410257 4042.0512820512827 3911.7948717948725 4248.717948717949 4597.435897435898 4393.333333333334 
4516.410256410257 4039.48717948718 4377.948717948719 4512.820512820514 4500.000000000001 4732.820512820514 4317.948717948719 4386.666666666667 4738.461538461539 4044.615384615385 3914.8717948717954 4248.205128205129 4596.410256410257 4396.410256410257 
4513.846153846154 4039.48717948718 4377.948717948719 4510.769230769231 4498.974358974359 4733.333333333334 4317.435897435898 4384.615384615385 4741.538461538462 4047.692307692308 3917.435897435898 4249.2307692307695 4597.435897435898 4395.8974358974365 
4513.333333333334 4038.9743589743593 4373.333333333334 4510.256410256411 4498.974358974359 4732.307692307693 4321.025641025642 4386.153846153847 4741.025641025642 4043.076923076924 3913.333333333334 4249.74358974359 4600.000000000001 4392.307692307693 
4513.846153846154 4040.0000000000005 4372.820512820514 4510.256410256411 4501.538461538462 4732.307692307693 4323.076923076924 4390.256410256411 4741.025641025642 4042.0512820512827 3912.820512820513 4246.666666666667 4600.512820512821 4393.846153846154 
4512.820512820514 4039.48717948718 4373.333333333334 4510.256410256411 4505.128205128206 4733.846153846154 4322.564102564103 4390.256410256411 4742.051282051282 4045.6410256410263 3913.8461538461543 4245.641025641026 4598.974358974359 4396.410256410257 
4511.282051282052 4037.435897435898 4371.282051282052 4508.717948717949 4504.102564102564 4733.846153846154 4324.102564102564 4388.717948717949 4740.512820512821 4044.1025641025644 3912.820512820513 4248.717948717949 4595.8974358974365 4394.358974358975 
4510.769230769231 4036.9230769230776 4371.794871794872 4507.179487179488 4499.48717948718 4733.333333333334 4325.128205128206 4388.717948717949 4738.974358974359 4043.076923076924 3913.333333333334 4249.74358974359 4594.871794871796 4393.333333333334 
4511.794871794872 4037.9487179487182 4375.384615384616 4507.6923076923085 4500.512820512821 4735.384615384616 4323.076923076924 4388.717948717949 4738.461538461539 4045.1282051282055 3914.358974358975 4248.205128205129 4596.923076923077 4394.358974358975 
4511.794871794872 4037.9487179487182 4372.307692307693 4510.256410256411 4502.564102564103 4735.8974358974365 4323.589743589744 4389.743589743591 4740.000000000001 4044.615384615385 3913.333333333334 4247.6923076923085 4594.871794871796 4393.846153846154 
4512.820512820514 4038.461538461539 4371.794871794872 4510.256410256411 4500.512820512821 4733.846153846154 4325.128205128206 4388.205128205129 4741.538461538462 4044.615384615385 3912.307692307693 4249.2307692307695 4591.794871794872 4393.846153846154 
4511.794871794872 4037.435897435898 4374.358974358975 4507.179487179488 4502.564102564103 4732.820512820514 4325.128205128206 4386.666666666667 4742.051282051282 4044.615384615385 3913.8461538461543 4249.2307692307695 4593.846153846154 4395.384615384616 
4512.307692307693 4038.461538461539 4374.358974358975 4509.743589743591 4504.615384615385 4735.384615384616 4323.076923076924 4387.6923076923085 4738.461538461539 4042.564102564103 3914.8717948717954 4248.205128205129 4595.8974358974365 4394.871794871796 
4512.307692307693 4039.48717948718 4371.282051282052 4509.743589743591 4504.102564102564 4736.923076923077 4322.564102564103 4387.6923076923085 4738.461538461539 4043.589743589744 3914.358974358975 4247.6923076923085 4593.846153846154 4392.820512820514 
4510.256410256411 4039.48717948718 4371.282051282052 4507.6923076923085 4504.102564102564 4735.8974358974365 4323.589743589744 4386.153846153847 4741.025641025642 4046.1538461538466 3916.410256410257 4248.205128205129 4593.333333333334 4392.820512820514 
4509.2307692307695 4040.5128205128212 4375.8974358974365 4512.307692307693 4503.076923076924 4734.871794871796 4323.076923076924 4388.205128205129 4739.48717948718 4045.1282051282055 3917.435897435898 4248.205128205129 4596.410256410257 4394.358974358975 
4512.820512820514 4041.0256410256416 4378.461538461539 4515.8974358974365 4501.025641025642 4734.358974358975 4323.076923076924 4389.2307692307695 4736.410256410257 4042.0512820512827 3913.333333333334 4247.179487179487 4598.461538461539 4398.974358974359 
4515.384615384616 4040.5128205128212 4379.48717948718 4514.871794871796 4498.974358974359 4733.333333333334 4322.564102564103 4386.153846153847 4736.410256410257 4044.1025641025644 3911.2820512820517 4248.717948717949 4595.8974358974365 4400.512820512821 
4514.871794871796 4041.538461538462 4380.512820512821 4513.846153846154 4496.923076923077 4733.846153846154 4318.974358974359 4386.153846153847 4737.948717948719 4046.666666666667 3913.333333333334 4250.256410256411 4594.358974358975 4397.435897435898 
4515.8974358974365 4041.0256410256416 4383.076923076924 4514.358974358975 4498.461538461539 4735.384615384616 4318.974358974359 4386.153846153847 4738.461538461539 4043.589743589744 3913.8461538461543 4248.717948717949 4594.871794871796 4394.358974358975 
4517.948717948719 4038.9743589743593 4385.641025641026 4514.358974358975 4503.076923076924 4733.846153846154 4322.564102564103 4385.128205128206 4736.410256410257 4041.0256410256416 3912.820512820513 4248.205128205129 4593.333333333334 4393.333333333334 
4517.948717948719 4043.076923076924 4386.666666666667 4516.923076923077 4501.538461538462 4732.820512820514 4324.102564102564 4385.641025641026 4733.333333333334 4043.076923076924 3912.820512820513 4249.2307692307695 4591.794871794872 4394.871794871796 
4516.923076923077 4045.1282051282055 4387.179487179487 4517.948717948719 4498.974358974359 4734.871794871796 4322.564102564103 4385.641025641026 4736.410256410257 4044.615384615385 3912.820512820513 4249.2307692307695 4593.846153846154 4397.435897435898 
4518.974358974359 4041.538461538462 4390.256410256411 4515.384615384616 4500.000000000001 4734.871794871796 4317.435897435898 4383.076923076924 4740.512820512821 4043.076923076924 3913.8461538461543 4248.205128205129 4593.846153846154 4396.410256410257 
4518.461538461539 4041.0256410256416 4390.769230769231 4516.923076923077 4499.48717948718 4733.333333333334 4316.410256410257 4381.025641025642 4738.974358974359 4044.1025641025644 3913.333333333334 4248.717948717949 4592.307692307693 4393.333333333334 
4516.923076923077 4045.6410256410263 4388.205128205129 4521.025641025642 4499.48717948718 4734.358974358975 4321.538461538462 4380.512820512821 4736.923076923077 4044.615384615385 3912.820512820513 4248.717948717949 4593.846153846154 4396.410256410257 
4515.8974358974365 4046.666666666667 4388.205128205129 4520.512820512821 4501.025641025642 4734.871794871796 4321.538461538462 4380.000000000001 4738.461538461539 4044.1025641025644 3914.358974358975 4247.6923076923085 4595.384615384616 4395.8974358974365 
4518.974358974359 4046.1538461538466 4392.307692307693 4520.000000000001 4501.025641025642 4733.846153846154 4317.948717948719 4378.461538461539 4737.435897435898 4042.564102564103 3913.333333333334 4247.6923076923085 4594.358974358975 4392.820512820514 
4521.538461538462 4046.1538461538466 4390.256410256411 4522.051282051282 4498.974358974359 4733.333333333334 4321.025641025642 4380.000000000001 4733.846153846154 4040.5128205128212 3912.307692307693 4249.74358974359 4594.358974358975 4394.871794871796 
4524.102564102564 4046.666666666667 4388.205128205129 4521.538461538462 4496.923076923077 4733.846153846154 4323.589743589744 4381.538461538462 4732.820512820514 4041.0256410256416 3912.820512820513 4251.282051282052 4594.358974358975 4393.846153846154 
4524.102564102564 4044.1025641025644 4391.282051282052 4519.48717948718 4495.8974358974365 4733.846153846154 4321.538461538462 4382.051282051282 4736.410256410257 4043.076923076924 3912.820512820513 4249.2307692307695 4593.846153846154 4392.307692307693 
4523.589743589744 4042.564102564103 4395.8974358974365 4521.538461538462 4496.923076923077 4733.333333333334 4322.564102564103 4381.025641025642 4737.435897435898 4043.076923076924 3912.820512820513 4248.717948717949 4594.358974358975 4397.435897435898 
4524.102564102564 4044.615384615385 4394.871794871796 4521.538461538462 4495.8974358974365 4732.307692307693 4321.538461538462 4380.000000000001 4735.384615384616 4043.076923076924 3913.333333333334 4250.256410256411 4593.846153846154 4397.948717948719 
4523.589743589744 4047.692307692308 4395.8974358974365 4519.48717948718 4495.8974358974365 4732.307692307693 4318.974358974359 4377.435897435898 4735.384615384616 4043.076923076924 3913.8461538461543 4250.256410256411 4594.871794871796 4393.333333333334 
4523.589743589744 4045.1282051282055 4400.000000000001 4520.512820512821 4498.461538461539 4734.358974358975 4320.000000000001 4378.974358974359 4735.8974358974365 4041.0256410256416 3913.8461538461543 4248.205128205129 4595.384615384616 4394.871794871796 
4525.128205128206 4043.589743589744 4398.461538461539 4522.051282051282 4498.461538461539 4733.846153846154 4321.025641025642 4383.076923076924 4734.871794871796 4041.538461538462 3913.8461538461543 4248.205128205129 4594.358974358975 4397.435897435898 
4526.666666666667 4045.6410256410263 4397.435897435898 4521.538461538462 4496.923076923077 4731.794871794872 4321.025641025642 4381.025641025642 4735.384615384616 4043.589743589744 3913.333333333334 4249.74358974359 4593.333333333334 4393.846153846154 
4527.179487179488 4046.1538461538466 4400.000000000001 4520.512820512821 4496.923076923077 4731.794871794872 4321.025641025642 4380.512820512821 4735.8974358974365 4041.0256410256416 3913.333333333334 4250.256410256411 4593.846153846154 4393.333333333334 
4525.128205128206 4044.615384615385 4400.512820512821 4522.051282051282 4497.435897435898 4733.846153846154 4324.102564102564 4383.076923076924 4734.871794871796 4040.0000000000005 3913.333333333334 4249.2307692307695 4593.846153846154 4396.410256410257 
4522.051282051282 4043.076923076924 4396.923076923077 4521.025641025642 4496.923076923077 4733.333333333334 4324.102564102564 4384.615384615385 4735.8974358974365 4044.1025641025644 3913.8461538461543 4249.2307692307695 4594.358974358975 4395.8974358974365 
4523.589743589744 4045.6410256410263 4392.820512820514 4518.461538461539 4496.923076923077 4732.307692307693 4316.410256410257 4384.102564102564 4737.948717948719 4045.1282051282055 3913.8461538461543 4250.769230769231 4595.8974358974365 4396.410256410257 
4523.589743589744 4044.1025641025644 4391.282051282052 4517.435897435898 4498.461538461539 4732.820512820514 4315.8974358974365 4385.128205128206 4738.974358974359 4043.076923076924 3913.333333333334 4251.282051282052 4594.871794871796 4396.923076923077 
4520.512820512821 4041.0256410256416 4389.743589743591 4519.48717948718 4501.538461538462 4732.307692307693 4325.128205128206 4384.615384615385 4736.923076923077 4045.1282051282055 3913.8461538461543 4249.2307692307695 4595.8974358974365 4393.333333333334 
4517.435897435898 4042.0512820512827 4385.128205128206 4516.923076923077 4500.000000000001 4733.333333333334 4324.102564102564 4385.641025641026 4736.923076923077 4045.6410256410263 3913.333333333334 4247.6923076923085 4596.923076923077 4392.307692307693 
4516.923076923077 4044.615384615385 4382.051282051282 4511.794871794872 4495.8974358974365 4733.846153846154 4314.358974358975 4385.641025641026 4738.461538461539 4043.589743589744 3912.820512820513 4248.717948717949 4595.384615384616 4397.435897435898 
4513.846153846154 4041.538461538462 4380.512820512821 4512.307692307693 4497.435897435898 4733.846153846154 4312.820512820514 4383.589743589744 4738.461538461539 4044.615384615385 3912.820512820513 4249.2307692307695 4594.871794871796 4400.000000000001 
4514.358974358975 4038.461538461539 4378.974358974359 4514.358974358975 4498.974358974359 4733.846153846154 4316.923076923077 4382.564102564103 4736.923076923077 4045.6410256410263 3913.333333333334 4248.717948717949 4595.8974358974365 4397.435897435898 
4516.923076923077 4040.0000000000005 4381.538461538462 4513.333333333334 4500.512820512821 4733.333333333334 4320.512820512821 4382.564102564103 4737.435897435898 4043.589743589744 3913.333333333334 4248.717948717949 4594.871794871796 4396.923076923077 
4516.923076923077 4041.0256410256416 4387.6923076923085 4512.820512820514 4502.051282051282 4733.333333333334 4323.589743589744 4382.051282051282 4736.410256410257 4041.538461538462 3913.333333333334 4249.2307692307695 4593.333333333334 4397.435897435898 
4516.410256410257 4040.0000000000005 4385.641025641026 4514.871794871796 4500.000000000001 4733.333333333334 4324.102564102564 4382.051282051282 4734.871794871796 4044.1025641025644 3912.820512820513 4249.2307692307695 4595.8974358974365 4396.923076923077 
4516.923076923077 4040.5128205128212 4382.051282051282 4514.871794871796 4497.435897435898 4733.846153846154 4325.641025641026 4383.589743589744 4736.923076923077 4045.6410256410263 3912.820512820513 4248.205128205129 4597.435897435898 4395.384615384616 
4517.435897435898 4040.5128205128212 4385.641025641026 4514.871794871796 4498.461538461539 4733.846153846154 4325.128205128206 4385.128205128206 4740.000000000001 4043.076923076924 3913.8461538461543 4248.205128205129 4595.384615384616 4392.820512820514 
4518.461538461539 4041.0256410256416 4388.205128205129 4515.384615384616 4500.000000000001 4733.333333333334 4323.076923076924 4384.615384615385 4738.461538461539 4043.589743589744 3913.8461538461543 4247.6923076923085 4595.384615384616 4395.384615384616 
4520.000000000001 4042.0512820512827 4385.128205128206 4514.358974358975 4499.48717948718 4733.333333333334 4323.589743589744 4383.589743589744 4736.410256410257 4046.1538461538466 3913.333333333334 4248.717948717949 4596.410256410257 4398.974358974359 
4518.461538461539 4042.0512820512827 4384.615384615385 4513.333333333334 4500.512820512821 4732.820512820514 4323.076923076924 4384.102564102564 4737.948717948719 4045.6410256410263 3913.333333333334 4248.717948717949 4596.410256410257 4396.923076923077 
4516.923076923077 4041.538461538462 4387.6923076923085 4516.410256410257 4500.512820512821 4733.333333333334 4321.538461538462 4385.128205128206 4736.923076923077 4042.564102564103 3912.307692307693 4247.179487179487 4594.871794871796 4395.384615384616 
4518.461538461539 4041.538461538462 4387.6923076923085 4517.948717948719 4499.48717948718 4732.307692307693 4321.538461538462 4384.615384615385 4735.8974358974365 4043.076923076924 3912.820512820513 4248.717948717949 4593.846153846154 4395.384615384616 
4521.538461538462 4043.076923076924 4388.205128205129 4516.923076923077 4499.48717948718 4733.333333333334 4323.076923076924 4382.564102564103 4736.923076923077 4043.589743589744 3912.820512820513 4250.256410256411 4595.384615384616 4396.410256410257 
4519.48717948718 4044.615384615385 4389.743589743591 4516.410256410257 4498.461538461539 4733.846153846154 4323.076923076924 4382.051282051282 4737.948717948719 4044.615384615385 3912.307692307693 4248.717948717949 4597.435897435898 4396.410256410257 
4520.000000000001 4046.666666666667 4391.282051282052 4518.461538461539 4498.461538461539 4732.820512820514 4322.051282051282 4381.538461538462 4736.410256410257 4043.589743589744 3914.358974358975 4248.717948717949 4595.384615384616 4395.384615384616 
4523.589743589744 4045.6410256410263 4393.333333333334 4520.512820512821 4497.948717948719 4731.794871794872 4321.025641025642 4379.48717948718 4735.8974358974365 4042.564102564103 3914.8717948717954 4250.256410256411 4593.846153846154 4394.871794871796 
4525.128205128206 4043.589743589744 4395.384615384616 4521.025641025642 4496.923076923077 4732.820512820514 4316.410256410257 4378.461538461539 4735.384615384616 4042.0512820512827 3912.820512820513 4249.2307692307695 4596.923076923077 4395.384615384616 
4523.076923076924 4042.564102564103 4394.871794871796 4522.051282051282 4497.435897435898 4733.846153846154 4314.871794871796 4380.000000000001 4735.8974358974365 4043.076923076924 3912.307692307693 4250.256410256411 4595.8974358974365 4393.333333333334 
4523.589743589744 4045.1282051282055 4395.384615384616 4524.615384615385 4497.948717948719 4733.846153846154 4320.512820512821 4380.512820512821 4737.435897435898 4043.589743589744 3913.333333333334 4252.307692307693 4591.282051282052 4393.333333333334 
4524.102564102564 4046.666666666667 4397.435897435898 4522.564102564103 4497.948717948719 4733.333333333334 4322.051282051282 4378.974358974359 4737.435897435898 4044.1025641025644 3913.8461538461543 4250.769230769231 4593.333333333334 4394.358974358975 
4522.564102564103 4043.589743589744 4397.435897435898 4520.512820512821 4496.923076923077 4731.794871794872 4317.435897435898 4380.000000000001 4736.410256410257 4044.1025641025644 3913.333333333334 4248.717948717949 4596.923076923077 4391.794871794872 
4523.076923076924 4041.538461538462 4394.871794871796 4520.000000000001 4498.461538461539 4731.794871794872 4318.461538461539 4383.076923076924 4735.384615384616 4042.564102564103 3912.820512820513 4250.769230769231 4594.358974358975 4390.256410256411 
4524.615384615385 4044.1025641025644 4394.871794871796 4520.000000000001 4498.461538461539 4732.820512820514 4320.512820512821 4383.076923076924 4735.8974358974365 4041.538461538462 3913.333333333334 4252.307692307693 4592.820512820514 4391.794871794872 
4524.615384615385 4043.076923076924 4396.410256410257 4520.512820512821 4495.384615384616 4732.820512820514 4320.000000000001 4382.564102564103 4735.8974358974365 4041.0256410256416 3913.8461538461543 4249.2307692307695 4594.871794871796 4393.333333333334 
4521.538461538462 4042.564102564103 4394.871794871796 4518.974358974359 4495.8974358974365 4732.820512820514 4322.564102564103 4384.615384615385 4736.923076923077 4042.564102564103 3913.333333333334 4247.179487179487 4594.871794871796 4395.384615384616 
4521.538461538462 4044.615384615385 4393.333333333334 4517.948717948719 4498.974358974359 4733.846153846154 4322.051282051282 4384.102564102564 4737.948717948719 4043.589743589744 3914.358974358975 4249.2307692307695 4594.871794871796 4396.410256410257 
4522.564102564103 4042.0512820512827 4391.794871794872 4519.48717948718 4500.000000000001 4734.358974358975 4319.48717948718 4383.589743589744 4736.923076923077 4044.1025641025644 3913.8461538461543 4249.2307692307695 4594.871794871796 4395.8974358974365 
4521.538461538462 4038.9743589743593 4391.282051282052 4521.538461538462 4498.461538461539 4733.333333333334 4321.538461538462 4385.128205128206 4736.923076923077 4044.615384615385 3912.820512820513 4248.205128205129 4594.871794871796 4395.8974358974365 
4518.974358974359 4042.564102564103 4391.794871794872 4517.435897435898 4497.948717948719 4732.820512820514 4324.102564102564 4386.153846153847 4738.461538461539 4045.1282051282055 3913.8461538461543 4250.769230769231 4596.923076923077 4395.384615384616 
4520.000000000001 4045.1282051282055 4391.794871794872 4514.358974358975 4496.923076923077 4732.820512820514 4322.564102564103 4385.128205128206 4737.948717948719 4043.076923076924 3913.8461538461543 4252.307692307693 4595.8974358974365 4392.307692307693 
4520.512820512821 4042.564102564103 4390.769230769231 4516.923076923077 4497.948717948719 4733.333333333334 4321.025641025642 4383.589743589744 4735.8974358974365 4044.1025641025644 3912.820512820513 4250.769230769231 4593.846153846154 4391.794871794872 
4520.512820512821 4043.076923076924 4390.769230769231 4519.48717948718 4500.512820512821 4733.333333333334 4320.000000000001 4380.512820512821 4735.8974358974365 4047.1794871794878 3913.333333333334 4249.74358974359 4594.358974358975 4394.871794871796 
4520.512820512821 4043.076923076924 4390.256410256411 4518.974358974359 4498.461538461539 4733.333333333334 4319.48717948718 4381.025641025642 4737.948717948719 4043.076923076924 3914.8717948717954 4249.2307692307695 4595.384615384616 4395.384615384616 
4521.025641025642 4041.538461538462 4390.769230769231 4518.974358974359 4496.410256410257 4733.333333333334 4318.461538461539 4383.076923076924 4736.923076923077 4040.0000000000005 3912.820512820513 4249.74358974359 4594.358974358975 4392.820512820514 
4520.000000000001 4043.076923076924 4394.358974358975 4518.974358974359 4497.948717948719 4731.794871794872 4317.948717948719 4385.128205128206 4735.8974358974365 4043.076923076924 3911.7948717948725 4250.256410256411 4593.846153846154 4394.871794871796 
4519.48717948718 4044.1025641025644 4394.871794871796 4518.461538461539 4498.461538461539 4731.794871794872 4321.538461538462 4385.641025641026 4735.8974358974365 4044.1025641025644 3915.3846153846157 4249.74358974359 4594.358974358975 4396.410256410257 
4520.512820512821 4040.5128205128212 4393.333333333334 4519.48717948718 4495.8974358974365 4733.333333333334 4322.564102564103 4385.128205128206 4736.410256410257 4043.076923076924 3917.435897435898 4249.74358974359 4595.8974358974365 4393.333333333334 
4522.564102564103 4038.9743589743593 4393.333333333334 4520.512820512821 4496.410256410257 4733.846153846154 4320.000000000001 4384.615384615385 4736.410256410257 4044.1025641025644 3914.358974358975 4251.282051282052 4595.8974358974365 4391.794871794872 
4521.025641025642 4041.538461538462 4390.769230769231 4518.974358974359 4498.461538461539 4732.820512820514 4320.512820512821 4384.102564102564 4736.410256410257 4042.564102564103 3911.2820512820517 4249.2307692307695 4593.333333333334 4394.871794871796 
4519.48717948718 4044.1025641025644 4389.743589743591 4515.8974358974365 4497.948717948719 4732.820512820514 4323.589743589744 4383.076923076924 4734.871794871796 4039.48717948718 3913.333333333334 4247.179487179487 4591.794871794872 4395.384615384616 
4522.564102564103 4044.615384615385 4391.282051282052 4515.8974358974365 4498.461538461539 4732.820512820514 4322.564102564103 4383.589743589744 4735.384615384616 4042.0512820512827 3914.8717948717954 4248.205128205129 4593.333333333334 4394.871794871796 
4521.538461538462 4043.589743589744 4389.2307692307695 4517.435897435898 4498.461538461539 4732.307692307693 4322.564102564103 4384.102564102564 4738.461538461539 4045.1282051282055 3913.333333333334 4249.2307692307695 4595.8974358974365 4396.410256410257 
4517.948717948719 4043.076923076924 4389.2307692307695 4517.435897435898 4495.384615384616 4732.820512820514 4324.102564102564 4383.076923076924 4735.8974358974365 4045.6410256410263 3912.307692307693 4247.6923076923085 4596.410256410257 4397.948717948719 
4518.461538461539 4042.564102564103 4389.743589743591 4514.871794871796 4496.410256410257 4733.333333333334 4322.564102564103 4384.615384615385 4734.358974358975 4046.1538461538466 3914.358974358975 4248.205128205129 4594.871794871796 4397.435897435898 
4521.538461538462 4042.0512820512827 4387.179487179487 4515.8974358974365 4500.000000000001 4733.333333333334 4322.564102564103 4386.666666666667 4737.435897435898 4046.1538461538466 3914.358974358975 4249.74358974359 4594.871794871796 4396.923076923077 
4518.461538461539 4041.0256410256416 4384.615384615385 4517.948717948719 4498.974358974359 4734.358974358975 4324.102564102564 4384.615384615385 4738.974358974359 4045.6410256410263 3912.820512820513 4250.256410256411 4593.846153846154 4394.358974358975 
4519.48717948718 4041.538461538462 4385.128205128206 4516.410256410257 4498.461538461539 4735.384615384616 4325.641025641026 4383.076923076924 4737.435897435898 4045.1282051282055 3913.8461538461543 4248.205128205129 4593.846153846154 4391.794871794872 
4523.589743589744 4042.0512820512827 4383.076923076924 4515.384615384616 4501.538461538462 4734.358974358975 4324.615384615385 4385.641025641026 4738.974358974359 4043.076923076924 3913.8461538461543 4247.6923076923085 4595.384615384616 4392.307692307693 
4521.025641025642 4043.076923076924 4382.051282051282 4516.410256410257 4502.051282051282 4732.820512820514 4322.051282051282 4385.128205128206 4738.461538461539 4042.0512820512827 3913.8461538461543 4249.74358974359 4595.384615384616 4395.8974358974365 
4515.384615384616 4043.076923076924 4383.589743589744 4517.435897435898 4498.974358974359 4733.333333333334 4320.512820512821 4383.589743589744 4737.435897435898 4043.589743589744 3913.8461538461543 4248.717948717949 4594.871794871796 4396.923076923077 
4516.923076923077 4042.0512820512827 4384.615384615385 4518.461538461539 4501.538461538462 4734.358974358975 4322.564102564103 4384.615384615385 4737.948717948719 4043.076923076924 3912.307692307693 4247.179487179487 4595.8974358974365 4394.358974358975 
4517.948717948719 4042.564102564103 4384.102564102564 4516.923076923077 4502.564102564103 4734.871794871796 4322.051282051282 4386.153846153847 4737.435897435898 4042.564102564103 3911.7948717948725 4248.717948717949 4596.410256410257 4393.333333333334 
4514.871794871796 4044.615384615385 4384.615384615385 4514.358974358975 4497.948717948719 4734.871794871796 4319.48717948718 4385.641025641026 4735.8974358974365 4043.076923076924 3914.8717948717954 4249.74358974359 4595.8974358974365 4396.410256410257 
4514.358974358975 4043.589743589744 4384.615384615385 4514.871794871796 4498.461538461539 4733.333333333334 4323.589743589744 4385.128205128206 4735.8974358974365 4044.1025641025644 3913.333333333334 4249.2307692307695 4595.384615384616 4396.410256410257 
4516.410256410257 4041.538461538462 4385.128205128206 4516.410256410257 4503.076923076924 4731.282051282052 4326.153846153847 4384.102564102564 4737.435897435898 4043.589743589744 3910.2564102564106 4248.717948717949 4593.846153846154 4393.333333333334 
4517.948717948719 4042.564102564103 4386.153846153847 4515.8974358974365 4501.538461538462 4732.820512820514 4323.589743589744 4385.128205128206 4737.435897435898 4043.076923076924 3912.820512820513 4248.717948717949 4593.333333333334 4393.846153846154 
4520.000000000001 4045.6410256410263 4386.153846153847 4515.8974358974365 4496.923076923077 4734.871794871796 4324.102564102564 4386.666666666667 4735.8974358974365 4043.589743589744 3914.358974358975 4248.205128205129 4595.8974358974365 4394.871794871796 
4520.000000000001 4044.615384615385 4386.153846153847 4517.948717948719 4498.974358974359 4734.871794871796 4325.641025641026 4383.589743589744 4736.410256410257 4042.564102564103 3912.820512820513 4247.6923076923085 4596.410256410257 4394.871794871796 
4517.948717948719 4041.538461538462 4387.179487179487 4518.974358974359 4502.564102564103 4733.846153846154 4322.051282051282 4382.051282051282 4738.461538461539 4042.564102564103 3912.820512820513 4248.205128205129 4593.333333333334 4394.871794871796 
4518.461538461539 4042.0512820512827 4388.205128205129 4515.384615384616 4503.076923076924 4733.333333333334 4320.000000000001 4384.615384615385 4737.435897435898 4041.538461538462 3912.820512820513 4248.205128205129 4592.820512820514 4394.871794871796 
4517.948717948719 4042.564102564103 4386.666666666667 4515.8974358974365 4501.025641025642 4733.846153846154 4322.051282051282 4385.128205128206 4736.410256410257 4040.5128205128212 3913.333333333334 4247.6923076923085 4594.871794871796 4396.410256410257 
4518.974358974359 4042.0512820512827 4387.6923076923085 4521.538461538462 4499.48717948718 4733.846153846154 4324.615384615385 4382.564102564103 4738.461538461539 4041.538461538462 3914.358974358975 4248.717948717949 4594.358974358975 4397.435897435898 
4518.974358974359 4043.589743589744 4389.2307692307695 4521.025641025642 4500.000000000001 4733.846153846154 4322.564102564103 4381.538461538462 4737.435897435898 4043.076923076924 3913.8461538461543 4250.769230769231 4593.333333333334 4393.846153846154 
4519.48717948718 4045.1282051282055 4387.6923076923085 4516.923076923077 4501.025641025642 4734.358974358975 4316.923076923077 4381.025641025642 4733.846153846154 4042.0512820512827 3912.307692307693 4250.769230769231 4593.846153846154 4393.333333333334 
4518.461538461539 4043.076923076924 4384.615384615385 4518.974358974359 4498.974358974359 4734.358974358975 4316.410256410257 4382.051282051282 4734.358974358975 4040.5128205128212 3913.333333333334 4248.717948717949 4593.846153846154 4396.410256410257 
4519.48717948718 4043.076923076924 4388.205128205129 4522.051282051282 4500.000000000001 4733.846153846154 4321.025641025642 4383.076923076924 4737.435897435898 4043.076923076924 3914.358974358975 4248.205128205129 4594.871794871796 4393.846153846154 
4522.051282051282 4044.615384615385 4392.307692307693 4520.512820512821 4501.025641025642 4733.333333333334 4323.076923076924 4382.051282051282 4737.435897435898 4043.589743589744 3913.333333333334 4248.205128205129 4594.358974358975 4390.769230769231 
4523.076923076924 4042.564102564103 4392.820512820514 4518.461538461539 4497.435897435898 4733.333333333334 4323.589743589744 4381.538461538462 4735.384615384616 4041.538461538462 3912.820512820513 4248.717948717949 4592.820512820514 4394.871794871796 
4521.538461538462 4041.0256410256416 4391.794871794872 4518.974358974359 4497.435897435898 4732.820512820514 4324.102564102564 4383.589743589744 4735.384615384616 4043.589743589744 3911.7948717948725 4248.717948717949 4593.333333333334 4394.358974358975 
4521.538461538462 4043.076923076924 4391.282051282052 4521.025641025642 4500.512820512821 4732.820512820514 4322.564102564103 4385.128205128206 4736.410256410257 4044.615384615385 3912.307692307693 4248.205128205129 4595.384615384616 4391.282051282052 
4524.102564102564 4044.1025641025644 4389.743589743591 4520.512820512821 4500.000000000001 4733.846153846154 4322.051282051282 4385.641025641026 4736.410256410257 4043.589743589744 3913.8461538461543 4248.205128205129 4595.384615384616 4392.307692307693 
4524.102564102564 4043.589743589744 4388.717948717949 4518.974358974359 4497.948717948719 4733.333333333334 4322.564102564103 4383.589743589744 4736.923076923077 4043.076923076924 3914.8717948717954 4248.717948717949 4594.871794871796 4395.384615384616 
4521.538461538462 4042.0512820512827 4393.333333333334 4520.000000000001 4499.48717948718 4732.820512820514 4324.102564102564 4381.025641025642 4735.384615384616 4044.1025641025644 3913.333333333334 4249.74358974359 4594.871794871796 4395.384615384616 
4518.974358974359 4043.589743589744 4396.410256410257 4521.538461538462 4500.512820512821 4733.333333333334 4325.128205128206 4383.076923076924 4734.358974358975 4042.564102564103 3912.307692307693 4250.256410256411 4592.307692307693 4393.333333333334 
4519.48717948718 4045.1282051282055 4393.333333333334 4520.512820512821 4499.48717948718 4733.333333333334 4324.615384615385 4383.076923076924 4736.410256410257 4042.0512820512827 3912.820512820513 4248.717948717949 4593.846153846154 4391.282051282052 
4521.538461538462 4041.538461538462 4389.2307692307695 4516.923076923077 4498.974358974359 4732.820512820514 4324.615384615385 4381.538461538462 4736.923076923077 4044.615384615385 3913.333333333334 4248.717948717949 4597.435897435898 4393.333333333334 
4523.076923076924 4040.0000000000005 4389.2307692307695 4516.410256410257 4497.435897435898 4732.307692307693 4326.153846153847 4383.076923076924 4736.410256410257 4043.589743589744 3913.8461538461543 4250.256410256411 4595.8974358974365 4396.410256410257 
4522.051282051282 4040.5128205128212 4388.717948717949 4517.435897435898 4497.948717948719 4733.333333333334 4325.641025641026 4384.615384615385 4737.948717948719 4040.5128205128212 3914.358974358975 4249.2307692307695 4593.333333333334 4395.384615384616 
4520.512820512821 4040.5128205128212 4387.179487179487 4518.461538461539 4499.48717948718 4732.307692307693 4323.589743589744 4384.102564102564 4737.435897435898 4042.0512820512827 3914.358974358975 4248.205128205129 4594.358974358975 4392.307692307693 
4520.000000000001 4040.0000000000005 4388.717948717949 4515.8974358974365 4500.000000000001 4732.820512820514 4322.051282051282 4384.102564102564 4735.8974358974365 4043.076923076924 3913.8461538461543 4248.717948717949 4594.358974358975 4393.333333333334 
4522.051282051282 4041.538461538462 4388.717948717949 4514.358974358975 4498.974358974359 4734.871794871796 4322.051282051282 4384.102564102564 4737.948717948719 4041.0256410256416 3912.307692307693 4249.2307692307695 4593.333333333334 4395.384615384616 
4520.512820512821 4041.538461538462 4384.102564102564 4514.871794871796 4498.461538461539 4734.871794871796 4320.512820512821 4385.128205128206 4738.974358974359 4043.589743589744 3911.7948717948725 4248.717948717949 4594.358974358975 4395.384615384616 
4518.461538461539 4041.0256410256416 4382.564102564103 4515.8974358974365 4498.461538461539 4733.846153846154 4315.8974358974365 4387.179487179487 4736.923076923077 4045.1282051282055 3912.307692307693 4248.205128205129 4595.8974358974365 4395.8974358974365 
4517.948717948719 4041.0256410256416 4384.615384615385 4515.8974358974365 4499.48717948718 4733.333333333334 4314.358974358975 4386.153846153847 4736.410256410257 4043.076923076924 3913.8461538461543 4247.179487179487 4596.923076923077 4395.8974358974365 
4517.948717948719 4041.538461538462 4385.128205128206 4515.384615384616 4500.000000000001 4733.333333333334 4320.000000000001 4385.128205128206 4736.923076923077 4042.564102564103 3913.333333333334 4246.666666666667 4596.410256410257 4392.307692307693 
4516.923076923077 4041.538461538462 4383.076923076924 4515.384615384616 4498.461538461539 4732.820512820514 4323.589743589744 4386.153846153847 4735.8974358974365 4043.589743589744 3911.7948717948725 4247.6923076923085 4592.820512820514 4391.282051282052 
4517.948717948719 4042.0512820512827 4381.538461538462 4515.384615384616 4497.948717948719 4732.820512820514 4323.076923076924 4385.641025641026 4735.384615384616 4044.1025641025644 3911.7948717948725 4250.256410256411 4593.333333333334 4394.871794871796 
4517.948717948719 4041.538461538462 4383.589743589744 4515.384615384616 4497.948717948719 4733.333333333334 4323.589743589744 4384.615384615385 4735.8974358974365 4045.6410256410263 3913.333333333334 4249.74358974359 4595.384615384616 4392.820512820514 
4516.923076923077 4041.0256410256416 4384.102564102564 4513.846153846154 4497.948717948719 4734.358974358975 4324.102564102564 4386.153846153847 4735.384615384616 4044.615384615385 3912.307692307693 4247.6923076923085 4594.871794871796 4389.2307692307695 
4518.974358974359 4041.538461538462 4383.589743589744 4513.333333333334 4497.435897435898 4734.871794871796 4324.102564102564 4383.589743589744 4734.871794871796 4043.589743589744 3912.820512820513 4247.179487179487 4593.846153846154 4393.333333333334 
4520.000000000001 4040.0000000000005 4381.025641025642 4513.846153846154 4498.461538461539 4734.871794871796 4323.076923076924 4382.564102564103 4736.410256410257 4045.1282051282055 3914.358974358975 4247.179487179487 4593.333333333334 4396.923076923077 
4516.923076923077 4040.0000000000005 4381.025641025642 4513.333333333334 4499.48717948718 4734.358974358975 4323.589743589744 4384.615384615385 4736.923076923077 4044.615384615385 3912.307692307693 4247.6923076923085 4594.871794871796 4393.846153846154 
4515.384615384616 4041.538461538462 4385.128205128206 4513.846153846154 4499.48717948718 4733.846153846154 4324.102564102564 4385.128205128206 4737.435897435898 4044.1025641025644 3911.7948717948725 4248.717948717949 4595.8974358974365 4392.820512820514 
4519.48717948718 4041.538461538462 4385.128205128206 4516.410256410257 4500.000000000001 4733.846153846154 4324.102564102564 4384.615384615385 4737.435897435898 4043.589743589744 3914.358974358975 4249.2307692307695 4593.846153846154 4394.871794871796 
4519.48717948718 4040.0000000000005 4381.538461538462 4515.8974358974365 4500.000000000001 4733.846153846154 4323.076923076924 4385.128205128206 4735.384615384616 4043.589743589744 3914.358974358975 4248.205128205129 4592.820512820514 4393.846153846154 
4517.948717948719 4041.0256410256416 4381.538461538462 4514.871794871796 4498.461538461539 4733.846153846154 4323.076923076924 4384.615384615385 4733.846153846154 4043.589743589744 3912.820512820513 4248.717948717949 4594.871794871796 4392.820512820514 
4517.435897435898 4041.538461538462 4384.102564102564 4516.923076923077 4497.435897435898 4733.846153846154 4322.564102564103 4384.102564102564 4735.8974358974365 4044.1025641025644 3912.820512820513 4249.74358974359 4594.358974358975 4394.358974358975 
4519.48717948718 4038.461538461539 4385.128205128206 4516.923076923077 4498.974358974359 4733.846153846154 4321.025641025642 4384.615384615385 4737.435897435898 4042.564102564103 3913.333333333334 4249.2307692307695 4592.820512820514 4394.358974358975 
4520.512820512821 4037.9487179487182 4385.641025641026 4513.846153846154 4499.48717948718 4734.358974358975 4320.512820512821 4384.615384615385 4736.923076923077 4041.538461538462 3912.820512820513 4248.205128205129 4594.358974358975 4392.820512820514 
4521.538461538462 4041.0256410256416 4387.179487179487 4514.871794871796 4497.948717948719 4733.333333333334 4320.000000000001 4383.589743589744 4739.48717948718 4042.0512820512827 3913.8461538461543 4248.205128205129 4596.410256410257 4394.871794871796 
4523.076923076924 4043.076923076924 4386.666666666667 4516.923076923077 4498.461538461539 4732.307692307693 4322.051282051282 4384.102564102564 4740.000000000001 4043.076923076924 3913.8461538461543 4249.2307692307695 4595.384615384616 4396.923076923077 
4523.076923076924 4043.589743589744 4387.179487179487 4515.8974358974365 4500.000000000001 4733.846153846154 4325.641025641026 4384.615384615385 4737.435897435898 4044.615384615385 3913.333333333334 4248.717948717949 4591.794871794872 4394.871794871796 
4521.025641025642 4043.076923076924 4387.6923076923085 4515.8974358974365 4499.48717948718 4734.871794871796 4324.615384615385 4384.102564102564 4737.435897435898 4044.615384615385 3912.820512820513 4248.717948717949 4591.282051282052 4392.820512820514 
4520.512820512821 4042.0512820512827 4386.153846153847 4516.410256410257 4497.435897435898 4733.846153846154 4321.538461538462 4384.615384615385 4737.948717948719 4046.1538461538466 3914.358974358975 4249.2307692307695 4594.871794871796 4393.333333333334 
4522.564102564103 4040.0000000000005 4383.589743589744 4514.871794871796 4498.461538461539 4732.307692307693 4324.102564102564 4385.641025641026 4737.435897435898 4047.1794871794878 3913.8461538461543 4248.717948717949 4595.384615384616 4394.358974358975 
4523.076923076924 4039.48717948718 4384.102564102564 4514.358974358975 4500.512820512821 4732.820512820514 4324.615384615385 4385.641025641026 4736.923076923077 4045.1282051282055 3910.7692307692314 4249.74358974359 4593.333333333334 4395.384615384616 
4521.025641025642 4041.538461538462 4384.615384615385 4516.410256410257 4501.538461538462 4733.846153846154 4321.538461538462 4384.102564102564 4735.384615384616 4043.589743589744 3912.820512820513 4250.256410256411 4593.846153846154 4396.923076923077 
4517.948717948719 4040.5128205128212 4381.025641025642 4515.8974358974365 4501.025641025642 4733.846153846154 4321.538461538462 4384.615384615385 4735.384615384616 4045.1282051282055 3914.358974358975 4248.205128205129 4594.358974358975 4394.358974358975 
4516.923076923077 4042.0512820512827 4378.974358974359 4513.846153846154 4502.564102564103 4733.846153846154 4323.076923076924 4385.128205128206 4736.410256410257 4044.615384615385 3911.7948717948725 4248.205128205129 4593.333333333334 4392.820512820514 
4517.435897435898 4043.076923076924 4378.974358974359 4513.846153846154 4500.000000000001 4733.846153846154 4320.512820512821 4385.641025641026 4737.435897435898 4043.589743589744 3911.2820512820517 4248.717948717949 4594.871794871796 4393.333333333334 
4519.48717948718 4042.0512820512827 4381.538461538462 4516.410256410257 4497.948717948719 4734.358974358975 4321.538461538462 4384.615384615385 4738.461538461539 4043.076923076924 3912.820512820513 4247.179487179487 4596.410256410257 4393.846153846154 
4517.435897435898 4040.0000000000005 4378.974358974359 4516.410256410257 4503.076923076924 4734.871794871796 4325.641025641026 4384.615384615385 4737.948717948719 4042.564102564103 3912.820512820513 4246.153846153847 4594.358974358975 4391.794871794872 
4515.8974358974365 4041.0256410256416 4378.461538461539 4514.358974358975 4506.153846153847 4734.358974358975 4325.128205128206 4386.153846153847 4735.384615384616 4043.589743589744 3911.2820512820517 4248.205128205129 4593.846153846154 4391.794871794872 
4513.846153846154 4040.5128205128212 4379.48717948718 4513.846153846154 4501.025641025642 4733.846153846154 4322.051282051282 4387.6923076923085 4739.48717948718 4046.1538461538466 3911.7948717948725 4248.717948717949 4594.358974358975 4393.846153846154 
4513.333333333334 4041.0256410256416 4376.410256410257 4514.871794871796 4498.461538461539 4733.846153846154 4323.076923076924 4385.128205128206 4742.051282051282 4044.615384615385 3912.820512820513 4247.6923076923085 4594.871794871796 4392.820512820514 
4511.282051282052 4042.0512820512827 4370.769230769231 4512.820512820514 4504.615384615385 4734.358974358975 4325.128205128206 4384.615384615385 4738.461538461539 4042.0512820512827 3913.8461538461543 4247.6923076923085 4593.846153846154 4391.282051282052 
4509.2307692307695 4040.0000000000005 4368.717948717949 4510.256410256411 4504.102564102564 4735.384615384616 4323.076923076924 4386.666666666667 4737.435897435898 4042.0512820512827 3912.820512820513 4248.205128205129 4594.871794871796 4392.820512820514 
4509.743589743591 4038.461538461539 4368.205128205129 4512.307692307693 4503.076923076924 4735.8974358974365 4323.589743589744 4387.179487179487 4740.000000000001 4043.589743589744 3912.820512820513 4247.179487179487 4597.435897435898 4395.384615384616 
4511.282051282052 4042.0512820512827 4365.641025641026 4515.384615384616 4504.615384615385 4735.8974358974365 4324.615384615385 4387.179487179487 4740.000000000001 4045.1282051282055 3913.8461538461543 4246.153846153847 4595.384615384616 4393.846153846154 
4509.2307692307695 4041.0256410256416 4364.102564102564 4509.743589743591 4505.128205128206 4735.384615384616 4323.589743589744 4388.205128205129 4739.48717948718 4044.1025641025644 3912.307692307693 4246.666666666667 4593.333333333334 4392.307692307693 
4508.205128205129 4037.9487179487182 4365.128205128206 4507.179487179488 4504.102564102564 4735.384615384616 4322.051282051282 4387.6923076923085 4739.48717948718 4043.589743589744 3911.7948717948725 4248.205128205129 4596.410256410257 4393.846153846154 
4509.2307692307695 4038.9743589743593 4366.666666666667 4510.769230769231 4504.102564102564 4735.8974358974365 4323.589743589744 4386.153846153847 4737.948717948719 4045.1282051282055 3913.8461538461543 4247.179487179487 4598.974358974359 4395.384615384616 
4511.282051282052 4042.0512820512827 4366.153846153847 4511.282051282052 4503.589743589744 4734.358974358975 4325.128205128206 4385.641025641026 4737.948717948719 4045.6410256410263 3913.333333333334 4246.666666666667 4595.8974358974365 4395.384615384616 
4512.820512820514 4041.538461538462 4367.179487179487 4510.256410256411 4503.589743589744 4734.871794871796 4324.102564102564 4386.666666666667 4737.435897435898 4043.589743589744 3910.7692307692314 4247.6923076923085 4594.871794871796 4394.871794871796 
4512.307692307693 4040.0000000000005 4370.769230769231 4512.307692307693 4505.128205128206 4735.384615384616 4323.076923076924 4387.6923076923085 4737.435897435898 4043.589743589744 3911.2820512820517 4247.6923076923085 4596.923076923077 4395.384615384616 
4512.307692307693 4040.5128205128212 4369.743589743591 4512.820512820514 4504.615384615385 4735.384615384616 4323.076923076924 4387.179487179487 4738.974358974359 4044.615384615385 3912.307692307693 4246.666666666667 4595.384615384616 4394.871794871796 
4513.333333333334 4040.5128205128212 4366.153846153847 4512.307692307693 4503.589743589744 4736.410256410257 4324.102564102564 4385.641025641026 4740.000000000001 4044.615384615385 3910.2564102564106 4246.666666666667 4593.333333333334 4392.820512820514 
4513.333333333334 4040.0000000000005 4367.6923076923085 4514.358974358975 4504.102564102564 4735.8974358974365 4325.128205128206 4386.666666666667 4737.948717948719 4043.589743589744 3911.2820512820517 4247.6923076923085 4594.358974358975 4392.307692307693 
4509.743589743591 4038.9743589743593 4366.666666666667 4512.820512820514 4505.641025641026 4734.358974358975 4325.128205128206 4389.2307692307695 4739.48717948718 4042.0512820512827 3913.333333333334 4247.179487179487 4594.871794871796 4391.794871794872 
4510.256410256411 4040.5128205128212 4367.6923076923085 4512.307692307693 4505.128205128206 4733.846153846154 4323.589743589744 4386.666666666667 4740.512820512821 4041.538461538462 3913.333333333334 4246.666666666667 4594.358974358975 4391.794871794872 
4513.333333333334 4043.076923076924 4372.820512820514 4514.358974358975 4501.025641025642 4734.871794871796 4322.564102564103 4382.564102564103 4738.461538461539 4043.589743589744 3913.8461538461543 4246.666666666667 4594.871794871796 4393.846153846154 
4515.8974358974365 4042.564102564103 4373.846153846154 4513.333333333334 4501.538461538462 4735.384615384616 4324.615384615385 4384.615384615385 4737.948717948719 4043.076923076924 3913.8461538461543 4246.666666666667 4595.8974358974365 4395.8974358974365 
4512.820512820514 4041.538461538462 4373.846153846154 4512.307692307693 4504.102564102564 4734.871794871796 4325.128205128206 4387.179487179487 4740.000000000001 4041.538461538462 3912.307692307693 4247.179487179487 4595.384615384616 4394.871794871796 
4511.794871794872 4044.615384615385 4377.435897435898 4513.846153846154 4503.076923076924 4734.871794871796 4322.564102564103 4385.641025641026 4737.435897435898 4045.1282051282055 3911.2820512820517 4248.205128205129 4594.871794871796 4394.358974358975 
4514.871794871796 4046.666666666667 4376.923076923077 4513.846153846154 4500.512820512821 4735.384615384616 4322.564102564103 4384.615384615385 4735.384615384616 4048.717948717949 3912.307692307693 4248.717948717949 4595.384615384616 4393.333333333334 
4516.923076923077 4042.564102564103 4375.8974358974365 4512.820512820514 4504.615384615385 4734.871794871796 4324.102564102564 4385.128205128206 4738.461538461539 4044.1025641025644 3913.333333333334 4248.717948717949 4595.384615384616 4392.307692307693 
4516.410256410257 4040.5128205128212 4378.461538461539 4513.333333333334 4503.589743589744 4733.846153846154 4324.102564102564 4385.641025641026 4737.948717948719 4041.538461538462 3913.333333333334 4248.717948717949 4593.333333333334 4393.846153846154 
4515.384615384616 4041.0256410256416 4377.948717948719 4515.384615384616 4497.435897435898 4735.384615384616 4322.051282051282 4386.153846153847 4736.923076923077 4043.589743589744 3913.8461538461543 4248.205128205129 4592.820512820514 4394.358974358975 
4516.410256410257 4041.0256410256416 4376.923076923077 4517.435897435898 4496.923076923077 4736.410256410257 4321.025641025642 4384.102564102564 4738.461538461539 4042.564102564103 3914.358974358975 4247.6923076923085 4593.333333333334 4393.333333333334 
4518.974358974359 4040.5128205128212 4380.000000000001 4516.923076923077 4500.000000000001 4735.384615384616 4321.538461538462 4382.564102564103 4737.948717948719 4042.0512820512827 3913.8461538461543 4249.2307692307695 4593.333333333334 4392.820512820514 
4519.48717948718 4041.538461538462 4382.051282051282 4513.846153846154 4499.48717948718 4735.384615384616 4322.564102564103 4384.102564102564 4734.871794871796 4044.1025641025644 3912.307692307693 4249.2307692307695 4593.333333333334 4394.358974358975 
4515.384615384616 4041.538461538462 4382.564102564103 4513.846153846154 4496.923076923077 4735.384615384616 4322.564102564103 4385.128205128206 4737.435897435898 4041.538461538462 3912.307692307693 4247.6923076923085 4594.871794871796 4394.871794871796 
4516.410256410257 4042.0512820512827 4384.102564102564 4515.384615384616 4499.48717948718 4733.846153846154 4322.564102564103 4383.589743589744 4740.000000000001 4040.5128205128212 3914.358974358975 4246.666666666667 4594.871794871796 4393.333333333334 
4518.461538461539 4041.538461538462 4383.076923076924 4515.384615384616 4502.564102564103 4733.846153846154 4324.615384615385 4385.641025641026 4737.435897435898 4045.1282051282055 3913.8461538461543 4248.717948717949 4593.333333333334 4390.256410256411 
4517.435897435898 4041.538461538462 4382.564102564103 4513.846153846154 4501.538461538462 4734.358974358975 4325.128205128206 4387.179487179487 4736.410256410257 4045.6410256410263 3912.307692307693 4249.2307692307695 4594.358974358975 4391.794871794872 
4516.923076923077 4040.5128205128212 4381.538461538462 4515.384615384616 4498.461538461539 4733.846153846154 4323.076923076924 4385.641025641026 4739.48717948718 4042.0512820512827 3913.333333333334 4246.153846153847 4594.358974358975 4394.358974358975 
4520.000000000001 4040.0000000000005 4382.051282051282 4516.410256410257 4498.461538461539 4733.333333333334 4323.076923076924 4384.615384615385 4736.410256410257 4043.589743589744 3914.8717948717954 4246.666666666667 4593.846153846154 4393.333333333334 
4518.461538461539 4041.538461538462 4384.615384615385 4515.384615384616 4499.48717948718 4733.846153846154 4322.051282051282 4385.641025641026 4732.820512820514 4046.1538461538466 3913.333333333334 4249.2307692307695 4594.871794871796 4393.846153846154 
4516.410256410257 4043.589743589744 4385.641025641026 4514.358974358975 4499.48717948718 4733.846153846154 4320.000000000001 4385.641025641026 4735.384615384616 4043.589743589744 3912.307692307693 4249.74358974359 4594.871794871796 4394.871794871796 
4518.974358974359 4041.0256410256416 4382.051282051282 4515.384615384616 4499.48717948718 4733.333333333334 4321.025641025642 4384.102564102564 4736.923076923077 4043.076923076924 3913.333333333334 4248.717948717949 4593.846153846154 4391.794871794872 
4523.076923076924 4039.48717948718 4383.076923076924 4518.461538461539 4498.461538461539 4733.846153846154 4324.615384615385 4385.128205128206 4737.435897435898 4044.1025641025644 3912.820512820513 4249.74358974359 4593.846153846154 4391.794871794872 
4522.051282051282 4041.538461538462 4387.179487179487 4518.461538461539 4497.435897435898 4735.384615384616 4325.128205128206 4386.153846153847 4738.974358974359 4044.1025641025644 3910.7692307692314 4248.205128205129 4593.846153846154 4393.846153846154 
4517.948717948719 4044.1025641025644 4387.6923076923085 4516.923076923077 4497.435897435898 4734.871794871796 4323.589743589744 4385.641025641026 4736.410256410257 4044.1025641025644 3911.7948717948725 4247.179487179487 4594.358974358975 4392.820512820514 
4518.974358974359 4044.615384615385 4386.666666666667 4515.8974358974365 4498.461538461539 4734.871794871796 4322.564102564103 4384.615384615385 4733.333333333334 4043.076923076924 3914.358974358975 4248.205128205129 4594.358974358975 4392.307692307693 
4520.000000000001 4042.0512820512827 4384.615384615385 4516.410256410257 4497.948717948719 4735.384615384616 4322.564102564103 4382.564102564103 4736.410256410257 4041.0256410256416 3913.333333333334 4247.6923076923085 4593.333333333334 4392.820512820514 
4518.461538461539 4041.0256410256416 4382.564102564103 4516.923076923077 4499.48717948718 4734.871794871796 4323.589743589744 4381.025641025642 4738.974358974359 4041.538461538462 3911.2820512820517 4247.179487179487 4593.333333333334 4391.794871794872 
4516.410256410257 4040.5128205128212 4381.538461538462 4515.8974358974365 4505.128205128206 4734.871794871796 4323.589743589744 4382.564102564103 4737.948717948719 4043.076923076924 3912.307692307693 4248.205128205129 4592.820512820514 4392.307692307693 
4517.435897435898 4040.5128205128212 4382.051282051282 4516.923076923077 4505.128205128206 4735.384615384616 4324.615384615385 4383.589743589744 4736.410256410257 4042.564102564103 3912.820512820513 4249.74358974359 4592.820512820514 4393.846153846154 
4518.461538461539 4042.564102564103 4380.000000000001 4515.384615384616 4499.48717948718 4733.846153846154 4321.538461538462 4384.615384615385 4736.410256410257 4044.1025641025644 3912.820512820513 4249.74358974359 4596.923076923077 4394.358974358975 
4517.435897435898 4042.564102564103 4378.461538461539 4512.307692307693 4500.000000000001 4733.333333333334 4317.435897435898 4386.666666666667 4736.410256410257 4045.1282051282055 3912.820512820513 4247.179487179487 4596.923076923077 4394.871794871796 
4513.333333333334 4039.48717948718 4378.461538461539 4511.794871794872 4503.076923076924 4733.333333333334 4322.051282051282 4387.179487179487 4736.923076923077 4044.1025641025644 3912.820512820513 4246.153846153847 4595.384615384616 4391.282051282052 
4514.358974358975 4040.5128205128212 4379.48717948718 4513.846153846154 4501.538461538462 4732.820512820514 4326.153846153847 4384.102564102564 4738.461538461539 4043.589743589744 3912.820512820513 4248.717948717949 4594.871794871796 4390.769230769231 
4515.8974358974365 4041.538461538462 4381.025641025642 4514.871794871796 4500.000000000001 4732.820512820514 4323.076923076924 4383.076923076924 4738.461538461539 4043.589743589744 3913.8461538461543 4249.2307692307695 4593.333333333334 4394.871794871796 
4516.410256410257 4040.5128205128212 4382.564102564103 4514.871794871796 4501.025641025642 4733.333333333334 4324.102564102564 4383.076923076924 4736.923076923077 4043.076923076924 3914.358974358975 4247.6923076923085 4593.846153846154 4395.384615384616 
4517.435897435898 4042.564102564103 4385.128205128206 4516.923076923077 4500.512820512821 4733.846153846154 4324.102564102564 4382.564102564103 4735.8974358974365 4043.589743589744 3913.8461538461543 4248.717948717949 4593.846153846154 4391.794871794872 
4521.538461538462 4044.1025641025644 4388.205128205129 4520.512820512821 4498.974358974359 4734.358974358975 4319.48717948718 4381.538461538462 4735.8974358974365 4043.076923076924 3913.333333333334 4249.2307692307695 4591.282051282052 4391.794871794872 
4522.051282051282 4041.538461538462 4391.282051282052 4519.48717948718 4499.48717948718 4734.871794871796 4319.48717948718 4381.538461538462 4735.8974358974365 4042.564102564103 3913.8461538461543 4248.717948717949 4592.820512820514 4393.846153846154 
4522.564102564103 4041.538461538462 4392.307692307693 4518.461538461539 4502.051282051282 4734.358974358975 4322.564102564103 4381.538461538462 4735.8974358974365 4043.589743589744 3912.820512820513 4249.2307692307695 4594.871794871796 4393.333333333334 
4525.641025641026 4043.076923076924 4394.358974358975 4521.538461538462 4501.538461538462 4733.333333333334 4321.538461538462 4382.564102564103 4735.384615384616 4042.564102564103 3911.7948717948725 4249.2307692307695 4592.820512820514 4392.820512820514 
4524.102564102564 4045.1282051282055 4397.435897435898 4523.589743589744 4496.923076923077 4733.333333333334 4320.512820512821 4382.051282051282 4734.871794871796 4041.0256410256416 3912.307692307693 4248.717948717949 4593.333333333334 4391.794871794872 
4521.538461538462 4046.1538461538466 4396.410256410257 4519.48717948718 4497.435897435898 4733.846153846154 4321.538461538462 4382.051282051282 4736.923076923077 4043.076923076924 3914.358974358975 4249.74358974359 4594.358974358975 4392.820512820514 
4522.564102564103 4044.1025641025644 4394.358974358975 4518.461538461539 4500.000000000001 4733.333333333334 4322.564102564103 4381.538461538462 4739.48717948718 4043.589743589744 3912.820512820513 4249.74358974359 4592.820512820514 4394.871794871796 
4524.102564102564 4042.564102564103 4395.384615384616 4521.025641025642 4498.974358974359 4732.820512820514 4324.615384615385 4380.000000000001 4737.948717948719 4042.564102564103 3911.2820512820517 4249.2307692307695 4591.794871794872 4394.871794871796 
4522.051282051282 4043.076923076924 4394.358974358975 4521.025641025642 4497.435897435898 4733.333333333334 4324.615384615385 4382.051282051282 4735.8974358974365 4043.589743589744 3912.307692307693 4248.205128205129 4593.333333333334 4394.358974358975 
4520.512820512821 4044.1025641025644 4391.282051282052 4520.512820512821 4497.948717948719 4733.333333333334 4324.102564102564 4383.589743589744 4736.410256410257 4043.076923076924 3912.820512820513 4249.74358974359 4594.871794871796 4393.333333333334 
4518.974358974359 4043.589743589744 4389.743589743591 4518.974358974359 4498.461538461539 4733.333333333334 4323.589743589744 4382.564102564103 4736.410256410257 4041.0256410256416 3913.333333333334 4250.769230769231 4593.846153846154 4392.307692307693 
4519.48717948718 4042.564102564103 4390.256410256411 4517.435897435898 4499.48717948718 4733.846153846154 4323.076923076924 4383.589743589744 4734.871794871796 4042.0512820512827 3913.333333333334 4249.2307692307695 4593.333333333334 4392.307692307693 
4518.974358974359 4039.48717948718 4387.6923076923085 4516.410256410257 4500.000000000001 4733.846153846154 4323.076923076924 4385.128205128206 4737.435897435898 4043.589743589744 3912.820512820513 4247.6923076923085 4595.8974358974365 4391.282051282052 
4518.974358974359 4039.48717948718 4387.179487179487 4515.8974358974365 4498.974358974359 4732.820512820514 4321.538461538462 4383.589743589744 4739.48717948718 4043.076923076924 3913.8461538461543 4248.717948717949 4596.923076923077 4391.794871794872 
4519.48717948718 4040.5128205128212 4390.769230769231 4516.923076923077 4497.435897435898 4732.820512820514 4321.538461538462 4381.538461538462 4734.871794871796 4042.564102564103 3913.8461538461543 4249.74358974359 4594.358974358975 4393.846153846154 
4521.538461538462 4040.5128205128212 4394.871794871796 4518.974358974359 4496.410256410257 4733.846153846154 4324.102564102564 4380.000000000001 4731.282051282052 4042.564102564103 3912.820512820513 4249.2307692307695 4592.820512820514 4395.384615384616 
4522.564102564103 4041.0256410256416 4395.384615384616 4522.051282051282 4497.435897435898 4734.871794871796 4324.102564102564 4381.025641025642 4735.8974358974365 4042.564102564103 3913.333333333334 4249.2307692307695 4592.307692307693 4394.358974358975 
4522.564102564103 4042.564102564103 4397.948717948719 4523.076923076924 4498.974358974359 4732.307692307693 4323.589743589744 4383.076923076924 4737.435897435898 4040.5128205128212 3914.358974358975 4249.2307692307695 4592.820512820514 4392.820512820514 
4523.076923076924 4044.1025641025644 4402.564102564103 4521.025641025642 4497.948717948719 4730.256410256411 4324.615384615385 4380.000000000001 4733.333333333334 4041.0256410256416 3912.820512820513 4249.2307692307695 4593.846153846154 4390.256410256411 
