4514.358974358975 4062.564102564103 4414.358974358975 4528.717948717949 4500.000000000001 4735.8974358974365 4355.384615384616 4359.48717948718 4728.205128205129 4047.1794871794878 3945.1282051282055 4454.871794871796 4564.102564102564 4175.8974358974365 
4515.8974358974365 4065.6410256410263 4416.410256410257 4531.282051282052 4505.641025641026 4738.461538461539 4354.358974358975 4361.538461538462 4725.641025641026 4045.6410256410263 3938.461538461539 4454.871794871796 4566.666666666667 4185.641025641026 
4514.358974358975 4066.1538461538466 4405.641025641026 4530.769230769231 4509.2307692307695 4741.025641025642 4357.948717948719 4363.589743589744 4727.179487179488 4046.666666666667 3931.2820512820517 4438.974358974359 4566.666666666667 4175.384615384616 
4523.589743589744 4069.7435897435903 4374.871794871796 4518.974358974359 4512.820512820514 4753.333333333334 4372.307692307693 4352.307692307693 4732.307692307693 4049.7435897435903 3921.538461538462 4401.025641025642 4563.589743589744 4152.307692307693 
4525.128205128206 4067.1794871794878 4383.589743589744 4517.435897435898 4506.666666666667 4746.666666666667 4360.512820512821 4363.589743589744 4735.8974358974365 4048.205128205129 3924.615384615385 4410.769230769231 4571.794871794872 4165.641025641026 
4524.102564102564 4070.7692307692314 4395.8974358974365 4521.025641025642 4502.564102564103 4738.974358974359 4346.153846153847 4367.6923076923085 4733.333333333334 4045.6410256410263 3928.717948717949 4427.179487179487 4581.538461538462 4181.538461538462 
4518.974358974359 4070.7692307692314 4398.461538461539 4524.615384615385 4506.153846153847 4739.48717948718 4351.794871794872 4367.6923076923085 4730.256410256411 4046.1538461538466 3929.2307692307695 4430.256410256411 4571.282051282052 4178.974358974359 
4520.512820512821 4069.7435897435903 4389.743589743591 4523.076923076924 4510.769230769231 4746.153846153847 4362.051282051282 4360.000000000001 4731.282051282052 4047.1794871794878 3927.1794871794878 4417.435897435898 4562.564102564103 4170.256410256411 
4514.871794871796 4064.615384615385 4404.102564102564 4526.666666666667 4505.641025641026 4740.512820512821 4352.820512820514 4369.743589743591 4732.307692307693 4045.1282051282055 3930.2564102564106 4431.282051282052 4566.153846153847 4180.000000000001 
4513.333333333334 4066.666666666667 4405.128205128206 4524.102564102564 4504.102564102564 4739.48717948718 4350.256410256411 4367.179487179487 4731.794871794872 4046.1538461538466 3932.820512820513 4433.333333333334 4566.666666666667 4178.974358974359 
4513.333333333334 4066.666666666667 4404.615384615385 4524.615384615385 4502.051282051282 4735.8974358974365 4353.333333333334 4367.179487179487 4731.794871794872 4048.205128205129 3936.410256410257 4434.871794871796 4562.564102564103 4175.8974358974365 
4518.461538461539 4066.1538461538466 4397.948717948719 4524.615384615385 4503.589743589744 4738.974358974359 4354.871794871796 4367.179487179487 4731.794871794872 4046.666666666667 3936.9230769230776 4429.743589743591 4564.102564102564 4170.769230769231 
4518.974358974359 4062.0512820512827 4398.974358974359 4523.589743589744 4504.102564102564 4738.974358974359 4347.179487179487 4366.666666666667 4732.820512820514 4048.205128205129 3936.9230769230776 4431.282051282052 4566.153846153847 4172.820512820514 
4518.461538461539 4061.538461538462 4406.153846153847 4522.564102564103 4500.512820512821 4731.282051282052 4340.000000000001 4367.179487179487 4734.358974358975 4051.7948717948725 3942.0512820512827 4441.025641025642 4571.794871794872 4184.615384615385 
4521.025641025642 4062.564102564103 4401.025641025642 4520.000000000001 4501.538461538462 4732.307692307693 4347.179487179487 4364.102564102564 4732.820512820514 4047.692307692308 3943.076923076924 4433.846153846154 4571.794871794872 4177.435897435898 
4520.000000000001 4060.5128205128212 4397.948717948719 4518.461538461539 4500.512820512821 4736.923076923077 4348.717948717949 4364.102564102564 4731.794871794872 4044.615384615385 3942.0512820512827 4429.743589743591 4570.769230769231 4169.2307692307695 
4518.461538461539 4060.0000000000005 4398.461538461539 4518.974358974359 4498.461538461539 4737.435897435898 4344.615384615385 4362.564102564103 4734.358974358975 4049.7435897435903 3945.1282051282055 4429.2307692307695 4572.307692307693 4170.769230769231 
4518.461538461539 4057.9487179487182 4405.641025641026 4521.025641025642 4497.435897435898 4731.794871794872 4343.589743589744 4367.6923076923085 4734.871794871796 4052.307692307693 3948.717948717949 4435.8974358974365 4572.307692307693 4176.410256410257 
4521.025641025642 4057.435897435898 4399.48717948718 4516.923076923077 4499.48717948718 4731.282051282052 4345.641025641026 4360.512820512821 4733.846153846154 4048.717948717949 3945.6410256410263 4430.769230769231 4573.846153846154 4173.846153846154 
4515.8974358974365 4056.9230769230776 4402.051282051282 4517.435897435898 4498.974358974359 4730.769230769231 4344.102564102564 4361.538461538462 4734.358974358975 4048.717948717949 3944.615384615385 4432.307692307693 4574.358974358975 4172.820512820514 
4516.923076923077 4061.538461538462 4401.538461538462 4518.974358974359 4500.512820512821 4735.384615384616 4347.179487179487 4358.974358974359 4733.333333333334 4049.7435897435903 3945.1282051282055 4428.717948717949 4574.871794871796 4168.205128205129 
4515.384615384616 4060.0000000000005 4407.179487179487 4522.564102564103 4500.000000000001 4732.307692307693 4345.641025641026 4364.102564102564 4732.307692307693 4047.1794871794878 3945.1282051282055 4435.384615384616 4570.769230769231 4174.871794871796 
4516.410256410257 4061.0256410256416 4400.512820512821 4517.435897435898 4500.000000000001 4730.256410256411 4343.589743589744 4358.461538461539 4732.820512820514 4046.1538461538466 3944.615384615385 4431.794871794872 4571.282051282052 4180.000000000001 
4515.8974358974365 4057.9487179487182 4403.076923076924 4515.384615384616 4497.948717948719 4727.6923076923085 4341.025641025642 4363.076923076924 4733.846153846154 4047.692307692308 3948.717948717949 4436.410256410257 4574.358974358975 4176.923076923077 
4520.000000000001 4058.9743589743593 4399.48717948718 4514.358974358975 4495.384615384616 4729.743589743591 4339.48717948718 4358.461538461539 4734.358974358975 4050.2564102564106 3950.7692307692314 4434.358974358975 4580.000000000001 4170.256410256411 
4515.8974358974365 4056.410256410257 4404.102564102564 4514.871794871796 4492.307692307693 4724.102564102564 4335.8974358974365 4360.000000000001 4733.846153846154 4050.7692307692314 3953.8461538461543 4439.48717948718 4580.000000000001 4175.8974358974365 
4515.8974358974365 4054.8717948717954 4401.538461538462 4510.256410256411 4494.871794871796 4725.128205128206 4338.461538461539 4354.871794871796 4733.846153846154 4050.2564102564106 3954.8717948717954 4436.410256410257 4581.025641025642 4175.8974358974365 
4517.435897435898 4051.2820512820517 4405.128205128206 4510.769230769231 4491.794871794872 4723.076923076924 4338.461538461539 4353.846153846154 4734.871794871796 4049.23076923077 3957.435897435898 4438.974358974359 4583.589743589744 4173.846153846154 
4518.974358974359 4052.307692307693 4404.615384615385 4512.307692307693 4489.2307692307695 4723.076923076924 4335.8974358974365 4353.333333333334 4734.358974358975 4050.7692307692314 3958.461538461539 4440.512820512821 4584.102564102564 4171.794871794872 
4518.974358974359 4053.333333333334 4404.615384615385 4513.846153846154 4489.743589743591 4721.025641025642 4335.8974358974365 4356.410256410257 4732.820512820514 4050.2564102564106 3957.435897435898 4442.564102564103 4582.564102564103 4171.794871794872 
4521.025641025642 4056.9230769230776 4405.128205128206 4514.358974358975 4490.769230769231 4722.564102564103 4337.948717948719 4359.48717948718 4733.846153846154 4049.7435897435903 3955.3846153846157 4440.000000000001 4584.102564102564 4174.871794871796 
4520.512820512821 4058.461538461539 4403.589743589744 4513.846153846154 4492.307692307693 4725.641025641026 4336.923076923077 4356.410256410257 4734.358974358975 4050.2564102564106 3956.9230769230776 4435.8974358974365 4584.102564102564 4175.8974358974365 
4520.000000000001 4055.3846153846157 4404.102564102564 4514.358974358975 4493.333333333334 4726.666666666667 4336.923076923077 4360.000000000001 4734.871794871796 4048.717948717949 3956.410256410257 4438.461538461539 4580.000000000001 4174.358974358975 
4522.564102564103 4055.3846153846157 4399.48717948718 4513.846153846154 4493.333333333334 4727.179487179488 4340.512820512821 4357.948717948719 4734.871794871796 4047.1794871794878 3949.7435897435903 4434.358974358975 4579.48717948718 4171.282051282052 
4522.564102564103 4058.461538461539 4403.076923076924 4516.410256410257 4493.333333333334 4728.205128205129 4341.025641025642 4360.512820512821 4734.871794871796 4049.7435897435903 3947.1794871794878 4432.820512820514 4579.48717948718 4173.846153846154 
4522.564102564103 4063.589743589744 4396.923076923077 4515.8974358974365 4498.461538461539 4732.820512820514 4343.589743589744 4356.410256410257 4735.384615384616 4050.2564102564106 3948.205128205129 4427.6923076923085 4580.000000000001 4171.794871794872 
4520.000000000001 4063.589743589744 4397.435897435898 4516.923076923077 4499.48717948718 4731.282051282052 4345.128205128206 4361.538461538462 4737.435897435898 4047.692307692308 3947.692307692308 4431.794871794872 4579.48717948718 4173.333333333334 
4524.102564102564 4065.6410256410263 4390.769230769231 4512.820512820514 4498.974358974359 4734.358974358975 4345.641025641026 4361.025641025642 4738.974358974359 4049.7435897435903 3942.564102564103 4423.076923076924 4577.948717948719 4172.307692307693 
4523.589743589744 4062.564102564103 4395.384615384616 4514.871794871796 4497.948717948719 4733.333333333334 4343.589743589744 4367.179487179487 4739.48717948718 4051.2820512820517 3941.0256410256416 4425.128205128206 4575.384615384616 4174.358974358975 
4525.641025641026 4064.1025641025644 4390.256410256411 4514.358974358975 4498.974358974359 4733.846153846154 4346.666666666667 4360.000000000001 4737.948717948719 4049.7435897435903 3941.538461538462 4419.48717948718 4578.974358974359 4169.74358974359 
4522.051282051282 4063.076923076924 4392.820512820514 4516.923076923077 4498.974358974359 4729.743589743591 4345.128205128206 4363.589743589744 4736.410256410257 4050.2564102564106 3941.0256410256416 4421.025641025642 4580.000000000001 4172.307692307693 
4526.153846153847 4065.1282051282055 4384.615384615385 4513.846153846154 4498.461538461539 4735.384615384616 4346.153846153847 4363.589743589744 4736.410256410257 4051.2820512820517 3936.9230769230776 4413.846153846154 4579.48717948718 4171.794871794872 
4526.153846153847 4061.538461538462 4386.153846153847 4511.282051282052 4496.923076923077 4736.410256410257 4345.128205128206 4364.615384615385 4739.48717948718 4050.2564102564106 3935.8974358974365 4413.846153846154 4578.461538461539 4170.769230769231 
4528.205128205129 4063.589743589744 4384.102564102564 4508.205128205129 4499.48717948718 4737.948717948719 4345.641025641026 4358.461538461539 4742.051282051282 4052.820512820513 3936.9230769230776 4410.256410256411 4583.589743589744 4167.179487179487 
4527.6923076923085 4063.076923076924 4386.666666666667 4509.2307692307695 4497.948717948719 4731.282051282052 4346.153846153847 4362.564102564103 4740.512820512821 4052.820512820513 3941.538461538462 4413.846153846154 4586.153846153847 4169.74358974359 
4528.205128205129 4064.1025641025644 4386.153846153847 4511.282051282052 4496.923076923077 4731.794871794872 4349.2307692307695 4364.615384615385 4736.410256410257 4049.7435897435903 3940.5128205128212 4411.282051282052 4581.538461538462 4171.794871794872 
4524.102564102564 4065.1282051282055 4387.6923076923085 4513.846153846154 4498.461538461539 4733.333333333334 4349.2307692307695 4363.589743589744 4736.923076923077 4051.2820512820517 3935.8974358974365 4410.769230769231 4577.948717948719 4171.794871794872 
4521.538461538462 4063.076923076924 4391.282051282052 4512.307692307693 4502.051282051282 4733.846153846154 4349.2307692307695 4364.615384615385 4737.948717948719 4052.307692307693 3937.435897435898 4416.410256410257 4576.923076923077 4169.74358974359 
4522.051282051282 4061.0256410256416 4391.794871794872 4510.769230769231 4502.564102564103 4734.871794871796 4349.2307692307695 4363.076923076924 4735.8974358974365 4051.2820512820517 3942.0512820512827 4415.8974358974365 4574.871794871796 4167.6923076923085 
4521.025641025642 4059.48717948718 4393.846153846154 4515.384615384616 4500.512820512821 4734.871794871796 4346.666666666667 4365.641025641026 4735.8974358974365 4052.307692307693 3942.564102564103 4414.358974358975 4574.358974358975 4170.769230769231 
4521.538461538462 4062.564102564103 4393.333333333334 4514.871794871796 4498.974358974359 4734.871794871796 4347.179487179487 4359.48717948718 4734.871794871796 4050.2564102564106 3940.0000000000005 4412.820512820514 4573.846153846154 4169.2307692307695 
4516.923076923077 4061.538461538462 4402.051282051282 4514.871794871796 4500.000000000001 4733.846153846154 4344.615384615385 4363.076923076924 4733.846153846154 4043.589743589744 3942.564102564103 4422.051282051282 4567.6923076923085 4169.74358974359 
4517.948717948719 4062.564102564103 4400.000000000001 4514.871794871796 4502.564102564103 4736.923076923077 4346.153846153847 4362.564102564103 4733.846153846154 4045.1282051282055 3945.1282051282055 4419.48717948718 4566.153846153847 4169.2307692307695 
4517.435897435898 4058.461538461539 4403.589743589744 4517.435897435898 4500.000000000001 4731.794871794872 4346.666666666667 4368.205128205129 4733.846153846154 4049.23076923077 3947.692307692308 4427.179487179487 4569.2307692307695 4173.846153846154 
4517.948717948719 4060.0000000000005 4400.000000000001 4513.333333333334 4499.48717948718 4731.282051282052 4347.179487179487 4359.48717948718 4732.820512820514 4048.205128205129 3947.1794871794878 4421.025641025642 4570.769230769231 4173.333333333334 
4514.871794871796 4058.9743589743593 4404.102564102564 4513.846153846154 4496.923076923077 4728.205128205129 4343.589743589744 4361.538461538462 4733.846153846154 4047.692307692308 3947.1794871794878 4425.641025641026 4571.794871794872 4175.384615384616 
4522.051282051282 4060.5128205128212 4396.923076923077 4511.794871794872 4497.948717948719 4730.769230769231 4343.076923076924 4357.948717948719 4734.871794871796 4051.7948717948725 3948.205128205129 4424.102564102564 4579.48717948718 4172.307692307693 
4518.461538461539 4056.410256410257 4399.48717948718 4514.358974358975 4495.384615384616 4727.6923076923085 4341.538461538462 4361.025641025642 4734.358974358975 4052.820512820513 3951.2820512820517 4428.205128205129 4580.000000000001 4176.410256410257 
4516.923076923077 4056.9230769230776 4396.410256410257 4513.333333333334 4492.820512820514 4729.743589743591 4343.076923076924 4357.948717948719 4734.871794871796 4051.7948717948725 3951.2820512820517 4424.102564102564 4578.974358974359 4176.410256410257 
4517.948717948719 4052.820512820513 4404.102564102564 4513.333333333334 4491.794871794872 4728.717948717949 4342.051282051282 4360.512820512821 4735.384615384616 4051.2820512820517 3952.820512820513 4430.256410256411 4580.000000000001 4175.8974358974365 
4520.000000000001 4051.7948717948725 4403.589743589744 4509.743589743591 4494.358974358975 4727.6923076923085 4343.589743589744 4358.974358974359 4734.358974358975 4050.7692307692314 3953.333333333334 4429.2307692307695 4580.512820512821 4176.410256410257 
4516.410256410257 4050.2564102564106 4404.102564102564 4510.769230769231 4493.846153846154 4722.051282051282 4343.589743589744 4359.48717948718 4733.333333333334 4051.2820512820517 3953.8461538461543 4427.179487179487 4576.923076923077 4177.948717948719 
4517.435897435898 4052.820512820513 4403.589743589744 4514.358974358975 4492.820512820514 4722.051282051282 4341.025641025642 4360.000000000001 4734.358974358975 4051.7948717948725 3954.358974358975 4429.743589743591 4576.410256410257 4175.8974358974365 
4517.948717948719 4054.358974358975 4402.564102564103 4513.846153846154 4493.333333333334 4725.641025641026 4337.948717948719 4356.923076923077 4734.871794871796 4050.2564102564106 3957.435897435898 4431.282051282052 4578.461538461539 4174.871794871796 
4515.8974358974365 4053.333333333334 4405.641025641026 4511.794871794872 4491.794871794872 4725.641025641026 4337.948717948719 4357.435897435898 4733.333333333334 4048.717948717949 3960.5128205128212 4431.282051282052 4581.025641025642 4177.948717948719 
4515.8974358974365 4053.333333333334 4406.153846153847 4512.307692307693 4491.794871794872 4724.615384615386 4338.461538461539 4355.384615384616 4733.333333333334 4050.2564102564106 3958.461538461539 4430.769230769231 4580.512820512821 4176.923076923077 
4515.8974358974365 4051.2820512820517 4407.6923076923085 4516.410256410257 4492.820512820514 4723.589743589744 4338.461538461539 4359.48717948718 4735.8974358974365 4051.7948717948725 3958.461538461539 4433.333333333334 4577.435897435898 4176.923076923077 
4520.512820512821 4054.8717948717954 4398.461538461539 4512.307692307693 4493.846153846154 4728.717948717949 4341.025641025642 4356.923076923077 4734.358974358975 4051.2820512820517 3955.3846153846157 4423.589743589744 4580.512820512821 4174.871794871796 
4519.48717948718 4056.410256410257 4405.128205128206 4512.820512820514 4492.820512820514 4728.717948717949 4337.435897435898 4362.564102564103 4731.282051282052 4050.2564102564106 3952.307692307693 4429.2307692307695 4583.589743589744 4184.615384615385 
4522.051282051282 4059.48717948718 4403.076923076924 4515.8974358974365 4496.410256410257 4730.256410256411 4339.48717948718 4360.000000000001 4731.794871794872 4049.23076923077 3947.1794871794878 4431.282051282052 4581.538461538462 4190.256410256411 
4520.512820512821 4060.5128205128212 4403.076923076924 4522.051282051282 4498.974358974359 4727.179487179488 4343.076923076924 4365.641025641026 4734.358974358975 4048.205128205129 3946.1538461538466 4432.820512820514 4576.923076923077 4188.205128205129 
4523.076923076924 4064.615384615385 4396.410256410257 4520.512820512821 4500.512820512821 4734.871794871796 4345.641025641026 4361.025641025642 4733.846153846154 4049.23076923077 3945.1282051282055 4419.48717948718 4576.410256410257 4181.025641025642 
4520.000000000001 4062.564102564103 4404.102564102564 4522.051282051282 4497.948717948719 4734.871794871796 4344.102564102564 4366.666666666667 4733.333333333334 4049.7435897435903 3944.1025641025644 4422.564102564103 4572.820512820514 4186.153846153847 
4523.076923076924 4066.1538461538466 4400.000000000001 4520.512820512821 4499.48717948718 4736.410256410257 4349.2307692307695 4363.589743589744 4734.871794871796 4049.23076923077 3937.9487179487182 4417.948717948719 4573.846153846154 4187.179487179487 
4522.564102564103 4065.1282051282055 4400.000000000001 4521.025641025642 4501.025641025642 4736.410256410257 4347.179487179487 4366.153846153847 4735.8974358974365 4048.717948717949 3937.9487179487182 4419.48717948718 4578.461538461539 4191.282051282052 
4524.615384615385 4067.692307692308 4392.820512820514 4518.461538461539 4501.025641025642 4736.923076923077 4344.102564102564 4363.589743589744 4735.8974358974365 4050.7692307692314 3941.538461538462 4413.333333333334 4583.076923076924 4191.282051282052 
4525.128205128206 4068.205128205129 4391.794871794872 4519.48717948718 4496.923076923077 4729.743589743591 4342.564102564103 4365.641025641026 4736.923076923077 4051.7948717948725 3942.0512820512827 4412.820512820514 4584.102564102564 4192.307692307693 
4528.205128205129 4067.692307692308 4387.6923076923085 4516.410256410257 4496.923076923077 4729.2307692307695 4342.564102564103 4364.615384615385 4737.435897435898 4050.7692307692314 3940.5128205128212 4411.282051282052 4589.2307692307695 4196.410256410257 
4528.205128205129 4065.1282051282055 4388.717948717949 4515.8974358974365 4497.435897435898 4730.256410256411 4341.025641025642 4366.153846153847 4736.923076923077 4050.2564102564106 3942.564102564103 4417.435897435898 4592.307692307693 4198.974358974359 
4528.205128205129 4065.1282051282055 4390.769230769231 4514.871794871796 4495.8974358974365 4727.6923076923085 4337.948717948719 4366.153846153847 4738.974358974359 4052.307692307693 3946.1538461538466 4418.461538461539 4593.333333333334 4197.435897435898 
4527.6923076923085 4066.1538461538466 4390.769230769231 4511.282051282052 4495.8974358974365 4727.6923076923085 4336.410256410257 4361.538461538462 4738.461538461539 4052.820512820513 3947.692307692308 4413.333333333334 4593.846153846154 4197.435897435898 
4525.641025641026 4064.1025641025644 4392.820512820514 4511.794871794872 4493.846153846154 4725.641025641026 4336.410256410257 4365.641025641026 4737.435897435898 4052.820512820513 3947.692307692308 4417.435897435898 4594.358974358975 4201.538461538462 
4527.6923076923085 4064.615384615385 4389.2307692307695 4511.794871794872 4492.820512820514 4725.641025641026 4336.923076923077 4362.564102564103 4737.948717948719 4054.8717948717954 3948.205128205129 4413.846153846154 4591.794871794872 4197.435897435898 
4525.128205128206 4062.0512820512827 4393.333333333334 4510.769230769231 4491.794871794872 4724.102564102564 4332.307692307693 4363.076923076924 4739.48717948718 4055.8974358974365 3952.820512820513 4414.871794871796 4592.307692307693 4198.974358974359 
4523.589743589744 4063.589743589744 4387.6923076923085 4506.666666666667 4491.794871794872 4725.641025641026 4331.282051282052 4358.461538461539 4740.000000000001 4055.3846153846157 3953.333333333334 4408.205128205129 4598.461538461539 4197.948717948719 
4522.564102564103 4058.461538461539 4390.769230769231 4508.717948717949 4488.717948717949 4721.025641025642 4331.794871794872 4363.589743589744 4739.48717948718 4054.8717948717954 3953.333333333334 4414.871794871796 4598.974358974359 4198.461538461539 
4527.179487179488 4058.461538461539 4387.179487179487 4507.179487179488 4489.743589743591 4724.615384615386 4333.333333333334 4358.461538461539 4736.410256410257 4055.8974358974365 3953.8461538461543 4412.820512820514 4596.923076923077 4194.871794871796 
4522.564102564103 4055.8974358974365 4395.384615384616 4510.256410256411 4490.769230769231 4722.564102564103 4330.256410256411 4362.564102564103 4735.8974358974365 4054.8717948717954 3955.8974358974365 4419.48717948718 4593.846153846154 4197.948717948719 
4522.051282051282 4055.8974358974365 4394.358974358975 4508.205128205129 4489.743589743591 4722.051282051282 4331.282051282052 4358.461538461539 4737.435897435898 4053.8461538461543 3956.410256410257 4414.358974358975 4594.358974358975 4196.410256410257 
4520.000000000001 4053.8461538461543 4402.564102564103 4509.743589743591 4489.2307692307695 4721.025641025642 4330.256410256411 4361.538461538462 4736.923076923077 4053.333333333334 3958.461538461539 4418.974358974359 4590.769230769231 4198.974358974359 
4521.538461538462 4057.435897435898 4401.025641025642 4508.717948717949 4490.769230769231 4723.589743589744 4331.282051282052 4357.948717948719 4734.358974358975 4053.8461538461543 3958.461538461539 4417.948717948719 4590.256410256411 4198.974358974359 
4515.8974358974365 4053.8461538461543 4406.153846153847 4510.769230769231 4489.2307692307695 4719.48717948718 4332.307692307693 4358.461538461539 4734.358974358975 4052.820512820513 3959.48717948718 4423.589743589744 4586.666666666667 4202.564102564103 
4512.820512820514 4052.307692307693 4409.2307692307695 4512.820512820514 4489.743589743591 4724.102564102564 4335.384615384616 4355.8974358974365 4734.871794871796 4051.7948717948725 3960.5128205128212 4424.102564102564 4583.589743589744 4203.076923076924 
4513.333333333334 4051.7948717948725 4411.794871794872 4517.435897435898 4488.717948717949 4725.641025641026 4332.307692307693 4361.025641025642 4735.384615384616 4049.7435897435903 3960.0000000000005 4425.641025641026 4582.051282051282 4202.051282051282 
4517.435897435898 4051.2820512820517 4406.666666666667 4515.8974358974365 4487.6923076923085 4720.000000000001 4328.717948717949 4358.974358974359 4734.871794871796 4050.2564102564106 3961.538461538462 4422.051282051282 4584.615384615385 4200.000000000001 
4516.410256410257 4049.7435897435903 4407.6923076923085 4514.358974358975 4487.179487179488 4718.461538461539 4329.743589743591 4352.820512820514 4734.358974358975 4053.333333333334 3964.1025641025644 4421.538461538462 4587.179487179488 4201.025641025642 
4511.794871794872 4048.205128205129 4411.794871794872 4515.8974358974365 4489.2307692307695 4718.974358974359 4331.794871794872 4354.358974358975 4734.358974358975 4052.820512820513 3963.589743589744 4426.153846153847 4587.6923076923085 4203.076923076924 
4510.769230769231 4049.7435897435903 4411.282051282052 4513.846153846154 4491.794871794872 4717.435897435898 4332.307692307693 4354.871794871796 4733.846153846154 4049.7435897435903 3962.0512820512827 4426.666666666667 4583.076923076924 4203.076923076924 
4511.794871794872 4051.2820512820517 4414.871794871796 4513.846153846154 4491.794871794872 4716.923076923077 4330.769230769231 4357.948717948719 4733.333333333334 4050.2564102564106 3963.589743589744 4428.205128205129 4580.000000000001 4208.717948717949 
4515.384615384616 4053.8461538461543 4414.871794871796 4515.384615384616 4492.307692307693 4721.538461538462 4333.333333333334 4356.410256410257 4731.282051282052 4052.307692307693 3962.0512820512827 4424.615384615385 4582.564102564103 4208.717948717949 
4513.846153846154 4048.205128205129 4417.948717948719 4516.410256410257 4489.2307692307695 4718.974358974359 4332.307692307693 4359.48717948718 4730.769230769231 4051.2820512820517 3960.5128205128212 4429.743589743591 4581.025641025642 4205.128205128206 
4513.333333333334 4047.1794871794878 4412.307692307693 4511.282051282052 4488.205128205129 4721.025641025642 4329.743589743591 4350.769230769231 4732.820512820514 4048.717948717949 3962.564102564103 4424.615384615385 4580.000000000001 4198.974358974359 
4509.743589743591 4047.1794871794878 4418.461538461539 4513.333333333334 4487.179487179488 4720.000000000001 4328.205128205129 4356.410256410257 4734.358974358975 4049.23076923077 3967.692307692308 4427.179487179487 4581.025641025642 4203.076923076924 
4512.820512820514 4048.717948717949 4415.8974358974365 4512.820512820514 4487.6923076923085 4720.512820512821 4332.307692307693 4353.333333333334 4732.307692307693 4051.2820512820517 3966.1538461538466 4421.025641025642 4582.564102564103 4202.564102564103 
4509.2307692307695 4043.076923076924 4422.051282051282 4516.923076923077 4486.666666666667 4717.948717948719 4333.333333333334 4357.435897435898 4730.769230769231 4049.7435897435903 3963.589743589744 4429.743589743591 4575.8974358974365 4203.589743589744 
4508.717948717949 4047.1794871794878 4418.461538461539 4517.435897435898 4490.256410256411 4724.615384615386 4335.8974358974365 4356.410256410257 4731.282051282052 4048.205128205129 3961.0256410256416 4426.153846153847 4572.820512820514 4201.538461538462 
4506.666666666667 4048.717948717949 4422.051282051282 4521.025641025642 4493.333333333334 4726.153846153847 4336.923076923077 4361.538461538462 4732.820512820514 4049.7435897435903 3959.48717948718 4426.153846153847 4569.2307692307695 4203.589743589744 
4510.769230769231 4050.7692307692314 4418.461538461539 4521.025641025642 4494.358974358975 4728.205128205129 4341.538461538462 4358.974358974359 4730.256410256411 4049.23076923077 3953.333333333334 4418.974358974359 4567.179487179488 4202.564102564103 
4507.6923076923085 4051.7948717948725 4420.512820512821 4524.615384615385 4494.358974358975 4727.179487179488 4345.641025641026 4362.564102564103 4729.2307692307695 4047.692307692308 3950.7692307692314 4421.025641025642 4565.128205128206 4205.641025641026 
4508.717948717949 4056.410256410257 4413.333333333334 4523.076923076924 4497.948717948719 4730.769230769231 4346.666666666667 4361.025641025642 4730.769230769231 4049.7435897435903 3950.7692307692314 4416.410256410257 4565.128205128206 4207.179487179487 
4513.846153846154 4054.358974358975 4412.820512820514 4523.076923076924 4498.974358974359 4733.846153846154 4343.076923076924 4360.512820512821 4731.794871794872 4048.205128205129 3947.692307692308 4412.820512820514 4566.666666666667 4209.74358974359 
4517.435897435898 4055.8974358974365 4413.333333333334 4522.051282051282 4497.435897435898 4731.794871794872 4344.102564102564 4361.025641025642 4731.282051282052 4046.666666666667 3945.6410256410263 4409.743589743591 4569.2307692307695 4209.74358974359 
4514.358974358975 4057.9487179487182 4411.794871794872 4516.923076923077 4497.435897435898 4728.717948717949 4344.615384615385 4360.512820512821 4730.769230769231 4047.692307692308 3946.666666666667 4406.153846153847 4570.769230769231 4207.6923076923085 
4514.358974358975 4056.9230769230776 4409.743589743591 4516.923076923077 4500.000000000001 4729.2307692307695 4342.051282051282 4361.538461538462 4730.769230769231 4048.205128205129 3947.1794871794878 4405.128205128206 4571.794871794872 4209.74358974359 
4518.461538461539 4059.48717948718 4403.076923076924 4521.025641025642 4499.48717948718 4731.794871794872 4343.076923076924 4359.48717948718 4730.256410256411 4048.717948717949 3945.1282051282055 4400.512820512821 4572.307692307693 4208.205128205129 
4515.384615384616 4059.48717948718 4406.153846153847 4522.564102564103 4497.435897435898 4731.282051282052 4344.102564102564 4367.179487179487 4730.256410256411 4049.23076923077 3946.1538461538466 4401.538461538462 4569.2307692307695 4207.179487179487 
4515.384615384616 4060.0000000000005 4404.615384615385 4518.974358974359 4502.051282051282 4735.8974358974365 4346.153846153847 4364.615384615385 4731.794871794872 4047.692307692308 3944.1025641025644 4397.948717948719 4568.205128205129 4206.153846153847 
4513.846153846154 4057.9487179487182 4409.743589743591 4521.538461538462 4502.051282051282 4732.820512820514 4345.128205128206 4364.615384615385 4733.333333333334 4045.6410256410263 3942.0512820512827 4400.512820512821 4567.179487179488 4211.282051282052 
4512.307692307693 4059.48717948718 4403.589743589744 4520.000000000001 4501.538461538462 4732.307692307693 4346.153846153847 4360.512820512821 4733.846153846154 4046.666666666667 3940.0000000000005 4391.794871794872 4569.743589743591 4208.205128205129 
4511.794871794872 4056.410256410257 4406.153846153847 4521.025641025642 4502.051282051282 4733.333333333334 4348.205128205129 4367.179487179487 4733.333333333334 4047.1794871794878 3938.9743589743593 4393.846153846154 4567.179487179488 4207.6923076923085 
4517.435897435898 4060.5128205128212 4400.000000000001 4518.461538461539 4503.076923076924 4737.435897435898 4351.282051282052 4363.076923076924 4731.282051282052 4046.666666666667 3937.435897435898 4389.743589743591 4565.128205128206 4206.666666666667 
4511.794871794872 4059.48717948718 4405.641025641026 4522.051282051282 4502.051282051282 4734.358974358975 4349.2307692307695 4370.256410256411 4729.743589743591 4047.1794871794878 3937.435897435898 4395.384615384616 4562.564102564103 4208.205128205129 
4511.794871794872 4062.0512820512827 4402.051282051282 4523.589743589744 4503.076923076924 4736.410256410257 4351.794871794872 4365.128205128206 4732.307692307693 4048.205128205129 3935.8974358974365 4387.179487179487 4561.025641025642 4206.666666666667 
4515.8974358974365 4062.0512820512827 4401.538461538462 4524.615384615385 4504.615384615385 4736.410256410257 4352.820512820514 4364.102564102564 4733.333333333334 4049.23076923077 3936.9230769230776 4389.2307692307695 4558.974358974359 4211.282051282052 
4519.48717948718 4060.5128205128212 4400.000000000001 4520.512820512821 4506.666666666667 4742.564102564103 4351.794871794872 4361.025641025642 4732.307692307693 4047.692307692308 3935.8974358974365 4388.205128205129 4564.102564102564 4211.282051282052 
4515.8974358974365 4057.435897435898 4403.589743589744 4521.538461538462 4503.589743589744 4742.051282051282 4349.2307692307695 4364.102564102564 4732.307692307693 4047.1794871794878 3936.410256410257 4391.282051282052 4566.666666666667 4207.6923076923085 
4518.461538461539 4060.5128205128212 4397.948717948719 4518.974358974359 4497.435897435898 4736.923076923077 4349.2307692307695 4362.051282051282 4732.820512820514 4050.2564102564106 3939.48717948718 4386.153846153847 4567.6923076923085 4205.641025641026 
4518.461538461539 4058.9743589743593 4396.923076923077 4513.846153846154 4495.8974358974365 4730.256410256411 4346.666666666667 4362.564102564103 4735.384615384616 4051.7948717948725 3943.589743589744 4385.128205128206 4573.846153846154 4209.74358974359 
