4569.743589743591 4088.717948717949 4460.512820512821 4585.128205128206 4567.6923076923085 4764.102564102564 4335.384615384616 4425.128205128206 4804.615384615386 4056.9230769230776 3978.461538461539 4306.666666666667 4649.2307692307695 4449.2307692307695 
4562.564102564103 4073.8461538461543 4451.794871794872 4580.512820512821 4564.102564102564 4755.384615384616 4322.564102564103 4411.794871794872 4792.307692307693 4048.205128205129 3970.2564102564106 4292.820512820514 4640.000000000001 4439.48717948718 
4558.974358974359 4072.307692307693 4448.205128205129 4583.589743589744 4554.871794871796 4750.769230769231 4317.948717948719 4405.641025641026 4782.564102564103 4040.0000000000005 3961.538461538462 4291.794871794872 4634.358974358975 4436.923076923077 
4555.384615384616 4070.7692307692314 4447.6923076923085 4577.948717948719 4547.179487179488 4749.2307692307695 4316.923076923077 4398.461538461539 4773.333333333334 4033.8461538461543 3955.3846153846157 4289.2307692307695 4627.6923076923085 4436.410256410257 
4554.871794871796 4063.589743589744 4446.666666666667 4573.333333333334 4550.769230769231 4745.641025641026 4312.820512820514 4393.846153846154 4770.769230769231 4027.692307692308 3956.9230769230776 4283.589743589744 4623.589743589744 4433.846153846154 
4553.333333333334 4061.538461538462 4443.589743589744 4577.435897435898 4548.717948717949 4743.076923076924 4310.256410256411 4396.923076923077 4772.820512820514 4023.076923076924 3956.9230769230776 4286.153846153847 4623.076923076924 4431.794871794872 
4550.256410256411 4061.538461538462 4437.435897435898 4575.8974358974365 4541.538461538462 4742.564102564103 4309.743589743591 4394.871794871796 4767.179487179488 4022.564102564103 3951.7948717948725 4286.153846153847 4620.000000000001 4430.256410256411 
4544.102564102564 4052.820512820513 4431.282051282052 4565.641025641026 4536.923076923077 4735.8974358974365 4301.025641025642 4383.076923076924 4756.410256410257 4016.9230769230776 3944.1025641025644 4272.820512820514 4607.6923076923085 4423.076923076924 
4527.6923076923085 4036.9230769230776 4420.000000000001 4555.8974358974365 4524.102564102564 4723.076923076924 4288.205128205129 4371.282051282052 4746.666666666667 4002.0512820512827 3930.7692307692314 4256.410256410257 4592.307692307693 4407.6923076923085 
4504.102564102564 4014.8717948717954 4398.461538461539 4543.076923076924 4507.6923076923085 4705.128205128206 4274.358974358975 4353.333333333334 4726.153846153847 3981.538461538462 3911.7948717948725 4237.435897435898 4578.461538461539 4390.769230769231 
4488.717948717949 3993.8461538461543 4379.48717948718 4526.153846153847 4497.948717948719 4684.102564102564 4256.410256410257 4328.717948717949 4701.538461538462 3963.076923076924 3892.307692307693 4216.923076923077 4557.435897435898 4377.435897435898 
4481.538461538462 3982.0512820512827 4369.2307692307695 4515.8974358974365 4485.641025641026 4672.820512820514 4242.564102564103 4312.307692307693 4691.794871794872 3950.7692307692314 3878.461538461539 4206.153846153847 4537.948717948719 4366.153846153847 
4483.589743589744 3980.5128205128212 4372.820512820514 4517.435897435898 4473.846153846154 4676.410256410257 4246.153846153847 4314.871794871796 4695.8974358974365 3948.205128205129 3880.512820512821 4210.769230769231 4542.051282051282 4367.179487179487 
4489.743589743591 3985.1282051282055 4379.48717948718 4520.512820512821 4476.410256410257 4677.435897435898 4252.307692307693 4322.051282051282 4697.948717948719 3953.8461538461543 3889.7435897435903 4216.923076923077 4554.871794871796 4376.923076923077 
4491.282051282052 3988.205128205129 4380.512820512821 4522.564102564103 4480.000000000001 4676.410256410257 4252.307692307693 4321.538461538462 4697.948717948719 3960.0000000000005 3891.7948717948725 4216.923076923077 4554.358974358975 4377.435897435898 
4486.666666666667 3981.538461538462 4377.948717948719 4521.538461538462 4476.410256410257 4675.384615384616 4250.256410256411 4322.051282051282 4696.923076923077 3952.307692307693 3887.1794871794878 4214.871794871796 4548.717948717949 4372.820512820514 
4488.717948717949 3974.358974358975 4380.000000000001 4518.974358974359 4480.512820512821 4670.769230769231 4246.666666666667 4323.589743589744 4694.358974358975 3939.48717948718 3885.6410256410263 4214.358974358975 4547.6923076923085 4375.384615384616 
4497.948717948719 3982.564102564103 4387.6923076923085 4522.564102564103 4486.153846153847 4674.871794871796 4249.74358974359 4323.076923076924 4695.8974358974365 3948.717948717949 3890.7692307692314 4217.948717948719 4554.358974358975 4381.538461538462 
4506.153846153847 4001.538461538462 4395.8974358974365 4536.923076923077 4489.2307692307695 4691.794871794872 4267.179487179487 4328.205128205129 4706.666666666667 3967.1794871794878 3905.1282051282055 4229.74358974359 4568.205128205129 4389.743589743591 
4512.820512820514 4012.307692307693 4404.102564102564 4545.641025641026 4498.461538461539 4709.2307692307695 4282.051282051282 4343.076923076924 4721.025641025642 3973.8461538461543 3914.8717948717954 4241.538461538462 4579.48717948718 4402.051282051282 
4515.8974358974365 4012.820512820513 4405.641025641026 4542.564102564103 4512.307692307693 4714.871794871796 4281.538461538462 4354.358974358975 4727.179487179488 3977.435897435898 3911.7948717948725 4242.051282051282 4578.461538461539 4405.128205128206 
4513.333333333334 4014.358974358975 4405.128205128206 4542.564102564103 4513.333333333334 4711.282051282052 4277.435897435898 4350.769230769231 4723.589743589744 3980.0000000000005 3908.717948717949 4236.410256410257 4572.820512820514 4399.48717948718 
4508.205128205129 4015.3846153846157 4405.128205128206 4544.615384615385 4503.589743589744 4710.256410256411 4272.820512820514 4339.48717948718 4715.8974358974365 3974.8717948717954 3908.205128205129 4234.358974358975 4572.820512820514 4395.384615384616 
4506.666666666667 4009.7435897435903 4398.974358974359 4540.512820512821 4500.512820512821 4711.794871794872 4269.74358974359 4335.8974358974365 4714.358974358975 3971.7948717948725 3907.1794871794878 4234.871794871796 4574.358974358975 4392.820512820514 
4504.615384615385 4001.538461538462 4392.820512820514 4532.820512820514 4502.564102564103 4709.2307692307695 4273.846153846154 4338.974358974359 4717.948717948719 3967.692307692308 3905.6410256410263 4230.769230769231 4570.256410256411 4388.717948717949 
4506.666666666667 4002.564102564103 4394.871794871796 4535.384615384616 4505.641025641026 4708.717948717949 4278.974358974359 4341.538461538462 4715.384615384616 3964.615384615385 3905.6410256410263 4226.666666666667 4570.769230769231 4387.6923076923085 
4513.846153846154 4010.2564102564106 4401.538461538462 4544.615384615385 4506.153846153847 4717.435897435898 4281.538461538462 4345.641025641026 4715.8974358974365 3976.410256410257 3908.205128205129 4230.256410256411 4580.512820512821 4392.307692307693 
4519.48717948718 4017.9487179487182 4408.205128205129 4550.256410256411 4509.2307692307695 4725.128205128206 4287.179487179487 4351.794871794872 4725.641025641026 3984.1025641025644 3913.333333333334 4237.435897435898 4585.128205128206 4396.410256410257 
4518.974358974359 4020.5128205128212 4409.2307692307695 4548.717948717949 4513.846153846154 4721.538461538462 4290.256410256411 4350.256410256411 4729.2307692307695 3979.48717948718 3913.333333333334 4237.948717948719 4581.538461538462 4394.358974358975 
4513.846153846154 4018.461538461539 4405.128205128206 4544.615384615385 4512.307692307693 4716.410256410257 4284.615384615385 4345.641025641026 4727.179487179488 3980.5128205128212 3907.1794871794878 4235.384615384616 4579.48717948718 4390.769230769231 
4512.820512820514 4017.435897435898 4406.153846153847 4544.102564102564 4510.256410256411 4720.000000000001 4283.589743589744 4351.282051282052 4730.769230769231 3980.5128205128212 3909.7435897435903 4239.48717948718 4580.512820512821 4394.871794871796 
4525.128205128206 4028.205128205129 4421.025641025642 4553.333333333334 4522.564102564103 4729.743589743591 4290.769230769231 4363.076923076924 4738.974358974359 3983.076923076924 3924.615384615385 4253.333333333334 4592.307692307693 4409.2307692307695 
4542.564102564103 4047.1794871794878 4434.358974358975 4567.6923076923085 4536.923076923077 4737.948717948719 4299.48717948718 4371.794871794872 4748.205128205129 4002.564102564103 3937.435897435898 4266.153846153847 4609.2307692307695 4421.025641025642 
4551.282051282052 4061.0256410256416 4442.564102564103 4577.435897435898 4543.589743589744 4747.6923076923085 4310.256410256411 4382.051282051282 4760.512820512821 4020.5128205128212 3948.717948717949 4278.461538461539 4619.48717948718 4425.128205128206 
4561.538461538462 4072.820512820513 4457.948717948719 4587.179487179488 4551.282051282052 4762.051282051282 4325.641025641026 4398.461538461539 4774.871794871796 4031.2820512820517 3966.1538461538466 4294.358974358975 4630.769230769231 4437.948717948719 
4579.48717948718 4084.1025641025644 4471.282051282052 4595.8974358974365 4562.564102564103 4775.384615384616 4337.435897435898 4415.384615384616 4788.717948717949 4046.1538461538466 3978.9743589743593 4308.205128205129 4642.564102564103 4456.410256410257 
4587.6923076923085 4089.23076923077 4477.435897435898 4597.435897435898 4571.794871794872 4781.538461538462 4344.615384615385 4428.717948717949 4801.025641025642 4056.410256410257 3982.564102564103 4318.974358974359 4647.179487179488 4461.538461538462 
4587.6923076923085 4095.8974358974365 4485.641025641026 4599.48717948718 4576.410256410257 4782.564102564103 4350.769230769231 4435.8974358974365 4806.153846153847 4059.48717948718 3989.23076923077 4325.128205128206 4649.2307692307695 4460.000000000001 
4590.769230769231 4103.589743589744 4486.666666666667 4606.666666666667 4571.794871794872 4784.102564102564 4350.256410256411 4432.307692307693 4804.615384615386 4060.0000000000005 3989.7435897435903 4322.051282051282 4649.743589743591 4462.564102564103 
4588.205128205129 4097.435897435898 4476.923076923077 4602.564102564103 4563.589743589744 4784.102564102564 4345.128205128206 4425.128205128206 4799.48717948718 4053.8461538461543 3980.0000000000005 4313.333333333334 4642.564102564103 4457.948717948719 
4580.512820512821 4085.1282051282055 4468.717948717949 4589.2307692307695 4568.205128205129 4779.48717948718 4344.615384615385 4421.025641025642 4796.410256410257 4047.1794871794878 3974.358974358975 4309.2307692307695 4640.512820512821 4450.769230769231 
4580.512820512821 4085.6410256410263 4470.256410256411 4589.2307692307695 4572.307692307693 4774.871794871796 4345.641025641026 4421.025641025642 4796.923076923077 4047.692307692308 3976.410256410257 4308.205128205129 4647.179487179488 4452.307692307693 
4583.589743589744 4093.333333333334 4471.282051282052 4597.948717948719 4564.615384615385 4775.8974358974365 4343.589743589744 4424.615384615385 4802.564102564103 4050.2564102564106 3977.9487179487182 4309.2307692307695 4650.256410256411 4452.820512820514 
4582.564102564103 4092.307692307693 4470.769230769231 4596.923076923077 4559.48717948718 4778.461538461539 4344.102564102564 4427.6923076923085 4805.641025641026 4051.2820512820517 3976.9230769230776 4311.282051282052 4646.153846153847 4453.846153846154 
4584.615384615385 4089.23076923077 4472.820512820514 4592.307692307693 4567.179487179488 4777.948717948719 4349.2307692307695 4428.205128205129 4801.538461538462 4051.7948717948725 3977.435897435898 4312.307692307693 4641.025641025642 4458.974358974359 
4583.076923076924 4087.1794871794878 4470.256410256411 4591.282051282052 4572.820512820514 4770.256410256411 4343.076923076924 4422.051282051282 4792.820512820514 4044.615384615385 3973.8461538461543 4308.205128205129 4636.410256410257 4453.846153846154 
4578.461538461539 4085.6410256410263 4464.615384615385 4591.794871794872 4568.717948717949 4768.717948717949 4334.871794871796 4414.871794871796 4788.717948717949 4037.9487179487182 3970.2564102564106 4304.615384615385 4636.923076923077 4446.666666666667 
4586.666666666667 4092.307692307693 4472.307692307693 4600.000000000001 4569.743589743591 4778.974358974359 4343.076923076924 4420.000000000001 4796.410256410257 4047.692307692308 3980.0000000000005 4313.846153846154 4647.179487179488 4456.923076923077 
4601.538461538462 4104.615384615385 4489.743589743591 4612.307692307693 4580.000000000001 4793.333333333334 4360.000000000001 4436.410256410257 4809.743589743591 4066.1538461538466 3996.9230769230776 4330.256410256411 4659.48717948718 4473.846153846154 
4603.076923076924 4106.153846153847 4493.333333333334 4613.846153846154 4585.128205128206 4800.512820512821 4367.179487179487 4446.153846153847 4817.435897435898 4069.7435897435903 3998.461538461539 4335.384615384616 4662.051282051282 4477.435897435898 
4598.974358974359 4102.564102564103 4487.179487179488 4611.282051282052 4588.205128205129 4800.000000000001 4366.153846153847 4447.6923076923085 4822.051282051282 4067.692307692308 3992.820512820513 4332.820512820514 4663.589743589744 4470.769230769231 
4600.512820512821 4105.641025641026 4489.2307692307695 4609.2307692307695 4590.256410256411 4798.461538461539 4365.128205128206 4446.153846153847 4819.48717948718 4070.2564102564106 3990.7692307692314 4331.794871794872 4661.538461538462 4470.256410256411 
4597.435897435898 4106.153846153847 4489.2307692307695 4606.153846153847 4590.256410256411 4795.384615384616 4361.538461538462 4435.8974358974365 4807.179487179488 4062.564102564103 3986.1538461538466 4327.179487179487 4649.2307692307695 4469.743589743591 
4591.282051282052 4102.564102564103 4485.641025641026 4606.666666666667 4589.743589743591 4793.846153846154 4357.948717948719 4427.179487179487 4801.025641025642 4056.410256410257 3984.1025641025644 4322.564102564103 4645.641025641026 4465.128205128206 
4597.435897435898 4109.2307692307695 4489.2307692307695 4614.358974358975 4589.743589743591 4797.435897435898 4363.589743589744 4435.384615384616 4811.794871794872 4068.717948717949 3994.8717948717954 4330.769230769231 4656.923076923077 4468.717948717949 
4610.769230769231 4118.974358974359 4498.974358974359 4621.025641025642 4588.717948717949 4803.076923076924 4369.743589743591 4448.717948717949 4820.512820512821 4078.9743589743593 4006.666666666667 4343.589743589744 4668.717948717949 4481.538461538462 
4613.846153846154 4118.461538461539 4500.512820512821 4619.48717948718 4593.333333333334 4801.538461538462 4365.641025641026 4447.6923076923085 4818.974358974359 4075.3846153846157 4005.1282051282055 4343.589743589744 4672.820512820514 4482.564102564103 
4609.2307692307695 4115.8974358974365 4496.410256410257 4616.410256410257 4603.076923076924 4803.076923076924 4363.589743589744 4444.615384615385 4820.512820512821 4076.410256410257 4002.0512820512827 4342.051282051282 4676.923076923077 4478.974358974359 
4606.666666666667 4117.435897435898 4497.948717948719 4617.435897435898 4604.102564102564 4811.794871794872 4374.871794871796 4451.282051282052 4823.589743589744 4079.48717948718 4005.6410256410263 4346.153846153847 4677.948717948719 4483.076923076924 
4608.205128205129 4118.974358974359 4502.564102564103 4620.512820512821 4606.153846153847 4814.358974358975 4384.102564102564 4456.410256410257 4826.153846153847 4082.0512820512827 4009.23076923077 4348.717948717949 4674.358974358975 4485.641025641026 
4608.717948717949 4117.948717948719 4503.076923076924 4619.48717948718 4609.743589743591 4811.794871794872 4382.564102564103 4455.8974358974365 4825.641025641026 4085.6410256410263 4003.076923076924 4345.128205128206 4674.358974358975 4481.538461538462 
4610.769230769231 4121.025641025642 4505.128205128206 4621.538461538462 4608.717948717949 4813.333333333334 4382.051282051282 4458.461538461539 4826.666666666667 4089.7435897435903 4002.0512820512827 4347.179487179487 4676.410256410257 4483.076923076924 
4617.435897435898 4130.256410256411 4510.256410256411 4629.2307692307695 4612.307692307693 4814.358974358975 4384.102564102564 4460.512820512821 4833.333333333334 4095.3846153846157 4015.8974358974365 4357.435897435898 4677.948717948719 4489.2307692307695 
4619.48717948718 4133.846153846154 4508.205128205129 4630.769230769231 4612.820512820514 4806.666666666667 4379.48717948718 4454.358974358975 4831.794871794872 4090.7692307692314 4017.9487179487182 4357.435897435898 4679.48717948718 4487.179487179488 
4613.333333333334 4123.589743589744 4500.000000000001 4622.051282051282 4604.102564102564 4798.461538461539 4368.205128205129 4442.051282051282 4813.846153846154 4074.8717948717954 4001.0256410256416 4346.666666666667 4674.871794871796 4477.435897435898 
4614.871794871796 4121.538461538462 4504.102564102564 4620.512820512821 4606.153846153847 4804.102564102564 4370.769230769231 4442.051282051282 4808.205128205129 4071.7948717948725 3997.435897435898 4346.153846153847 4670.256410256411 4481.025641025642 
4622.051282051282 4132.820512820514 4511.282051282052 4630.769230769231 4619.48717948718 4815.8974358974365 4384.102564102564 4455.384615384616 4823.076923076924 4081.0256410256416 4011.7948717948725 4355.384615384616 4677.948717948719 4493.333333333334 
4620.512820512821 4136.410256410257 4508.717948717949 4632.307692307693 4624.615384615385 4818.974358974359 4386.153846153847 4461.538461538462 4827.6923076923085 4083.076923076924 4012.820512820513 4355.8974358974365 4683.076923076924 4491.282051282052 
4618.974358974359 4134.871794871796 4509.2307692307695 4628.717948717949 4618.461538461539 4820.000000000001 4384.615384615385 4461.025641025642 4827.179487179488 4085.6410256410263 4008.205128205129 4355.384615384616 4676.410256410257 4484.102564102564 
4625.128205128206 4135.8974358974365 4516.923076923077 4632.820512820514 4613.333333333334 4826.153846153847 4391.282051282052 4467.179487179487 4838.974358974359 4095.8974358974365 4013.333333333334 4363.589743589744 4678.974358974359 4491.282051282052 
4626.153846153847 4131.794871794872 4516.410256410257 4633.846153846154 4614.358974358975 4827.179487179488 4391.282051282052 4470.769230769231 4844.102564102564 4097.435897435898 4013.8461538461543 4362.564102564103 4684.615384615386 4495.384615384616 
4624.615384615385 4133.846153846154 4515.384615384616 4633.846153846154 4623.589743589744 4824.615384615386 4387.179487179487 4464.615384615385 4834.871794871796 4091.2820512820517 4013.8461538461543 4357.435897435898 4683.076923076924 4492.820512820514 
4629.2307692307695 4146.153846153847 4522.564102564103 4643.076923076924 4632.307692307693 4826.666666666667 4394.358974358975 4459.48717948718 4834.358974358975 4094.358974358975 4023.076923076924 4363.589743589744 4688.205128205129 4497.435897435898 
4632.820512820514 4147.179487179487 4524.102564102564 4648.205128205129 4631.282051282052 4827.6923076923085 4398.461538461539 4461.538461538462 4841.025641025642 4100.512820512821 4027.1794871794878 4372.820512820514 4695.384615384616 4503.076923076924 
4634.358974358975 4141.025641025642 4526.153846153847 4644.615384615385 4624.615384615385 4830.769230769231 4398.461538461539 4473.846153846154 4844.102564102564 4100.000000000001 4028.717948717949 4378.461538461539 4695.8974358974365 4506.666666666667 
4637.948717948719 4143.076923076924 4532.820512820514 4643.076923076924 4619.48717948718 4831.794871794872 4400.000000000001 4483.076923076924 4844.615384615386 4095.8974358974365 4035.3846153846157 4382.051282051282 4698.461538461539 4509.743589743591 
4640.512820512821 4144.615384615385 4531.794871794872 4643.076923076924 4616.923076923077 4825.128205128206 4393.846153846154 4475.8974358974365 4847.179487179488 4098.461538461539 4033.333333333334 4380.512820512821 4700.512820512821 4511.794871794872 
4638.461538461539 4138.461538461539 4527.6923076923085 4643.076923076924 4616.923076923077 4821.538461538462 4388.717948717949 4470.256410256411 4850.256410256411 4105.641025641026 4025.1282051282055 4375.8974358974365 4695.384615384616 4512.820512820514 
4641.538461538462 4142.564102564103 4531.794871794872 4646.153846153847 4625.128205128206 4828.205128205129 4395.384615384616 4476.410256410257 4851.794871794872 4107.179487179487 4031.7948717948725 4380.512820512821 4698.974358974359 4515.8974358974365 
4648.205128205129 4153.333333333334 4536.923076923077 4649.2307692307695 4635.384615384616 4828.717948717949 4398.461538461539 4472.820512820514 4846.153846153847 4098.974358974359 4042.0512820512827 4388.205128205129 4709.743589743591 4518.461538461539 
4647.6923076923085 4156.410256410257 4539.48717948718 4650.769230769231 4632.820512820514 4827.179487179488 4393.846153846154 4466.153846153847 4845.128205128206 4102.564102564103 4045.1282051282055 4389.2307692307695 4712.820512820514 4517.435897435898 
4646.153846153847 4154.358974358975 4540.000000000001 4651.794871794872 4622.564102564103 4834.358974358975 4395.384615384616 4472.820512820514 4854.871794871796 4120.000000000001 4045.1282051282055 4387.6923076923085 4710.256410256411 4515.8974358974365 
4652.307692307693 4157.435897435898 4540.000000000001 4654.871794871796 4616.410256410257 4837.435897435898 4400.512820512821 4477.948717948719 4861.025641025642 4126.666666666667 4045.1282051282055 4387.179487179487 4713.846153846154 4517.948717948719 
4657.435897435898 4159.48717948718 4541.025641025642 4656.923076923077 4610.769230769231 4831.794871794872 4397.948717948719 4474.871794871796 4857.948717948719 4122.564102564103 4046.666666666667 4387.179487179487 4718.974358974359 4523.076923076924 
4650.769230769231 4154.871794871796 4537.948717948719 4651.282051282052 4607.6923076923085 4829.2307692307695 4394.871794871796 4477.435897435898 4854.358974358975 4121.538461538462 4044.615384615385 4385.641025641026 4714.871794871796 4521.025641025642 
4640.512820512821 4148.205128205129 4529.2307692307695 4645.641025641026 4608.205128205129 4828.205128205129 4392.307692307693 4480.000000000001 4850.256410256411 4112.820512820514 4035.3846153846157 4380.000000000001 4701.538461538462 4509.743589743591 
4635.8974358974365 4143.076923076924 4526.666666666667 4646.666666666667 4609.2307692307695 4826.666666666667 4387.6923076923085 4469.743589743591 4844.102564102564 4101.025641025642 4027.692307692308 4372.307692307693 4692.820512820514 4501.538461538462 
4634.871794871796 4139.48717948718 4527.6923076923085 4647.179487179488 4606.666666666667 4822.051282051282 4385.128205128206 4461.025641025642 4842.051282051283 4101.025641025642 4027.1794871794878 4369.743589743591 4696.923076923077 4504.102564102564 
4632.820512820514 4136.923076923077 4524.615384615385 4641.538461538462 4603.076923076924 4814.871794871796 4384.102564102564 4462.051282051282 4839.48717948718 4101.538461538462 4025.1282051282055 4370.256410256411 4695.8974358974365 4505.641025641026 
4632.820512820514 4133.333333333334 4524.615384615385 4638.461538461539 4601.538461538462 4811.794871794872 4381.025641025642 4457.948717948719 4832.820512820514 4089.23076923077 4018.461538461539 4368.717948717949 4688.205128205129 4500.000000000001 
4630.256410256411 4127.6923076923085 4525.641025641026 4637.948717948719 4600.512820512821 4810.769230769231 4377.435897435898 4445.128205128206 4823.076923076924 4081.0256410256416 4012.307692307693 4364.615384615385 4684.615384615386 4496.923076923077 
4629.743589743591 4129.74358974359 4524.615384615385 4638.461538461539 4607.179487179488 4808.205128205129 4380.000000000001 4448.205128205129 4824.102564102564 4085.6410256410263 4016.410256410257 4365.641025641026 4687.179487179488 4503.589743589744 
4640.000000000001 4139.48717948718 4529.2307692307695 4643.589743589744 4616.410256410257 4814.358974358975 4388.717948717949 4467.179487179487 4836.923076923077 4091.7948717948725 4027.692307692308 4375.384615384616 4691.794871794872 4512.820512820514 
4650.769230769231 4145.641025641026 4538.461538461539 4649.743589743591 4614.871794871796 4823.589743589744 4396.410256410257 4475.384615384616 4846.153846153847 4099.48717948718 4033.333333333334 4384.615384615385 4697.948717948719 4515.384615384616 
4645.641025641026 4140.512820512821 4537.435897435898 4646.666666666667 4609.2307692307695 4825.128205128206 4394.358974358975 4470.769230769231 4843.076923076924 4104.102564102564 4030.7692307692314 4380.512820512821 4700.512820512821 4511.282051282052 
4636.923076923077 4134.358974358975 4528.205128205129 4642.564102564103 4611.794871794872 4826.666666666667 4394.358974358975 4467.6923076923085 4842.564102564103 4101.538461538462 4027.692307692308 4371.282051282052 4699.48717948718 4506.153846153847 
4634.871794871796 4135.8974358974365 4522.564102564103 4645.128205128206 4614.358974358975 4828.717948717949 4398.461538461539 4468.717948717949 4847.179487179488 4103.076923076924 4026.666666666667 4367.179487179487 4697.948717948719 4502.051282051282 
4632.820512820514 4139.48717948718 4521.538461538462 4645.128205128206 4615.384615384616 4828.205128205129 4397.435897435898 4470.769230769231 4847.179487179488 4109.2307692307695 4027.1794871794878 4366.153846153847 4694.871794871796 4502.051282051282 
4630.769230769231 4140.000000000001 4520.512820512821 4642.564102564103 4625.641025641026 4824.615384615386 4393.846153846154 4470.256410256411 4843.589743589744 4103.589743589744 4027.692307692308 4367.6923076923085 4693.846153846154 4504.102564102564 
4628.205128205129 4138.974358974359 4522.051282051282 4642.564102564103 4625.128205128206 4818.974358974359 4390.769230769231 4464.102564102564 4841.538461538462 4094.8717948717954 4024.615384615385 4367.6923076923085 4694.358974358975 4501.538461538462 
4625.641025641026 4137.435897435898 4525.641025641026 4644.102564102564 4606.666666666667 4815.384615384616 4386.666666666667 4461.025641025642 4837.435897435898 4094.8717948717954 4017.9487179487182 4362.564102564103 4690.256410256411 4495.8974358974365 
4624.102564102564 4133.333333333334 4521.538461538462 4641.025641025642 4598.974358974359 4816.923076923077 4383.076923076924 4463.589743589744 4831.282051282052 4094.358974358975 4014.358974358975 4358.461538461539 4687.179487179488 4492.820512820514 
4617.948717948719 4124.615384615385 4511.282051282052 4632.307692307693 4601.538461538462 4812.307692307693 4375.8974358974365 4458.974358974359 4827.6923076923085 4085.1282051282055 4012.820512820513 4354.871794871796 4685.128205128206 4489.743589743591 
4608.717948717949 4113.846153846154 4506.153846153847 4624.615384615385 4593.846153846154 4801.025641025642 4366.153846153847 4450.256410256411 4824.102564102564 4073.333333333334 4006.666666666667 4349.2307692307695 4678.461538461539 4486.153846153847 
4603.589743589744 4105.641025641026 4501.025641025642 4620.512820512821 4583.589743589744 4794.871794871796 4362.564102564103 4444.615384615385 4814.358974358975 4065.1282051282055 3995.8974358974365 4340.512820512821 4668.205128205129 4479.48717948718 
4602.564102564103 4098.974358974359 4489.2307692307695 4615.384615384616 4585.128205128206 4792.820512820514 4362.051282051282 4434.358974358975 4802.564102564103 4056.9230769230776 3987.1794871794878 4330.256410256411 4660.000000000001 4471.282051282052 
4604.102564102564 4100.000000000001 4487.6923076923085 4614.358974358975 4587.6923076923085 4794.358974358975 4359.48717948718 4426.153846153847 4802.051282051282 4059.48717948718 3993.8461538461543 4331.794871794872 4666.153846153847 4474.358974358975 
4604.102564102564 4108.717948717949 4492.307692307693 4619.48717948718 4586.666666666667 4798.461538461539 4359.48717948718 4434.358974358975 4809.743589743591 4074.358974358975 4004.1025641025644 4341.025641025642 4673.846153846154 4484.102564102564 
4603.076923076924 4109.74358974359 4487.179487179488 4618.974358974359 4586.666666666667 4796.923076923077 4360.000000000001 4444.615384615385 4813.846153846154 4078.461538461539 3998.461538461539 4338.461538461539 4665.641025641026 4481.025641025642 
4599.48717948718 4105.128205128206 4478.974358974359 4613.846153846154 4584.615384615385 4792.820512820514 4353.846153846154 4437.948717948719 4811.282051282052 4066.1538461538466 3987.1794871794878 4326.666666666667 4654.871794871796 4470.256410256411 
4594.871794871796 4104.615384615385 4476.923076923077 4612.820512820514 4580.512820512821 4793.333333333334 4349.2307692307695 4428.205128205129 4806.666666666667 4063.076923076924 3986.666666666667 4326.666666666667 4656.410256410257 4469.2307692307695 
4592.307692307693 4100.000000000001 4480.000000000001 4612.820512820514 4579.48717948718 4792.307692307693 4347.6923076923085 4425.641025641026 4804.102564102564 4067.692307692308 3988.717948717949 4329.2307692307695 4656.410256410257 4471.282051282052 
4595.8974358974365 4094.358974358975 4483.589743589744 4612.307692307693 4588.205128205129 4788.205128205129 4346.153846153847 4424.615384615385 4801.538461538462 4058.9743589743593 3989.23076923077 4329.743589743591 4654.358974358975 4472.307692307693 
4600.000000000001 4100.000000000001 4491.282051282052 4614.871794871796 4592.820512820514 4792.820512820514 4353.333333333334 4427.6923076923085 4798.974358974359 4050.2564102564106 3991.2820512820517 4336.923076923077 4655.8974358974365 4477.948717948719 
4605.641025641026 4110.256410256411 4500.512820512821 4623.589743589744 4592.307692307693 4805.641025641026 4364.615384615385 4434.871794871796 4803.589743589744 4061.0256410256416 3995.8974358974365 4346.153846153847 4660.512820512821 4483.076923076924 
4610.256410256411 4110.769230769231 4501.538461538462 4628.205128205129 4589.743589743591 4808.717948717949 4364.102564102564 4437.948717948719 4812.820512820514 4072.307692307693 3998.9743589743593 4347.179487179487 4665.128205128206 4481.538461538462 
4608.205128205129 4106.666666666667 4500.000000000001 4623.076923076924 4590.769230769231 4804.615384615386 4358.974358974359 4438.461538461539 4813.333333333334 4068.717948717949 3999.48717948718 4345.128205128206 4665.641025641026 4478.974358974359 
4609.743589743591 4113.333333333334 4506.666666666667 4625.641025641026 4602.564102564103 4807.6923076923085 4364.615384615385 4445.641025641026 4814.358974358975 4071.2820512820517 4002.0512820512827 4352.820512820514 4671.282051282052 4483.589743589744 
4618.461538461539 4124.102564102564 4513.333333333334 4635.384615384616 4612.307692307693 4816.923076923077 4371.794871794872 4449.2307692307695 4824.102564102564 4083.589743589744 4010.2564102564106 4360.000000000001 4681.025641025642 4491.282051282052 
4618.974358974359 4126.153846153847 4509.2307692307695 4635.384615384616 4613.333333333334 4816.923076923077 4370.769230769231 4442.051282051282 4825.128205128206 4083.076923076924 4011.2820512820517 4352.820512820514 4682.051282051282 4490.256410256411 
4614.871794871796 4124.102564102564 4501.025641025642 4630.769230769231 4611.282051282052 4816.410256410257 4373.333333333334 4442.051282051282 4818.461538461539 4079.48717948718 4009.23076923077 4347.179487179487 4683.076923076924 4485.128205128206 
4617.435897435898 4125.641025641026 4498.461538461539 4634.358974358975 4607.179487179488 4825.128205128206 4381.538461538462 4455.384615384616 4825.641025641026 4090.2564102564106 4017.9487179487182 4354.871794871796 4687.179487179488 4488.717948717949 
4617.948717948719 4126.153846153847 4502.051282051282 4635.8974358974365 4602.051282051282 4822.564102564103 4379.48717948718 4464.102564102564 4835.384615384616 4095.8974358974365 4020.5128205128212 4360.000000000001 4681.025641025642 4494.358974358975 
4617.948717948719 4126.666666666667 4509.2307692307695 4634.358974358975 4604.102564102564 4810.769230769231 4371.794871794872 4460.512820512821 4830.256410256411 4089.23076923077 4013.8461538461543 4357.435897435898 4678.461538461539 4493.333333333334 
4625.128205128206 4129.74358974359 4511.794871794872 4634.871794871796 4605.128205128206 4808.205128205129 4369.2307692307695 4453.333333333334 4824.102564102564 4085.6410256410263 4013.333333333334 4357.435897435898 4688.205128205129 4491.794871794872 
4626.153846153847 4127.6923076923085 4511.282051282052 4631.282051282052 4602.051282051282 4805.641025641026 4364.615384615385 4446.666666666667 4826.666666666667 4089.7435897435903 4016.410256410257 4357.435897435898 4689.743589743591 4490.769230769231 
4610.769230769231 4116.410256410257 4502.564102564103 4622.051282051282 4593.333333333334 4793.846153846154 4353.333333333334 4436.923076923077 4816.410256410257 4081.538461538462 4008.717948717949 4349.2307692307695 4677.948717948719 4483.076923076924 
4595.384615384616 4104.102564102564 4486.666666666667 4612.307692307693 4576.410256410257 4784.102564102564 4342.564102564103 4422.564102564103 4795.8974358974365 4057.435897435898 3995.3846153846157 4334.871794871796 4665.128205128206 4470.256410256411 
