4522.051282051282 4073.8461538461543 4403.076923076924 4528.717948717949 4503.589743589744 4738.974358974359 4337.435897435898 4385.641025641026 4729.743589743591 4048.205128205129 3935.8974358974365 4547.6923076923085 4569.743589743591 4097.948717948719 
4525.641025641026 4073.8461538461543 4398.974358974359 4529.2307692307695 4508.205128205129 4738.974358974359 4338.974358974359 4386.153846153847 4729.2307692307695 4046.666666666667 3934.8717948717954 4546.666666666667 4563.589743589744 4095.8974358974365 
4520.512820512821 4074.8717948717954 4400.512820512821 4530.256410256411 4512.307692307693 4741.025641025642 4341.538461538462 4387.179487179487 4727.6923076923085 4044.1025641025644 3930.7692307692314 4544.615384615385 4556.923076923077 4092.307692307693 
4518.974358974359 4079.48717948718 4406.153846153847 4532.820512820514 4512.307692307693 4742.051282051282 4339.48717948718 4387.179487179487 4725.641025641026 4044.615384615385 3930.2564102564106 4546.666666666667 4562.051282051282 4097.948717948719 
4521.025641025642 4076.9230769230776 4406.153846153847 4536.410256410257 4514.871794871796 4743.076923076924 4342.564102564103 4393.846153846154 4726.666666666667 4045.6410256410263 3927.692307692308 4544.615384615385 4558.974358974359 4095.3846153846157 
4522.051282051282 4074.8717948717954 4378.461538461539 4526.666666666667 4523.589743589744 4759.48717948718 4365.641025641026 4382.564102564103 4726.666666666667 4045.6410256410263 3914.358974358975 4507.179487179488 4546.666666666667 4063.076923076924 
4515.384615384616 4074.8717948717954 4377.948717948719 4523.589743589744 4520.512820512821 4758.974358974359 4371.794871794872 4380.000000000001 4728.205128205129 4043.589743589744 3910.2564102564106 4497.435897435898 4543.589743589744 4055.8974358974365 
4520.512820512821 4081.0256410256416 4392.820512820514 4525.641025641026 4512.820512820514 4745.641025641026 4350.256410256411 4381.538461538462 4731.794871794872 4044.1025641025644 3920.5128205128212 4523.076923076924 4557.948717948719 4081.0256410256416 
4522.051282051282 4076.410256410257 4404.615384615385 4527.6923076923085 4505.641025641026 4734.358974358975 4330.256410256411 4392.820512820514 4733.333333333334 4048.205128205129 3935.8974358974365 4551.794871794872 4569.2307692307695 4099.48717948718 
4524.615384615385 4073.8461538461543 4392.820512820514 4521.538461538462 4502.564102564103 4737.435897435898 4329.743589743591 4385.128205128206 4732.820512820514 4051.2820512820517 3942.0512820512827 4538.461538461539 4574.871794871796 4092.820512820513 
4523.076923076924 4071.2820512820517 4401.025641025642 4523.076923076924 4497.948717948719 4726.666666666667 4320.512820512821 4387.6923076923085 4736.410256410257 4049.7435897435903 3945.6410256410263 4546.153846153847 4576.923076923077 4101.538461538462 
4524.102564102564 4072.820512820513 4407.6923076923085 4523.589743589744 4495.8974358974365 4721.025641025642 4313.333333333334 4389.743589743591 4736.923076923077 4048.717948717949 3946.666666666667 4558.461538461539 4581.538461538462 4111.282051282052 
4523.589743589744 4069.23076923077 4412.820512820514 4525.641025641026 4492.820512820514 4721.538461538462 4312.307692307693 4391.794871794872 4734.358974358975 4050.2564102564106 3949.2307692307695 4563.589743589744 4583.076923076924 4112.820512820514 
4528.717948717949 4068.717948717949 4402.564102564103 4523.076923076924 4496.923076923077 4727.6923076923085 4317.948717948719 4383.589743589744 4736.923076923077 4049.7435897435903 3946.666666666667 4548.717948717949 4582.564102564103 4100.000000000001 
4526.153846153847 4066.666666666667 4393.333333333334 4517.948717948719 4500.000000000001 4731.794871794872 4324.615384615385 4381.025641025642 4741.025641025642 4049.7435897435903 3941.0256410256416 4536.923076923077 4577.948717948719 4083.589743589744 
4522.564102564103 4065.6410256410263 4388.205128205129 4511.794871794872 4497.435897435898 4732.820512820514 4328.205128205129 4378.974358974359 4740.512820512821 4053.8461538461543 3942.564102564103 4529.743589743591 4578.461538461539 4075.3846153846157 
4523.076923076924 4061.538461538462 4387.6923076923085 4507.6923076923085 4493.846153846154 4727.6923076923085 4327.179487179487 4372.820512820514 4741.538461538462 4055.3846153846157 3948.205128205129 4527.6923076923085 4583.076923076924 4070.2564102564106 
4523.589743589744 4056.9230769230776 4387.6923076923085 4504.615384615385 4489.743589743591 4721.538461538462 4323.589743589744 4370.256410256411 4743.076923076924 4054.358974358975 3952.820512820513 4530.256410256411 4586.666666666667 4066.666666666667 
4524.102564102564 4056.9230769230776 4382.564102564103 4501.538461538462 4487.179487179488 4722.051282051282 4324.615384615385 4364.615384615385 4741.025641025642 4055.3846153846157 3954.8717948717954 4524.615384615385 4588.205128205129 4061.0256410256416 
4526.666666666667 4055.3846153846157 4386.666666666667 4501.538461538462 4487.6923076923085 4719.48717948718 4323.589743589744 4367.6923076923085 4744.102564102564 4055.3846153846157 3958.461538461539 4528.205128205129 4592.307692307693 4058.9743589743593 
4530.769230769231 4053.8461538461543 4384.102564102564 4496.923076923077 4488.205128205129 4719.48717948718 4321.538461538462 4363.076923076924 4748.717948717949 4056.410256410257 3962.564102564103 4526.666666666667 4595.384615384616 4054.358974358975 
4525.641025641026 4048.205128205129 4386.666666666667 4496.923076923077 4482.564102564103 4713.846153846154 4319.48717948718 4363.076923076924 4747.179487179488 4060.5128205128212 3967.1794871794878 4531.794871794872 4592.307692307693 4053.8461538461543 
4524.102564102564 4048.717948717949 4383.589743589744 4497.435897435898 4482.564102564103 4715.384615384616 4321.538461538462 4355.384615384616 4744.615384615386 4059.48717948718 3965.1282051282055 4527.179487179488 4595.384615384616 4051.2820512820517 
4520.512820512821 4047.1794871794878 4393.846153846154 4501.538461538462 4483.076923076924 4714.871794871796 4320.512820512821 4361.025641025642 4748.205128205129 4055.3846153846157 3964.615384615385 4532.820512820514 4595.8974358974365 4054.8717948717954 
4524.102564102564 4050.2564102564106 4390.256410256411 4498.974358974359 4484.102564102564 4716.923076923077 4323.589743589744 4357.948717948719 4748.717948717949 4056.9230769230776 3965.1282051282055 4530.256410256411 4594.871794871796 4053.333333333334 
4520.512820512821 4047.692307692308 4392.307692307693 4499.48717948718 4483.076923076924 4714.871794871796 4324.102564102564 4362.564102564103 4745.128205128206 4057.9487179487182 3968.205128205129 4537.948717948719 4593.333333333334 4052.820512820513 
4520.512820512821 4050.2564102564106 4387.6923076923085 4495.8974358974365 4484.615384615385 4717.948717948719 4324.102564102564 4356.410256410257 4743.589743589744 4056.9230769230776 3969.7435897435903 4533.333333333334 4594.358974358975 4049.23076923077 
4519.48717948718 4048.717948717949 4393.333333333334 4498.461538461539 4483.589743589744 4716.410256410257 4322.051282051282 4359.48717948718 4745.128205128206 4057.435897435898 3969.2307692307695 4532.307692307693 4591.794871794872 4050.7692307692314 
4522.051282051282 4047.1794871794878 4389.2307692307695 4496.410256410257 4483.076923076924 4717.435897435898 4322.564102564103 4358.461538461539 4747.179487179488 4060.5128205128212 3966.1538461538466 4527.179487179488 4593.846153846154 4047.1794871794878 
4521.538461538462 4043.589743589744 4387.6923076923085 4494.358974358975 4481.025641025642 4712.307692307693 4320.512820512821 4356.410256410257 4748.717948717949 4061.0256410256416 3971.2820512820517 4529.743589743591 4597.948717948719 4043.076923076924 
4523.076923076924 4043.589743589744 4381.025641025642 4490.256410256411 4478.974358974359 4707.179487179488 4318.974358974359 4347.6923076923085 4750.769230769231 4060.0000000000005 3977.435897435898 4522.564102564103 4602.564102564103 4035.3846153846157 
4522.051282051282 4040.0000000000005 4382.051282051282 4490.256410256411 4478.461538461539 4706.666666666667 4319.48717948718 4348.717948717949 4752.307692307693 4061.0256410256416 3975.3846153846157 4522.051282051282 4601.538461538462 4034.358974358975 
4518.974358974359 4038.9743589743593 4388.205128205129 4494.358974358975 4480.000000000001 4711.794871794872 4322.051282051282 4354.358974358975 4750.769230769231 4061.538461538462 3971.7948717948725 4530.769230769231 4597.435897435898 4042.564102564103 
4517.435897435898 4047.1794871794878 4394.871794871796 4501.538461538462 4482.564102564103 4713.846153846154 4323.076923076924 4353.333333333334 4743.589743589744 4058.461538461539 3971.2820512820517 4538.461538461539 4591.794871794872 4051.2820512820517 
4513.846153846154 4051.7948717948725 4405.641025641026 4507.179487179488 4485.641025641026 4715.384615384616 4324.615384615385 4355.8974358974365 4737.435897435898 4055.8974358974365 3969.7435897435903 4545.641025641026 4585.641025641026 4056.410256410257 
4513.846153846154 4051.2820512820517 4406.666666666667 4508.205128205129 4489.2307692307695 4719.48717948718 4331.282051282052 4355.8974358974365 4738.461538461539 4054.8717948717954 3966.666666666667 4545.128205128206 4582.564102564103 4056.9230769230776 
4514.358974358975 4048.717948717949 4406.666666666667 4510.769230769231 4488.717948717949 4718.461538461539 4331.794871794872 4361.538461538462 4740.512820512821 4055.3846153846157 3966.666666666667 4546.666666666667 4580.000000000001 4058.461538461539 
4517.948717948719 4049.23076923077 4398.974358974359 4508.205128205129 4488.717948717949 4720.512820512821 4329.743589743591 4356.923076923077 4740.512820512821 4055.8974358974365 3965.6410256410263 4537.948717948719 4582.564102564103 4054.358974358975 
4515.384615384616 4046.1538461538466 4399.48717948718 4504.102564102564 4487.6923076923085 4715.8974358974365 4328.205128205129 4358.974358974359 4743.589743589744 4055.3846153846157 3969.7435897435903 4539.48717948718 4585.641025641026 4051.7948717948725 
4517.435897435898 4048.717948717949 4390.769230769231 4499.48717948718 4485.641025641026 4714.358974358975 4327.6923076923085 4352.307692307693 4745.128205128206 4055.3846153846157 3971.2820512820517 4534.358974358975 4587.179487179488 4048.205128205129 
4514.358974358975 4043.589743589744 4396.923076923077 4506.153846153847 4483.589743589744 4713.846153846154 4326.666666666667 4357.435897435898 4744.102564102564 4057.435897435898 3968.205128205129 4541.538461538462 4582.051282051282 4053.333333333334 
4517.948717948719 4045.6410256410263 4397.435897435898 4504.615384615385 4487.6923076923085 4720.512820512821 4331.794871794872 4354.871794871796 4743.076923076924 4058.9743589743593 3963.589743589744 4535.384615384616 4582.051282051282 4051.7948717948725 
4516.410256410257 4050.2564102564106 4403.589743589744 4505.128205128206 4488.717948717949 4717.948717948719 4328.205128205129 4360.512820512821 4742.051282051282 4056.410256410257 3966.666666666667 4540.000000000001 4581.025641025642 4052.820512820513 
4517.948717948719 4054.8717948717954 4393.846153846154 4505.128205128206 4488.717948717949 4722.051282051282 4331.794871794872 4353.846153846154 4739.48717948718 4052.307692307693 3963.076923076924 4534.358974358975 4580.512820512821 4047.1794871794878 
4514.871794871796 4048.205128205129 4387.179487179487 4505.641025641026 4492.820512820514 4731.794871794872 4350.256410256411 4351.282051282052 4740.000000000001 4052.307692307693 3954.8717948717954 4519.48717948718 4573.333333333334 4028.717948717949 
4516.410256410257 4046.1538461538466 4380.000000000001 4499.48717948718 4497.948717948719 4736.923076923077 4356.923076923077 4348.205128205129 4741.025641025642 4055.8974358974365 3953.333333333334 4504.102564102564 4569.2307692307695 4016.9230769230776 
4514.358974358975 4046.1538461538466 4390.769230769231 4501.025641025642 4490.256410256411 4721.538461538462 4335.384615384616 4354.358974358975 4740.512820512821 4054.8717948717954 3963.589743589744 4526.153846153847 4575.8974358974365 4039.48717948718 
4514.358974358975 4048.717948717949 4396.923076923077 4500.512820512821 4483.076923076924 4711.794871794872 4322.051282051282 4354.871794871796 4742.564102564103 4054.358974358975 3971.7948717948725 4543.076923076924 4587.6923076923085 4053.333333333334 
4515.384615384616 4048.205128205129 4397.948717948719 4498.974358974359 4483.076923076924 4713.846153846154 4321.538461538462 4354.358974358975 4746.666666666667 4057.9487179487182 3974.8717948717954 4542.564102564103 4590.256410256411 4048.717948717949 
4515.384615384616 4044.1025641025644 4401.538461538462 4501.025641025642 4481.538461538462 4712.820512820514 4321.538461538462 4356.923076923077 4745.128205128206 4057.435897435898 3973.333333333334 4545.128205128206 4589.2307692307695 4051.7948717948725 
4513.846153846154 4045.1282051282055 4403.589743589744 4504.102564102564 4477.948717948719 4709.743589743591 4321.025641025642 4355.384615384616 4741.538461538462 4056.9230769230776 3973.333333333334 4554.358974358975 4591.282051282052 4061.0256410256416 
4513.846153846154 4048.205128205129 4409.2307692307695 4508.205128205129 4477.435897435898 4708.717948717949 4315.384615384616 4357.948717948719 4742.051282051282 4059.48717948718 3978.461538461539 4564.102564102564 4592.307692307693 4066.666666666667 
4519.48717948718 4049.7435897435903 4407.6923076923085 4507.6923076923085 4480.512820512821 4709.743589743591 4313.333333333334 4356.410256410257 4743.076923076924 4057.435897435898 3977.9487179487182 4557.948717948719 4591.282051282052 4064.615384615385 
4515.8974358974365 4045.1282051282055 4409.2307692307695 4506.153846153847 4480.512820512821 4711.282051282052 4323.076923076924 4360.000000000001 4741.538461538462 4055.8974358974365 3975.3846153846157 4554.358974358975 4587.179487179488 4060.5128205128212 
4514.871794871796 4045.1282051282055 4401.538461538462 4502.564102564103 4483.076923076924 4720.512820512821 4334.871794871796 4350.769230769231 4738.461538461539 4056.9230769230776 3969.7435897435903 4540.512820512821 4584.615384615385 4046.666666666667 
4513.333333333334 4041.538461538462 4402.564102564103 4504.615384615385 4484.102564102564 4718.461538461539 4331.282051282052 4351.794871794872 4741.025641025642 4055.3846153846157 3967.1794871794878 4540.512820512821 4582.564102564103 4040.5128205128212 
4516.410256410257 4042.564102564103 4394.358974358975 4500.000000000001 4486.153846153847 4719.48717948718 4330.769230769231 4345.128205128206 4743.589743589744 4055.3846153846157 3968.717948717949 4532.307692307693 4583.076923076924 4035.8974358974365 
4513.846153846154 4041.0256410256416 4398.974358974359 4501.025641025642 4484.102564102564 4716.923076923077 4329.2307692307695 4349.2307692307695 4743.076923076924 4055.8974358974365 3975.3846153846157 4537.948717948719 4585.641025641026 4040.0000000000005 
4519.48717948718 4039.48717948718 4389.2307692307695 4494.358974358975 4482.051282051282 4714.871794871796 4327.6923076923085 4341.538461538462 4744.102564102564 4058.9743589743593 3975.8974358974365 4528.717948717949 4593.846153846154 4030.7692307692314 
4518.461538461539 4033.8461538461543 4389.743589743591 4490.256410256411 4478.461538461539 4708.205128205129 4325.128205128206 4343.076923076924 4748.717948717949 4060.0000000000005 3977.435897435898 4528.205128205129 4592.820512820514 4026.1538461538466 
4513.333333333334 4040.0000000000005 4397.948717948719 4498.461538461539 4482.051282051282 4714.871794871796 4330.769230769231 4344.615384615385 4743.076923076924 4055.3846153846157 3976.9230769230776 4537.435897435898 4584.102564102564 4040.0000000000005 
4507.179487179488 4045.6410256410263 4413.846153846154 4515.8974358974365 4487.6923076923085 4720.000000000001 4334.358974358975 4354.358974358975 4734.871794871796 4050.2564102564106 3969.2307692307695 4555.8974358974365 4575.8974358974365 4057.435897435898 
4511.794871794872 4049.23076923077 4409.2307692307695 4514.358974358975 4490.769230769231 4720.512820512821 4333.846153846154 4355.384615384616 4735.384615384616 4051.2820512820517 3963.076923076924 4551.794871794872 4575.8974358974365 4056.410256410257 
4513.846153846154 4048.717948717949 4406.666666666667 4508.205128205129 4490.256410256411 4718.974358974359 4334.358974358975 4352.307692307693 4737.948717948719 4051.7948717948725 3964.1025641025644 4546.666666666667 4574.871794871796 4055.8974358974365 
4512.820512820514 4050.2564102564106 4408.205128205129 4512.820512820514 4491.794871794872 4723.589743589744 4338.461538461539 4351.794871794872 4736.410256410257 4050.7692307692314 3964.615384615385 4550.256410256411 4573.333333333334 4058.9743589743593 
4512.307692307693 4051.7948717948725 4407.179487179487 4515.8974358974365 4490.769230769231 4724.615384615386 4340.000000000001 4356.410256410257 4735.8974358974365 4050.7692307692314 3963.589743589744 4549.2307692307695 4574.358974358975 4055.3846153846157 
4513.846153846154 4052.820512820513 4406.153846153847 4510.769230769231 4489.743589743591 4720.512820512821 4336.410256410257 4363.076923076924 4736.923076923077 4051.2820512820517 3964.1025641025644 4546.666666666667 4575.384615384616 4054.8717948717954 
4514.358974358975 4051.7948717948725 4403.589743589744 4507.6923076923085 4491.794871794872 4722.051282051282 4335.8974358974365 4358.974358974359 4733.846153846154 4053.333333333334 3965.6410256410263 4546.153846153847 4575.384615384616 4057.435897435898 
4513.333333333334 4049.23076923077 4406.153846153847 4511.794871794872 4493.333333333334 4724.102564102564 4335.8974358974365 4357.948717948719 4733.846153846154 4053.333333333334 3966.666666666667 4551.282051282052 4576.410256410257 4057.435897435898 
4515.8974358974365 4053.333333333334 4403.589743589744 4511.794871794872 4493.846153846154 4727.6923076923085 4337.435897435898 4355.384615384616 4734.871794871796 4050.7692307692314 3963.076923076924 4545.128205128206 4575.384615384616 4053.8461538461543 
4513.333333333334 4051.7948717948725 4409.743589743591 4512.307692307693 4492.307692307693 4724.615384615386 4336.410256410257 4362.051282051282 4734.358974358975 4051.2820512820517 3961.538461538462 4548.717948717949 4572.820512820514 4058.461538461539 
4513.333333333334 4052.820512820513 4401.538461538462 4510.256410256411 4493.333333333334 4725.641025641026 4337.435897435898 4354.871794871796 4735.384615384616 4051.7948717948725 3960.0000000000005 4546.666666666667 4574.871794871796 4057.435897435898 
4510.769230769231 4052.307692307693 4404.102564102564 4513.333333333334 4492.307692307693 4724.615384615386 4336.410256410257 4355.384615384616 4735.8974358974365 4050.2564102564106 3960.5128205128212 4550.256410256411 4572.820512820514 4055.8974358974365 
4515.384615384616 4055.3846153846157 4400.000000000001 4511.794871794872 4492.820512820514 4727.6923076923085 4338.974358974359 4353.333333333334 4733.333333333334 4050.2564102564106 3960.0000000000005 4541.538461538462 4571.794871794872 4052.820512820513 
4514.358974358975 4051.7948717948725 4404.615384615385 4513.333333333334 4490.769230769231 4724.102564102564 4339.48717948718 4360.000000000001 4734.358974358975 4053.333333333334 3958.9743589743593 4544.102564102564 4571.794871794872 4056.410256410257 
4516.410256410257 4053.333333333334 4397.948717948719 4510.769230769231 4493.333333333334 4727.6923076923085 4340.000000000001 4355.384615384616 4735.8974358974365 4055.3846153846157 3955.8974358974365 4540.000000000001 4573.333333333334 4055.3846153846157 
4513.846153846154 4052.820512820513 4400.000000000001 4513.333333333334 4495.8974358974365 4726.666666666667 4336.923076923077 4360.000000000001 4734.871794871796 4053.8461538461543 3958.9743589743593 4542.564102564103 4572.820512820514 4057.435897435898 
4516.410256410257 4054.8717948717954 4398.461538461539 4510.769230769231 4497.435897435898 4725.641025641026 4336.923076923077 4355.384615384616 4737.435897435898 4054.358974358975 3961.0256410256416 4535.8974358974365 4573.846153846154 4054.358974358975 
4515.8974358974365 4053.333333333334 4402.051282051282 4511.794871794872 4493.333333333334 4725.641025641026 4337.948717948719 4354.358974358975 4740.512820512821 4053.8461538461543 3959.48717948718 4537.948717948719 4572.820512820514 4054.358974358975 
4515.8974358974365 4052.307692307693 4397.435897435898 4512.820512820514 4493.333333333334 4728.205128205129 4338.461538461539 4356.410256410257 4737.435897435898 4052.307692307693 3956.9230769230776 4537.948717948719 4575.384615384616 4054.358974358975 
4513.846153846154 4052.820512820513 4397.435897435898 4511.794871794872 4493.846153846154 4727.179487179488 4335.8974358974365 4358.461538461539 4736.923076923077 4051.7948717948725 3958.461538461539 4537.948717948719 4577.948717948719 4054.358974358975 
4515.8974358974365 4054.358974358975 4400.000000000001 4508.717948717949 4493.333333333334 4726.153846153847 4336.923076923077 4354.871794871796 4737.948717948719 4052.820512820513 3957.435897435898 4536.923076923077 4575.8974358974365 4053.333333333334 
4517.435897435898 4052.307692307693 4396.923076923077 4509.743589743591 4493.333333333334 4723.589743589744 4340.512820512821 4353.846153846154 4736.410256410257 4053.333333333334 3957.435897435898 4535.8974358974365 4575.8974358974365 4052.820512820513 
4515.384615384616 4052.820512820513 4396.410256410257 4510.769230769231 4493.846153846154 4724.102564102564 4337.948717948719 4358.461538461539 4736.923076923077 4052.307692307693 3960.0000000000005 4538.974358974359 4577.948717948719 4055.8974358974365 
4516.410256410257 4056.410256410257 4396.923076923077 4509.2307692307695 4493.333333333334 4729.743589743591 4333.846153846154 4354.871794871796 4737.435897435898 4051.2820512820517 3958.461538461539 4535.8974358974365 4575.8974358974365 4054.8717948717954 
4515.8974358974365 4053.333333333334 4400.512820512821 4513.333333333334 4489.743589743591 4726.666666666667 4334.871794871796 4357.948717948719 4735.8974358974365 4052.307692307693 3958.9743589743593 4538.461538461539 4573.333333333334 4056.410256410257 
4520.000000000001 4055.8974358974365 4396.410256410257 4512.820512820514 4491.282051282052 4725.128205128206 4341.025641025642 4352.820512820514 4735.384615384616 4052.307692307693 3959.48717948718 4532.820512820514 4576.923076923077 4053.333333333334 
4517.948717948719 4053.8461538461543 4403.076923076924 4511.794871794872 4491.794871794872 4723.589743589744 4337.435897435898 4355.384615384616 4738.461538461539 4050.7692307692314 3958.9743589743593 4537.948717948719 4576.410256410257 4056.9230769230776 
4516.923076923077 4052.307692307693 4397.948717948719 4509.2307692307695 4491.794871794872 4725.641025641026 4336.923076923077 4351.794871794872 4738.461538461539 4052.307692307693 3957.435897435898 4533.846153846154 4575.8974358974365 4054.8717948717954 
4514.358974358975 4051.2820512820517 4402.564102564103 4512.307692307693 4490.769230769231 4721.025641025642 4337.948717948719 4362.051282051282 4736.410256410257 4055.8974358974365 3959.48717948718 4537.948717948719 4576.923076923077 4056.410256410257 
4519.48717948718 4056.9230769230776 4397.435897435898 4508.717948717949 4493.333333333334 4725.128205128206 4338.461538461539 4356.923076923077 4736.410256410257 4054.8717948717954 3957.9487179487182 4531.282051282052 4578.974358974359 4054.8717948717954 
4516.923076923077 4049.23076923077 4400.000000000001 4510.769230769231 4491.794871794872 4724.615384615386 4335.384615384616 4356.923076923077 4737.435897435898 4053.8461538461543 3957.9487179487182 4537.948717948719 4576.923076923077 4056.9230769230776 
4518.974358974359 4048.717948717949 4394.358974358975 4510.256410256411 4491.282051282052 4725.641025641026 4336.410256410257 4355.384615384616 4735.384615384616 4055.3846153846157 3958.9743589743593 4535.8974358974365 4576.410256410257 4053.8461538461543 
4518.974358974359 4052.820512820513 4397.948717948719 4511.794871794872 4494.358974358975 4723.076923076924 4335.8974358974365 4361.025641025642 4734.358974358975 4053.333333333334 3958.461538461539 4537.948717948719 4575.384615384616 4054.8717948717954 
4520.000000000001 4055.8974358974365 4394.358974358975 4511.794871794872 4495.384615384616 4725.641025641026 4337.435897435898 4358.461538461539 4736.410256410257 4051.2820512820517 3957.9487179487182 4534.358974358975 4576.410256410257 4055.3846153846157 
4517.948717948719 4051.7948717948725 4395.8974358974365 4512.307692307693 4494.358974358975 4724.615384615386 4337.948717948719 4358.461538461539 4737.435897435898 4051.2820512820517 3958.461538461539 4536.410256410257 4575.8974358974365 4054.8717948717954 
4518.974358974359 4052.307692307693 4396.410256410257 4508.717948717949 4496.410256410257 4725.128205128206 4339.48717948718 4358.461538461539 4737.435897435898 4052.820512820513 3957.9487179487182 4534.871794871796 4574.871794871796 4053.333333333334 
4517.435897435898 4056.9230769230776 4396.923076923077 4510.256410256411 4494.871794871796 4727.6923076923085 4337.948717948719 4357.948717948719 4737.948717948719 4053.333333333334 3956.9230769230776 4534.358974358975 4575.8974358974365 4056.410256410257 
4515.8974358974365 4056.410256410257 4396.923076923077 4512.820512820514 4491.282051282052 4727.6923076923085 4334.871794871796 4356.923076923077 4735.8974358974365 4052.820512820513 3957.9487179487182 4536.410256410257 4579.48717948718 4057.9487179487182 
4516.923076923077 4054.358974358975 4393.846153846154 4509.743589743591 4491.282051282052 4728.205128205129 4335.8974358974365 4353.846153846154 4734.358974358975 4052.307692307693 3957.435897435898 4533.333333333334 4578.974358974359 4053.8461538461543 
4515.384615384616 4053.333333333334 4396.410256410257 4510.769230769231 4494.358974358975 4727.179487179488 4338.974358974359 4360.000000000001 4735.8974358974365 4050.7692307692314 3956.9230769230776 4535.384615384616 4577.435897435898 4055.3846153846157 
4515.8974358974365 4056.410256410257 4394.358974358975 4509.743589743591 4495.8974358974365 4729.2307692307695 4338.974358974359 4358.461538461539 4735.8974358974365 4051.7948717948725 3956.410256410257 4532.820512820514 4577.948717948719 4056.9230769230776 
4515.384615384616 4055.3846153846157 4397.948717948719 4510.256410256411 4494.358974358975 4724.102564102564 4334.871794871796 4359.48717948718 4736.410256410257 4052.307692307693 3958.9743589743593 4534.871794871796 4574.358974358975 4058.9743589743593 
4521.538461538462 4056.9230769230776 4393.846153846154 4512.307692307693 4494.358974358975 4724.615384615386 4338.461538461539 4354.358974358975 4736.923076923077 4052.820512820513 3956.9230769230776 4527.6923076923085 4576.410256410257 4056.9230769230776 
4519.48717948718 4053.333333333334 4399.48717948718 4515.384615384616 4494.358974358975 4724.102564102564 4340.512820512821 4361.538461538462 4736.410256410257 4052.307692307693 3956.9230769230776 4532.307692307693 4577.435897435898 4058.461538461539 
4518.461538461539 4054.358974358975 4394.358974358975 4509.2307692307695 4495.8974358974365 4727.6923076923085 4340.000000000001 4355.384615384616 4735.384615384616 4051.7948717948725 3955.8974358974365 4529.743589743591 4576.410256410257 4053.8461538461543 
4517.948717948719 4053.8461538461543 4397.435897435898 4510.256410256411 4493.846153846154 4725.641025641026 4336.923076923077 4358.974358974359 4735.384615384616 4052.820512820513 3955.3846153846157 4532.820512820514 4574.358974358975 4056.9230769230776 
4520.000000000001 4056.410256410257 4393.333333333334 4510.769230769231 4494.358974358975 4731.282051282052 4340.512820512821 4358.461538461539 4735.8974358974365 4054.358974358975 3954.8717948717954 4528.717948717949 4576.410256410257 4056.9230769230776 
4513.333333333334 4053.8461538461543 4400.512820512821 4513.333333333334 4493.846153846154 4730.256410256411 4342.051282051282 4362.051282051282 4737.435897435898 4052.820512820513 3956.410256410257 4536.923076923077 4573.846153846154 4056.410256410257 
4516.923076923077 4056.410256410257 4398.461538461539 4513.333333333334 4496.410256410257 4728.205128205129 4342.564102564103 4353.846153846154 4736.410256410257 4051.7948717948725 3954.8717948717954 4532.820512820514 4573.846153846154 4053.333333333334 
4517.948717948719 4054.358974358975 4399.48717948718 4512.307692307693 4495.384615384616 4726.153846153847 4342.051282051282 4357.435897435898 4733.846153846154 4052.307692307693 3955.8974358974365 4532.307692307693 4573.846153846154 4057.435897435898 
4516.923076923077 4053.8461538461543 4396.410256410257 4508.205128205129 4493.333333333334 4726.666666666667 4342.564102564103 4357.948717948719 4734.871794871796 4050.7692307692314 3956.410256410257 4529.743589743591 4575.384615384616 4057.9487179487182 
4514.358974358975 4054.8717948717954 4397.435897435898 4511.282051282052 4493.333333333334 4723.589743589744 4340.512820512821 4355.384615384616 4735.8974358974365 4049.7435897435903 3955.8974358974365 4532.307692307693 4575.8974358974365 4057.9487179487182 
4515.8974358974365 4056.9230769230776 4398.974358974359 4511.794871794872 4495.384615384616 4726.666666666667 4341.025641025642 4355.8974358974365 4736.923076923077 4054.8717948717954 3956.9230769230776 4531.282051282052 4576.410256410257 4058.9743589743593 
4518.974358974359 4053.8461538461543 4400.512820512821 4510.769230769231 4495.384615384616 4728.205128205129 4341.025641025642 4359.48717948718 4736.923076923077 4055.3846153846157 3958.9743589743593 4530.256410256411 4574.871794871796 4058.461538461539 
4518.974358974359 4050.7692307692314 4400.512820512821 4511.282051282052 4492.820512820514 4726.153846153847 4337.435897435898 4359.48717948718 4735.8974358974365 4050.2564102564106 3958.461538461539 4531.794871794872 4574.871794871796 4057.9487179487182 
4517.435897435898 4053.8461538461543 4396.410256410257 4510.256410256411 4493.333333333334 4729.2307692307695 4337.435897435898 4354.358974358975 4733.846153846154 4050.2564102564106 3956.9230769230776 4529.2307692307695 4574.871794871796 4059.48717948718 
4516.923076923077 4053.8461538461543 4401.025641025642 4511.282051282052 4494.358974358975 4727.179487179488 4337.948717948719 4360.512820512821 4735.384615384616 4053.8461538461543 3958.461538461539 4534.358974358975 4571.794871794872 4063.589743589744 
4519.48717948718 4053.8461538461543 4397.948717948719 4511.282051282052 4495.384615384616 4725.128205128206 4337.435897435898 4357.435897435898 4735.8974358974365 4052.820512820513 3957.9487179487182 4530.769230769231 4572.820512820514 4060.0000000000005 
4513.846153846154 4051.2820512820517 4401.538461538462 4512.820512820514 4494.871794871796 4726.153846153847 4333.333333333334 4360.512820512821 4735.384615384616 4051.2820512820517 3958.9743589743593 4534.358974358975 4576.410256410257 4059.48717948718 
4514.871794871796 4052.820512820513 4398.461538461539 4510.256410256411 4494.358974358975 4732.820512820514 4336.410256410257 4355.8974358974365 4734.358974358975 4053.8461538461543 3957.435897435898 4530.256410256411 4579.48717948718 4057.9487179487182 
4514.871794871796 4052.307692307693 4403.589743589744 4514.358974358975 4490.769230769231 4728.717948717949 4338.461538461539 4360.000000000001 4733.846153846154 4055.8974358974365 3956.9230769230776 4536.923076923077 4575.384615384616 4062.0512820512827 
4516.923076923077 4056.410256410257 4398.461538461539 4512.307692307693 4493.333333333334 4727.6923076923085 4339.48717948718 4357.948717948719 4734.358974358975 4054.8717948717954 3955.8974358974365 4531.794871794872 4572.820512820514 4060.5128205128212 
4513.333333333334 4052.307692307693 4402.564102564103 4512.307692307693 4495.8974358974365 4725.641025641026 4339.48717948718 4362.051282051282 4735.8974358974365 4054.8717948717954 3956.410256410257 4536.410256410257 4571.794871794872 4060.5128205128212 
4515.8974358974365 4052.820512820513 4396.410256410257 4511.794871794872 4494.871794871796 4730.256410256411 4341.538461538462 4355.384615384616 4735.8974358974365 4055.8974358974365 3954.8717948717954 4532.820512820514 4573.846153846154 4058.461538461539 
4514.871794871796 4052.820512820513 4397.948717948719 4511.794871794872 4492.820512820514 4728.205128205129 4337.435897435898 4360.000000000001 4736.923076923077 4051.7948717948725 3957.435897435898 4532.307692307693 4572.820512820514 4062.0512820512827 
4516.410256410257 4054.8717948717954 4397.435897435898 4509.743589743591 4496.410256410257 4727.6923076923085 4337.435897435898 4358.461538461539 4736.923076923077 4049.7435897435903 3959.48717948718 4528.205128205129 4571.794871794872 4060.5128205128212 
4513.846153846154 4051.2820512820517 4403.589743589744 4513.333333333334 4494.871794871796 4727.179487179488 4338.974358974359 4357.435897435898 4736.410256410257 4048.717948717949 3957.9487179487182 4534.871794871796 4570.769230769231 4059.48717948718 
4515.8974358974365 4054.358974358975 4400.000000000001 4511.794871794872 4493.333333333334 4727.6923076923085 4340.000000000001 4355.8974358974365 4736.923076923077 4047.692307692308 3955.8974358974365 4532.307692307693 4573.333333333334 4058.9743589743593 
4517.435897435898 4055.3846153846157 4396.923076923077 4510.256410256411 4493.846153846154 4724.102564102564 4338.974358974359 4358.974358974359 4736.923076923077 4049.23076923077 3958.9743589743593 4529.743589743591 4573.846153846154 4060.5128205128212 
4515.8974358974365 4053.333333333334 4399.48717948718 4511.282051282052 4493.846153846154 4725.128205128206 4338.461538461539 4356.923076923077 4735.8974358974365 4051.7948717948725 3960.0000000000005 4532.820512820514 4573.333333333334 4061.538461538462 
4515.8974358974365 4054.358974358975 4401.025641025642 4509.2307692307695 4492.820512820514 4729.2307692307695 4337.948717948719 4353.846153846154 4735.384615384616 4051.2820512820517 3960.5128205128212 4530.256410256411 4574.871794871796 4063.076923076924 
4517.435897435898 4054.358974358975 4398.461538461539 4506.666666666667 4492.307692307693 4726.153846153847 4336.923076923077 4357.948717948719 4735.384615384616 4051.2820512820517 3960.5128205128212 4529.2307692307695 4575.8974358974365 4064.615384615385 
4518.461538461539 4054.358974358975 4395.384615384616 4509.2307692307695 4492.820512820514 4725.128205128206 4338.461538461539 4357.948717948719 4737.435897435898 4052.307692307693 3958.9743589743593 4529.743589743591 4573.846153846154 4060.5128205128212 
4515.8974358974365 4053.8461538461543 4402.564102564103 4513.333333333334 4492.307692307693 4726.153846153847 4337.948717948719 4361.025641025642 4739.48717948718 4050.7692307692314 3960.5128205128212 4533.333333333334 4573.846153846154 4060.5128205128212 
4518.461538461539 4055.3846153846157 4399.48717948718 4509.743589743591 4493.846153846154 4729.743589743591 4339.48717948718 4353.846153846154 4736.923076923077 4052.820512820513 3960.5128205128212 4526.153846153847 4576.923076923077 4062.0512820512827 
4516.410256410257 4050.7692307692314 4402.051282051282 4512.307692307693 4493.333333333334 4725.128205128206 4338.461538461539 4359.48717948718 4735.8974358974365 4055.3846153846157 3958.461538461539 4532.820512820514 4572.820512820514 4066.666666666667 
4517.948717948719 4051.2820512820517 4397.948717948719 4511.282051282052 4495.384615384616 4725.641025641026 4338.974358974359 4355.384615384616 4737.435897435898 4051.7948717948725 3955.8974358974365 4528.717948717949 4572.307692307693 4062.0512820512827 
4517.435897435898 4051.7948717948725 4403.076923076924 4512.820512820514 4493.846153846154 4722.564102564103 4336.410256410257 4358.461538461539 4735.384615384616 4048.717948717949 3957.9487179487182 4532.307692307693 4575.384615384616 4063.076923076924 
4520.000000000001 4054.358974358975 4398.461538461539 4510.256410256411 4492.307692307693 4724.102564102564 4337.435897435898 4355.8974358974365 4732.307692307693 4051.2820512820517 3957.435897435898 4529.2307692307695 4576.923076923077 4062.0512820512827 
4517.435897435898 4049.7435897435903 4403.589743589744 4511.794871794872 4493.846153846154 4723.589743589744 4335.8974358974365 4363.076923076924 4735.384615384616 4051.7948717948725 3957.435897435898 4534.358974358975 4573.333333333334 4065.6410256410263 
4518.461538461539 4052.820512820513 4397.948717948719 4508.205128205129 4494.871794871796 4728.717948717949 4337.948717948719 4358.974358974359 4737.948717948719 4049.7435897435903 3959.48717948718 4530.256410256411 4575.384615384616 4063.589743589744 
4515.384615384616 4053.8461538461543 4399.48717948718 4507.6923076923085 4491.282051282052 4726.666666666667 4338.461538461539 4358.461538461539 4735.8974358974365 4049.7435897435903 3960.5128205128212 4534.358974358975 4575.384615384616 4063.589743589744 
4517.435897435898 4053.8461538461543 4398.974358974359 4509.2307692307695 4492.307692307693 4725.641025641026 4338.974358974359 4354.871794871796 4733.333333333334 4052.307692307693 3958.9743589743593 4530.769230769231 4573.333333333334 4061.538461538462 
4515.8974358974365 4051.2820512820517 4401.538461538462 4514.358974358975 4494.358974358975 4726.666666666667 4337.435897435898 4358.461538461539 4734.871794871796 4052.820512820513 3956.9230769230776 4530.256410256411 4572.307692307693 4065.1282051282055 
4513.846153846154 4052.820512820513 4400.512820512821 4512.307692307693 4493.333333333334 4729.2307692307695 4337.435897435898 4359.48717948718 4735.8974358974365 4052.820512820513 3956.410256410257 4529.743589743591 4573.846153846154 4067.1794871794878 
4516.410256410257 4051.2820512820517 4400.000000000001 4510.769230769231 4491.794871794872 4726.666666666667 4338.974358974359 4355.8974358974365 4736.410256410257 4051.7948717948725 3958.9743589743593 4529.743589743591 4572.820512820514 4062.564102564103 
4518.461538461539 4049.23076923077 4399.48717948718 4514.358974358975 4493.333333333334 4725.128205128206 4339.48717948718 4354.358974358975 4739.48717948718 4049.7435897435903 3959.48717948718 4528.717948717949 4571.794871794872 4058.461538461539 
4516.410256410257 4052.307692307693 4396.923076923077 4513.333333333334 4494.871794871796 4728.717948717949 4338.974358974359 4356.410256410257 4738.461538461539 4052.820512820513 3957.435897435898 4527.179487179488 4573.333333333334 4058.461538461539 
4515.384615384616 4052.820512820513 4398.461538461539 4511.282051282052 4496.410256410257 4727.179487179488 4337.435897435898 4361.538461538462 4734.358974358975 4055.3846153846157 3958.9743589743593 4531.794871794872 4573.333333333334 4060.5128205128212 
4518.461538461539 4051.7948717948725 4397.435897435898 4509.2307692307695 4495.8974358974365 4727.179487179488 4338.974358974359 4355.8974358974365 4734.358974358975 4051.7948717948725 3961.538461538462 4529.743589743591 4574.871794871796 4058.9743589743593 
4515.384615384616 4051.2820512820517 4402.051282051282 4512.307692307693 4492.307692307693 4726.666666666667 4337.948717948719 4357.948717948719 4735.384615384616 4051.2820512820517 3960.0000000000005 4532.820512820514 4575.8974358974365 4061.0256410256416 
4516.923076923077 4056.9230769230776 4397.435897435898 4511.794871794872 4493.846153846154 4731.282051282052 4337.948717948719 4354.358974358975 4735.8974358974365 4053.8461538461543 3957.9487179487182 4525.641025641026 4577.435897435898 4060.0000000000005 
4516.923076923077 4054.358974358975 4401.025641025642 4512.820512820514 4492.307692307693 4726.666666666667 4337.435897435898 4359.48717948718 4739.48717948718 4053.333333333334 3961.538461538462 4529.2307692307695 4575.384615384616 4064.615384615385 
4520.512820512821 4053.333333333334 4399.48717948718 4509.2307692307695 4491.794871794872 4725.128205128206 4338.974358974359 4353.846153846154 4738.974358974359 4052.820512820513 3961.538461538462 4529.2307692307695 4575.384615384616 4066.1538461538466 
4516.923076923077 4051.7948717948725 4404.102564102564 4510.769230769231 4493.333333333334 4725.641025641026 4337.948717948719 4357.435897435898 4734.871794871796 4053.333333333334 3960.0000000000005 4534.358974358975 4576.923076923077 4064.615384615385 
4516.923076923077 4054.358974358975 4395.384615384616 4507.6923076923085 4496.923076923077 4730.769230769231 4340.000000000001 4353.333333333334 4732.820512820514 4052.307692307693 3958.461538461539 4524.615384615385 4579.48717948718 4061.0256410256416 
4514.358974358975 4051.2820512820517 4400.512820512821 4510.256410256411 4493.846153846154 4724.615384615386 4338.461538461539 4357.435897435898 4735.384615384616 4051.2820512820517 3960.0000000000005 4529.743589743591 4576.923076923077 4064.615384615385 
4516.410256410257 4052.820512820513 4398.974358974359 4511.282051282052 4493.333333333334 4724.102564102564 4340.000000000001 4355.8974358974365 4738.461538461539 4050.7692307692314 3959.48717948718 4530.256410256411 4575.384615384616 4060.5128205128212 
4514.871794871796 4052.307692307693 4400.512820512821 4512.307692307693 4493.333333333334 4726.153846153847 4340.000000000001 4358.974358974359 4739.48717948718 4051.7948717948725 3960.5128205128212 4532.307692307693 4575.8974358974365 4060.5128205128212 
4515.8974358974365 4052.820512820513 4397.948717948719 4509.2307692307695 4493.333333333334 4729.2307692307695 4339.48717948718 4356.923076923077 4737.435897435898 4052.820512820513 3959.48717948718 4527.179487179488 4577.948717948719 4064.1025641025644 
4516.923076923077 4052.307692307693 4400.512820512821 4511.282051282052 4493.333333333334 4726.153846153847 4339.48717948718 4356.923076923077 4734.871794871796 4050.7692307692314 3956.9230769230776 4528.205128205129 4576.923076923077 4066.666666666667 
4518.974358974359 4052.307692307693 4401.025641025642 4511.282051282052 4493.333333333334 4724.102564102564 4338.974358974359 4358.461538461539 4736.410256410257 4051.7948717948725 3957.9487179487182 4529.743589743591 4573.846153846154 4064.1025641025644 
4516.923076923077 4052.307692307693 4400.512820512821 4510.256410256411 4492.820512820514 4725.128205128206 4336.923076923077 4357.948717948719 4739.48717948718 4053.333333333334 3960.0000000000005 4529.2307692307695 4573.333333333334 4064.615384615385 
4513.846153846154 4053.8461538461543 4402.051282051282 4511.282051282052 4492.307692307693 4728.717948717949 4337.948717948719 4359.48717948718 4738.974358974359 4051.7948717948725 3958.9743589743593 4528.717948717949 4576.923076923077 4067.692307692308 
4516.923076923077 4055.8974358974365 4397.948717948719 4511.282051282052 4493.846153846154 4731.282051282052 4338.974358974359 4358.461538461539 4735.8974358974365 4053.333333333334 3955.8974358974365 4527.6923076923085 4576.923076923077 4064.615384615385 
4518.461538461539 4052.820512820513 4400.000000000001 4513.333333333334 4492.820512820514 4728.205128205129 4335.8974358974365 4361.538461538462 4735.384615384616 4054.358974358975 3957.435897435898 4531.282051282052 4572.307692307693 4065.1282051282055 
4517.948717948719 4054.8717948717954 4397.948717948719 4512.307692307693 4493.333333333334 4729.2307692307695 4340.000000000001 4355.384615384616 4735.8974358974365 4049.7435897435903 3957.435897435898 4522.564102564103 4572.307692307693 4064.1025641025644 
4517.948717948719 4057.435897435898 4402.564102564103 4514.871794871796 4494.358974358975 4725.641025641026 4341.025641025642 4358.974358974359 4738.461538461539 4048.717948717949 3956.410256410257 4525.641025641026 4575.8974358974365 4066.1538461538466 
4523.076923076924 4056.9230769230776 4398.461538461539 4514.358974358975 4495.8974358974365 4726.666666666667 4338.461538461539 4356.410256410257 4738.974358974359 4051.2820512820517 3956.9230769230776 4526.153846153847 4577.435897435898 4064.615384615385 
4518.461538461539 4050.7692307692314 4401.538461538462 4514.358974358975 4492.820512820514 4727.6923076923085 4335.384615384616 4360.000000000001 4735.384615384616 4051.7948717948725 3960.5128205128212 4530.769230769231 4572.307692307693 4068.205128205129 
4518.974358974359 4053.333333333334 4394.871794871796 4509.743589743591 4492.820512820514 4732.307692307693 4340.000000000001 4354.871794871796 4733.333333333334 4051.2820512820517 3957.435897435898 4524.615384615385 4572.820512820514 4065.1282051282055 
4517.948717948719 4052.820512820513 4401.025641025642 4512.307692307693 4493.333333333334 4727.6923076923085 4341.538461538462 4359.48717948718 4734.871794871796 4049.7435897435903 3954.8717948717954 4529.2307692307695 4574.358974358975 4067.692307692308 
4518.461538461539 4055.8974358974365 4397.948717948719 4510.256410256411 4495.8974358974365 4727.6923076923085 4339.48717948718 4355.384615384616 4733.846153846154 4048.205128205129 3956.410256410257 4525.128205128206 4573.846153846154 4068.717948717949 
4515.384615384616 4054.8717948717954 4400.000000000001 4510.256410256411 4495.384615384616 4726.153846153847 4337.948717948719 4358.974358974359 4736.410256410257 4049.23076923077 3958.9743589743593 4528.205128205129 4573.846153846154 4066.666666666667 
4519.48717948718 4055.3846153846157 4397.948717948719 4513.333333333334 4495.384615384616 4729.2307692307695 4341.538461538462 4358.974358974359 4739.48717948718 4051.7948717948725 3955.3846153846157 4524.615384615385 4576.923076923077 4061.0256410256416 
4517.435897435898 4054.8717948717954 4402.564102564103 4515.8974358974365 4495.384615384616 4728.205128205129 4341.538461538462 4361.538461538462 4735.384615384616 4051.2820512820517 3952.820512820513 4526.153846153847 4574.358974358975 4065.1282051282055 
4516.410256410257 4057.9487179487182 4397.948717948719 4510.769230769231 4495.8974358974365 4729.743589743591 4339.48717948718 4358.461538461539 4731.282051282052 4049.7435897435903 3953.333333333334 4524.102564102564 4572.820512820514 4069.7435897435903 
4515.8974358974365 4057.435897435898 4397.435897435898 4509.743589743591 4495.384615384616 4727.179487179488 4338.461538461539 4360.000000000001 4732.820512820514 4048.205128205129 3954.8717948717954 4524.615384615385 4573.333333333334 4069.23076923077 
4515.384615384616 4055.8974358974365 4398.974358974359 4511.282051282052 4496.923076923077 4726.666666666667 4338.461538461539 4363.589743589744 4734.358974358975 4049.7435897435903 3952.307692307693 4525.128205128206 4572.307692307693 4066.1538461538466 
4516.923076923077 4054.8717948717954 4398.974358974359 4510.256410256411 4496.923076923077 4727.6923076923085 4337.948717948719 4361.025641025642 4733.846153846154 4051.7948717948725 3951.7948717948725 4525.128205128206 4574.871794871796 4066.666666666667 
4516.410256410257 4055.8974358974365 4401.538461538462 4511.282051282052 4494.871794871796 4727.179487179488 4338.974358974359 4358.461538461539 4735.8974358974365 4049.7435897435903 3955.3846153846157 4526.153846153847 4575.384615384616 4071.2820512820517 
4516.410256410257 4057.9487179487182 4400.000000000001 4512.820512820514 4496.923076923077 4728.717948717949 4342.564102564103 4354.871794871796 4735.384615384616 4049.23076923077 3954.8717948717954 4524.102564102564 4571.794871794872 4070.2564102564106 
4516.923076923077 4055.3846153846157 4401.538461538462 4515.384615384616 4495.384615384616 4730.769230769231 4342.051282051282 4359.48717948718 4732.307692307693 4051.2820512820517 3955.3846153846157 4527.179487179488 4572.307692307693 4069.7435897435903 
4518.461538461539 4054.8717948717954 4397.435897435898 4513.333333333334 4493.846153846154 4731.282051282052 4341.025641025642 4356.923076923077 4733.333333333334 4050.2564102564106 3955.3846153846157 4520.000000000001 4575.384615384616 4067.692307692308 
4514.358974358975 4054.358974358975 4400.512820512821 4514.358974358975 4495.384615384616 4725.641025641026 4337.948717948719 4361.538461538462 4735.8974358974365 4049.23076923077 3955.3846153846157 4523.076923076924 4572.820512820514 4071.2820512820517 
4517.948717948719 4058.9743589743593 4394.871794871796 4512.307692307693 4496.923076923077 4729.743589743591 4339.48717948718 4354.358974358975 4735.8974358974365 4051.2820512820517 3954.8717948717954 4519.48717948718 4574.358974358975 4069.7435897435903 
4517.948717948719 4055.8974358974365 4399.48717948718 4514.358974358975 4491.794871794872 4729.2307692307695 4335.8974358974365 4357.435897435898 4735.384615384616 4051.2820512820517 3957.435897435898 4526.153846153847 4574.871794871796 4069.7435897435903 
4517.948717948719 4055.3846153846157 4395.8974358974365 4510.256410256411 4491.794871794872 4730.769230769231 4337.948717948719 4356.923076923077 4736.410256410257 4050.7692307692314 3957.435897435898 4522.564102564103 4573.333333333334 4066.666666666667 
4515.384615384616 4054.358974358975 4398.461538461539 4510.769230769231 4491.794871794872 4726.666666666667 4339.48717948718 4362.564102564103 4737.435897435898 4052.307692307693 3957.435897435898 4527.179487179488 4574.871794871796 4069.7435897435903 
4518.461538461539 4057.9487179487182 4393.333333333334 4511.794871794872 4492.307692307693 4727.179487179488 4340.000000000001 4356.923076923077 4736.410256410257 4052.820512820513 3955.8974358974365 4518.974358974359 4579.48717948718 4067.1794871794878 
4515.8974358974365 4054.8717948717954 4398.974358974359 4515.384615384616 4490.256410256411 4725.128205128206 4337.435897435898 4360.512820512821 4734.358974358975 4052.307692307693 3957.9487179487182 4520.512820512821 4577.948717948719 4067.692307692308 
4516.410256410257 4054.358974358975 4395.8974358974365 4510.256410256411 4491.282051282052 4727.6923076923085 4338.974358974359 4358.974358974359 4733.846153846154 4052.820512820513 3958.9743589743593 4521.025641025642 4578.461538461539 4070.2564102564106 
4515.384615384616 4053.8461538461543 4396.923076923077 4508.205128205129 4495.8974358974365 4725.641025641026 4337.948717948719 4357.948717948719 4736.923076923077 4052.307692307693 3955.8974358974365 4523.076923076924 4577.948717948719 4071.2820512820517 
4519.48717948718 4054.358974358975 4397.435897435898 4509.2307692307695 4497.948717948719 4725.641025641026 4336.923076923077 4357.948717948719 4737.435897435898 4051.7948717948725 3954.8717948717954 4518.461538461539 4578.974358974359 4067.1794871794878 
4520.512820512821 4053.8461538461543 4397.435897435898 4510.769230769231 4492.820512820514 4728.717948717949 4338.974358974359 4358.461538461539 4734.871794871796 4051.7948717948725 3957.435897435898 4516.923076923077 4576.923076923077 4067.1794871794878 
4518.461538461539 4055.8974358974365 4395.384615384616 4509.2307692307695 4490.769230769231 4729.743589743591 4338.461538461539 4358.461538461539 4733.846153846154 4052.820512820513 3958.461538461539 4517.435897435898 4578.461538461539 4071.2820512820517 
4517.435897435898 4059.48717948718 4395.384615384616 4508.205128205129 4493.846153846154 4729.2307692307695 4339.48717948718 4355.8974358974365 4736.923076923077 4052.820512820513 3955.8974358974365 4516.923076923077 4579.48717948718 4070.2564102564106 
4518.974358974359 4057.435897435898 4399.48717948718 4510.769230769231 4491.282051282052 4726.153846153847 4340.000000000001 4359.48717948718 4737.435897435898 4054.358974358975 3955.3846153846157 4522.051282051282 4578.461538461539 4072.307692307693 
4522.051282051282 4056.410256410257 4394.871794871796 4510.769230769231 4492.307692307693 4729.2307692307695 4340.000000000001 4355.384615384616 4734.358974358975 4055.3846153846157 3955.3846153846157 4516.923076923077 4575.8974358974365 4070.7692307692314 
4517.948717948719 4053.333333333334 4398.974358974359 4510.769230769231 4495.384615384616 4726.666666666667 4338.461538461539 4359.48717948718 4737.435897435898 4052.820512820513 3958.461538461539 4521.538461538462 4577.948717948719 4068.717948717949 
4518.974358974359 4054.8717948717954 4396.923076923077 4508.205128205129 4496.410256410257 4730.256410256411 4340.512820512821 4357.435897435898 4740.512820512821 4050.7692307692314 3953.8461538461543 4519.48717948718 4580.512820512821 4065.6410256410263 
4517.948717948719 4054.8717948717954 4399.48717948718 4511.794871794872 4493.846153846154 4729.743589743591 4338.974358974359 4362.051282051282 4738.461538461539 4052.307692307693 3952.307692307693 4519.48717948718 4574.358974358975 4068.205128205129 
4520.512820512821 4058.9743589743593 4391.794871794872 4510.256410256411 4495.8974358974365 4732.307692307693 4341.025641025642 4356.923076923077 4737.435897435898 4052.820512820513 3953.333333333334 4508.717948717949 4571.794871794872 4063.589743589744 
4518.974358974359 4054.8717948717954 4395.8974358974365 4511.794871794872 4497.948717948719 4730.256410256411 4340.000000000001 4363.076923076924 4738.461538461539 4051.2820512820517 3954.358974358975 4514.871794871796 4573.333333333334 4065.6410256410263 
4520.512820512821 4056.410256410257 4392.820512820514 4509.743589743591 4498.461538461539 4730.769230769231 4340.512820512821 4361.025641025642 4737.435897435898 4051.2820512820517 3953.333333333334 4513.846153846154 4576.410256410257 4068.717948717949 
4517.435897435898 4055.3846153846157 4397.948717948719 4509.2307692307695 4494.871794871796 4725.641025641026 4338.461538461539 4363.076923076924 4735.384615384616 4050.7692307692314 3955.8974358974365 4520.000000000001 4574.871794871796 4073.333333333334 
4518.461538461539 4055.3846153846157 4396.410256410257 4509.2307692307695 4495.384615384616 4729.2307692307695 4338.974358974359 4357.435897435898 4734.358974358975 4053.8461538461543 3956.410256410257 4518.461538461539 4577.435897435898 4074.358974358975 
4517.948717948719 4055.3846153846157 4401.025641025642 4514.358974358975 4496.410256410257 4730.769230769231 4338.974358974359 4360.000000000001 4733.846153846154 4054.358974358975 3955.8974358974365 4524.615384615385 4576.923076923077 4077.9487179487187 
4521.025641025642 4057.9487179487182 4397.435897435898 4513.333333333334 4494.871794871796 4727.179487179488 4340.000000000001 4358.974358974359 4736.410256410257 4050.7692307692314 3954.8717948717954 4522.051282051282 4575.8974358974365 4078.461538461539 
4520.000000000001 4053.8461538461543 4396.923076923077 4513.846153846154 4493.846153846154 4725.641025641026 4338.461538461539 4358.974358974359 4737.435897435898 4049.23076923077 3955.8974358974365 4523.076923076924 4574.358974358975 4076.410256410257 
4517.435897435898 4053.333333333334 4396.410256410257 4514.871794871796 4495.384615384616 4728.717948717949 4338.974358974359 4358.974358974359 4736.410256410257 4052.307692307693 3957.9487179487182 4524.102564102564 4575.384615384616 4073.8461538461543 
4517.435897435898 4054.8717948717954 4396.410256410257 4513.333333333334 4494.358974358975 4727.179487179488 4340.512820512821 4357.948717948719 4735.384615384616 4052.820512820513 3956.9230769230776 4522.564102564103 4575.384615384616 4072.820512820513 
4518.461538461539 4052.820512820513 4397.435897435898 4510.256410256411 4491.282051282052 4725.641025641026 4337.435897435898 4357.948717948719 4736.410256410257 4052.307692307693 3955.8974358974365 4518.974358974359 4576.923076923077 4071.7948717948725 
4517.435897435898 4051.7948717948725 4395.384615384616 4510.256410256411 4491.794871794872 4727.179487179488 4336.923076923077 4355.384615384616 4737.948717948719 4052.820512820513 3957.9487179487182 4514.358974358975 4579.48717948718 4068.717948717949 
4515.8974358974365 4052.820512820513 4396.923076923077 4511.282051282052 4490.769230769231 4724.615384615386 4340.000000000001 4361.538461538462 4737.435897435898 4051.7948717948725 3959.48717948718 4518.974358974359 4577.435897435898 4070.7692307692314 
4520.000000000001 4054.358974358975 4393.333333333334 4505.128205128206 4489.743589743591 4725.128205128206 4339.48717948718 4358.461538461539 4737.435897435898 4051.2820512820517 3958.461538461539 4517.435897435898 4577.948717948719 4070.2564102564106 
4519.48717948718 4051.2820512820517 4400.000000000001 4506.153846153847 4490.769230769231 4726.153846153847 4335.8974358974365 4359.48717948718 4738.974358974359 4052.307692307693 3960.5128205128212 4521.538461538462 4577.435897435898 4067.1794871794878 
4519.48717948718 4052.820512820513 4398.974358974359 4510.256410256411 4492.307692307693 4727.6923076923085 4338.461538461539 4354.358974358975 4740.512820512821 4054.358974358975 3959.48717948718 4516.923076923077 4575.8974358974365 4064.615384615385 
4516.410256410257 4050.7692307692314 4402.051282051282 4511.794871794872 4489.743589743591 4723.589743589744 4337.948717948719 4360.512820512821 4740.000000000001 4055.3846153846157 3961.0256410256416 4521.538461538462 4573.333333333334 4070.7692307692314 
4518.461538461539 4053.333333333334 4396.410256410257 4507.179487179488 4489.743589743591 4725.641025641026 4337.435897435898 4356.410256410257 4738.461538461539 4053.8461538461543 3961.538461538462 4520.512820512821 4576.923076923077 4069.7435897435903 
4513.846153846154 4050.2564102564106 4404.102564102564 4511.282051282052 4491.282051282052 4724.102564102564 4336.410256410257 4358.974358974359 4738.461538461539 4053.8461538461543 3962.564102564103 4526.153846153847 4574.871794871796 4070.2564102564106 
4516.923076923077 4050.7692307692314 4398.461538461539 4509.2307692307695 4491.282051282052 4726.666666666667 4336.410256410257 4353.846153846154 4739.48717948718 4055.3846153846157 3961.0256410256416 4520.000000000001 4574.871794871796 4068.205128205129 
4517.435897435898 4050.2564102564106 4397.948717948719 4506.666666666667 4490.769230769231 4725.641025641026 4334.871794871796 4355.384615384616 4738.974358974359 4053.8461538461543 3961.0256410256416 4520.000000000001 4575.384615384616 4066.1538461538466 
4517.435897435898 4050.2564102564106 4397.948717948719 4504.615384615385 4492.307692307693 4726.666666666667 4337.435897435898 4353.333333333334 4736.410256410257 4053.8461538461543 3961.0256410256416 4518.461538461539 4574.358974358975 4063.076923076924 
4513.333333333334 4048.205128205129 4402.051282051282 4507.6923076923085 4488.717948717949 4725.128205128206 4336.410256410257 4356.410256410257 4736.923076923077 4055.3846153846157 3962.564102564103 4523.076923076924 4574.358974358975 4068.205128205129 
4515.8974358974365 4051.7948717948725 4398.461538461539 4508.717948717949 4489.743589743591 4728.205128205129 4336.410256410257 4352.820512820514 4735.8974358974365 4052.820512820513 3963.589743589744 4522.051282051282 4575.8974358974365 4069.23076923077 
4517.948717948719 4053.333333333334 4398.974358974359 4508.717948717949 4492.307692307693 4726.666666666667 4336.410256410257 4351.282051282052 4735.8974358974365 4052.820512820513 3964.1025641025644 4524.102564102564 4576.410256410257 4067.692307692308 
4515.8974358974365 4051.7948717948725 4400.512820512821 4507.6923076923085 4490.256410256411 4722.564102564103 4336.410256410257 4354.358974358975 4738.974358974359 4055.8974358974365 3962.0512820512827 4523.589743589744 4577.435897435898 4067.692307692308 
4516.410256410257 4051.7948717948725 4401.025641025642 4508.717948717949 4487.179487179488 4723.076923076924 4337.948717948719 4353.333333333334 4738.461538461539 4054.358974358975 3960.5128205128212 4521.025641025642 4580.000000000001 4069.23076923077 
4517.435897435898 4051.2820512820517 4402.564102564103 4512.307692307693 4490.256410256411 4725.641025641026 4336.923076923077 4353.846153846154 4736.923076923077 4051.2820512820517 3961.0256410256416 4523.076923076924 4577.435897435898 4068.717948717949 
4517.948717948719 4053.8461538461543 4397.948717948719 4509.2307692307695 4491.282051282052 4725.641025641026 4334.358974358975 4352.820512820514 4738.461538461539 4053.8461538461543 3961.0256410256416 4520.000000000001 4578.974358974359 4065.6410256410263 
4514.358974358975 4052.307692307693 4401.025641025642 4509.2307692307695 4487.6923076923085 4722.051282051282 4336.923076923077 4355.8974358974365 4739.48717948718 4056.410256410257 3961.0256410256416 4522.051282051282 4576.923076923077 4066.666666666667 
4515.384615384616 4051.7948717948725 4400.512820512821 4510.256410256411 4490.769230769231 4723.589743589744 4339.48717948718 4349.2307692307695 4736.923076923077 4055.3846153846157 3961.0256410256416 4521.025641025642 4576.923076923077 4065.6410256410263 
4513.333333333334 4048.205128205129 4403.589743589744 4512.820512820514 4492.307692307693 4723.076923076924 4336.923076923077 4354.358974358975 4737.435897435898 4054.358974358975 3962.564102564103 4526.153846153847 4577.948717948719 4067.692307692308 
4514.358974358975 4049.7435897435903 4397.435897435898 4507.6923076923085 4490.769230769231 4725.128205128206 4337.948717948719 4353.333333333334 4737.435897435898 4053.8461538461543 3961.538461538462 4518.461538461539 4578.461538461539 4067.692307692308 
4514.871794871796 4048.205128205129 4402.564102564103 4508.205128205129 4487.6923076923085 4724.102564102564 4337.948717948719 4356.410256410257 4737.435897435898 4053.8461538461543 3962.0512820512827 4522.051282051282 4576.923076923077 4068.717948717949 
4521.025641025642 4051.2820512820517 4397.435897435898 4509.2307692307695 4489.743589743591 4729.2307692307695 4338.461538461539 4348.205128205129 4738.461538461539 4054.8717948717954 3963.076923076924 4520.512820512821 4578.974358974359 4065.1282051282055 
4518.461538461539 4050.2564102564106 4402.051282051282 4509.2307692307695 4489.2307692307695 4725.641025641026 4335.384615384616 4354.358974358975 4737.948717948719 4052.307692307693 3964.615384615385 4525.128205128206 4577.435897435898 4068.717948717949 
4516.410256410257 4049.7435897435903 4401.025641025642 4506.153846153847 4490.256410256411 4723.589743589744 4336.410256410257 4355.384615384616 4736.410256410257 4050.7692307692314 3962.0512820512827 4520.000000000001 4576.923076923077 4068.205128205129 
4514.871794871796 4047.1794871794878 4404.615384615385 4511.282051282052 4491.282051282052 4722.051282051282 4337.948717948719 4355.384615384616 4736.410256410257 4052.820512820513 3963.076923076924 4523.076923076924 4581.025641025642 4067.1794871794878 
4516.410256410257 4049.23076923077 4399.48717948718 4510.769230769231 4491.282051282052 4724.102564102564 4340.000000000001 4350.256410256411 4737.435897435898 4053.333333333334 3961.538461538462 4521.025641025642 4579.48717948718 4066.666666666667 
4515.384615384616 4049.7435897435903 4402.051282051282 4508.717948717949 4490.256410256411 4722.051282051282 4337.948717948719 4355.8974358974365 4736.923076923077 4051.2820512820517 3958.461538461539 4523.589743589744 4574.871794871796 4068.717948717949 
4515.8974358974365 4049.23076923077 4403.076923076924 4509.2307692307695 4491.794871794872 4725.128205128206 4337.435897435898 4355.8974358974365 4734.871794871796 4052.307692307693 3958.461538461539 4522.564102564103 4577.435897435898 4066.666666666667 
4516.923076923077 4047.692307692308 4403.076923076924 4511.794871794872 4489.2307692307695 4725.641025641026 4336.410256410257 4350.769230769231 4735.8974358974365 4053.333333333334 3961.538461538462 4523.076923076924 4578.974358974359 4069.23076923077 
4517.435897435898 4049.7435897435903 4403.076923076924 4510.769230769231 4487.6923076923085 4725.128205128206 4335.8974358974365 4353.333333333334 4737.948717948719 4052.307692307693 3960.0000000000005 4523.589743589744 4571.282051282052 4071.2820512820517 
4516.923076923077 4052.820512820513 4402.051282051282 4510.769230769231 4492.307692307693 4725.641025641026 4338.974358974359 4355.384615384616 4734.871794871796 4052.820512820513 3959.48717948718 4522.051282051282 4572.307692307693 4069.23076923077 
4516.410256410257 4049.7435897435903 4403.589743589744 4512.820512820514 4494.871794871796 4724.102564102564 4338.461538461539 4355.8974358974365 4733.846153846154 4052.820512820513 3961.538461538462 4522.051282051282 4579.48717948718 4070.7692307692314 
4520.000000000001 4049.7435897435903 4399.48717948718 4509.743589743591 4493.333333333334 4725.128205128206 4337.435897435898 4349.2307692307695 4735.384615384616 4052.307692307693 3960.0000000000005 4516.923076923077 4579.48717948718 4071.7948717948725 
4518.461538461539 4051.2820512820517 4401.025641025642 4509.743589743591 4491.794871794872 4724.102564102564 4338.974358974359 4354.358974358975 4735.384615384616 4053.333333333334 3958.9743589743593 4522.051282051282 4574.871794871796 4073.8461538461543 
4516.410256410257 4053.8461538461543 4398.974358974359 4510.769230769231 4492.820512820514 4727.179487179488 4341.538461538462 4353.846153846154 4735.8974358974365 4050.7692307692314 3958.461538461539 4520.000000000001 4577.435897435898 4072.307692307693 
4512.820512820514 4048.717948717949 4406.153846153847 4514.871794871796 4491.794871794872 4726.153846153847 4339.48717948718 4356.923076923077 4736.923076923077 4046.666666666667 3959.48717948718 4524.615384615385 4576.410256410257 4073.8461538461543 
4517.948717948719 4050.7692307692314 4402.564102564103 4510.769230769231 4490.256410256411 4727.179487179488 4342.564102564103 4351.794871794872 4734.871794871796 4048.717948717949 3957.9487179487182 4517.948717948719 4572.307692307693 4071.7948717948725 
4516.923076923077 4052.307692307693 4404.102564102564 4510.769230769231 4489.2307692307695 4723.589743589744 4341.538461538462 4356.923076923077 4734.358974358975 4050.7692307692314 3960.5128205128212 4523.076923076924 4571.794871794872 4074.358974358975 
4516.923076923077 4054.358974358975 4398.461538461539 4510.256410256411 4494.871794871796 4725.641025641026 4339.48717948718 4353.846153846154 4736.410256410257 4051.2820512820517 3962.564102564103 4520.512820512821 4575.384615384616 4070.7692307692314 
4515.384615384616 4050.7692307692314 4403.076923076924 4511.282051282052 4496.410256410257 4724.102564102564 4338.461538461539 4354.871794871796 4735.8974358974365 4051.7948717948725 3964.615384615385 4522.051282051282 4575.384615384616 4069.23076923077 
