4386.153846153847 3857.9487179487182 4267.6923076923085 4434.358974358975 4355.384615384616 4597.435897435898 4141.538461538462 4235.8974358974365 4584.102564102564 3836.9230769230776 3774.358974358975 4110.769230769231 4449.743589743591 4273.333333333334 
4373.846153846154 3849.2307692307695 4257.948717948719 4428.205128205129 4354.358974358975 4589.2307692307695 4136.410256410257 4215.8974358974365 4569.2307692307695 3826.1538461538466 3755.8974358974365 4092.820512820513 4432.820512820514 4256.923076923077 
4371.282051282052 3848.205128205129 4251.794871794872 4424.615384615385 4353.846153846154 4592.307692307693 4141.025641025642 4196.410256410257 4554.871794871796 3819.48717948718 3747.1794871794878 4087.1794871794878 4425.128205128206 4253.333333333334 
4368.205128205129 3842.0512820512827 4249.2307692307695 4418.461538461539 4342.051282051282 4597.948717948719 4149.2307692307695 4193.846153846154 4546.666666666667 3817.435897435898 3751.2820512820517 4086.1538461538466 4424.102564102564 4255.384615384616 
4366.153846153847 3840.512820512821 4248.205128205129 4414.871794871796 4331.794871794872 4595.8974358974365 4153.846153846154 4202.564102564103 4550.769230769231 3817.435897435898 3753.8461538461543 4084.1025641025644 4426.153846153847 4252.820512820514 
4364.615384615385 3840.0000000000005 4243.589743589744 4416.410256410257 4341.025641025642 4588.717948717949 4153.333333333334 4202.564102564103 4554.871794871796 3815.3846153846157 3749.2307692307695 4080.5128205128212 4426.666666666667 4250.256410256411 
4360.512820512821 3835.8974358974365 4238.974358974359 4413.333333333334 4348.205128205129 4588.205128205129 4151.282051282052 4203.076923076924 4553.846153846154 3816.9230769230776 3748.717948717949 4076.9230769230776 4427.6923076923085 4250.256410256411 
4362.051282051282 3837.9487179487182 4242.564102564103 4414.358974358975 4341.025641025642 4595.8974358974365 4151.282051282052 4208.717948717949 4556.410256410257 3822.0512820512827 3754.8717948717954 4080.5128205128212 4434.358974358975 4250.256410256411 
4365.128205128206 3840.0000000000005 4241.538461538462 4418.461538461539 4330.769230769231 4591.794871794872 4142.051282051282 4209.2307692307695 4557.435897435898 3821.0256410256416 3755.3846153846157 4083.076923076924 4434.871794871796 4249.2307692307695 
4354.358974358975 3830.2564102564106 4228.205128205129 4407.6923076923085 4314.871794871796 4573.846153846154 4125.128205128206 4205.128205128206 4552.307692307693 3811.2820512820517 3746.666666666667 4071.7948717948725 4423.589743589744 4244.102564102564 
4343.589743589744 3819.48717948718 4220.000000000001 4393.846153846154 4301.538461538462 4557.435897435898 4108.717948717949 4207.179487179487 4548.717948717949 3803.076923076924 3742.0512820512827 4060.5128205128212 4415.8974358974365 4235.8974358974365 
4340.512820512821 3813.8461538461543 4215.8974358974365 4393.333333333334 4302.051282051282 4550.769230769231 4097.948717948719 4209.74358974359 4544.102564102564 3801.0256410256416 3735.8974358974365 4056.410256410257 4411.282051282052 4227.6923076923085 
4331.794871794872 3808.205128205129 4208.205128205129 4393.333333333334 4306.153846153847 4550.256410256411 4098.974358974359 4202.564102564103 4534.358974358975 3794.8717948717954 3721.0256410256416 4048.717948717949 4397.435897435898 4220.000000000001 
4322.564102564103 3798.9743589743593 4197.948717948719 4382.564102564103 4298.461538461539 4552.307692307693 4104.102564102564 4181.025641025642 4521.025641025642 3777.435897435898 3708.717948717949 4034.8717948717954 4384.615384615385 4213.333333333334 
4321.025641025642 3791.2820512820517 4191.282051282052 4376.923076923077 4289.74358974359 4555.384615384616 4107.179487179487 4163.589743589744 4509.743589743591 3767.1794871794878 3706.666666666667 4021.538461538462 4384.615384615385 4208.205128205129 
4316.410256410257 3789.2307692307695 4188.717948717949 4374.871794871796 4290.769230769231 4555.384615384616 4112.820512820514 4155.8974358974365 4501.538461538462 3765.1282051282055 3702.0512820512827 4014.358974358975 4381.538461538462 4198.461538461539 
4314.871794871796 3791.7948717948725 4188.717948717949 4374.871794871796 4291.794871794872 4559.48717948718 4119.48717948718 4144.615384615385 4498.461538461539 3758.9743589743593 3695.3846153846157 4016.410256410257 4373.333333333334 4195.384615384616 
4323.589743589744 3796.410256410257 4193.846153846154 4380.000000000001 4292.307692307693 4560.000000000001 4116.410256410257 4136.923076923077 4502.051282051282 3763.076923076924 3699.48717948718 4022.0512820512827 4377.948717948719 4202.564102564103 
4326.666666666667 3795.3846153846157 4196.410256410257 4379.48717948718 4296.923076923077 4551.794871794872 4104.615384615385 4144.102564102564 4505.641025641026 3772.307692307693 3703.589743589744 4022.0512820512827 4384.615384615385 4205.641025641026 
4316.923076923077 3787.1794871794878 4190.256410256411 4371.794871794872 4291.794871794872 4543.076923076924 4092.820512820513 4153.333333333334 4506.666666666667 3765.1282051282055 3700.0000000000005 4018.9743589743593 4377.435897435898 4201.025641025642 
4312.307692307693 3783.076923076924 4185.641025641026 4369.2307692307695 4278.974358974359 4537.948717948719 4083.076923076924 4165.128205128206 4512.820512820514 3763.589743589744 3704.1025641025644 4023.076923076924 4374.358974358975 4200.000000000001 
4316.410256410257 3785.1282051282055 4189.74358974359 4370.769230769231 4275.8974358974365 4534.871794871796 4077.435897435898 4185.128205128206 4528.205128205129 3779.48717948718 3714.358974358975 4031.7948717948725 4384.102564102564 4209.74358974359 
4314.871794871796 3781.538461538462 4191.794871794872 4367.179487179487 4273.333333333334 4534.871794871796 4071.2820512820517 4196.923076923077 4537.948717948719 3786.1538461538466 3712.307692307693 4030.2564102564106 4385.128205128206 4210.256410256411 
4304.102564102564 3773.8461538461543 4184.615384615385 4363.589743589744 4270.256410256411 4535.384615384616 4070.7692307692314 4194.358974358975 4533.846153846154 3781.0256410256416 3701.0256410256416 4021.538461538462 4372.307692307693 4196.923076923077 
4296.410256410257 3770.2564102564106 4177.948717948719 4359.48717948718 4277.948717948719 4533.333333333334 4082.0512820512827 4186.666666666667 4523.076923076924 3775.8974358974365 3698.9743589743593 4015.8974358974365 4365.128205128206 4188.205128205129 
4293.846153846154 3768.205128205129 4172.820512820514 4354.358974358975 4282.564102564103 4535.8974358974365 4094.8717948717954 4169.74358974359 4510.256410256411 3765.6410256410263 3699.48717948718 4011.2820512820517 4367.179487179487 4189.74358974359 
4293.333333333334 3766.1538461538466 4169.2307692307695 4353.846153846154 4274.871794871796 4544.615384615385 4103.076923076924 4143.589743589744 4492.820512820514 3750.2564102564106 3692.307692307693 4004.615384615385 4363.589743589744 4184.102564102564 
4291.794871794872 3766.666666666667 4169.2307692307695 4353.333333333334 4270.256410256411 4548.717948717949 4106.666666666667 4123.589743589744 4479.48717948718 3743.076923076924 3681.538461538462 4000.0000000000005 4352.820512820514 4174.871794871796 
4289.74358974359 3767.692307692308 4171.794871794872 4351.282051282052 4269.2307692307695 4544.615384615385 4104.615384615385 4115.8974358974365 4474.871794871796 3743.076923076924 3676.9230769230776 3998.461538461539 4351.794871794872 4177.948717948719 
4295.8974358974365 3768.717948717949 4175.8974358974365 4355.384615384616 4268.717948717949 4540.000000000001 4093.8461538461543 4109.2307692307695 4473.846153846154 3744.615384615385 3681.538461538462 4001.0256410256416 4361.025641025642 4186.153846153847 
4300.512820512821 3771.2820512820517 4177.948717948719 4359.48717948718 4269.2307692307695 4531.282051282052 4076.9230769230776 4099.48717948718 4470.256410256411 3742.564102564103 3689.7435897435903 4007.1794871794878 4364.615384615385 4187.6923076923085 
4299.48717948718 3774.8717948717954 4181.025641025642 4357.948717948719 4264.615384615385 4518.974358974359 4063.076923076924 4110.769230769231 4473.846153846154 3742.564102564103 3697.435897435898 4017.435897435898 4367.6923076923085 4192.307692307693 
4307.6923076923085 3779.48717948718 4188.717948717949 4362.051282051282 4260.000000000001 4520.512820512821 4064.615384615385 4153.846153846154 4496.410256410257 3756.410256410257 3705.6410256410263 4031.7948717948725 4377.435897435898 4202.051282051282 
4321.538461538462 3786.666666666667 4203.076923076924 4375.384615384616 4272.820512820514 4533.333333333334 4074.358974358975 4194.871794871796 4526.666666666667 3779.48717948718 3717.9487179487182 4044.615384615385 4385.641025641026 4210.256410256411 
4323.589743589744 3791.2820512820517 4211.282051282052 4376.923076923077 4282.051282051282 4533.846153846154 4072.820512820513 4203.076923076924 4535.384615384616 3787.692307692308 3724.1025641025644 4047.692307692308 4385.641025641026 4209.74358974359 
4316.923076923077 3787.692307692308 4203.589743589744 4367.6923076923085 4270.769230769231 4525.128205128206 4067.692307692308 4193.333333333334 4525.128205128206 3780.512820512821 3718.9743589743593 4044.1025641025644 4381.538461538462 4206.666666666667 
4316.410256410257 3786.666666666667 4199.48717948718 4366.666666666667 4268.205128205129 4532.820512820514 4078.9743589743593 4188.717948717949 4521.025641025642 3780.0000000000005 3714.358974358975 4042.564102564103 4377.948717948719 4206.666666666667 
4323.589743589744 3796.9230769230776 4209.2307692307695 4377.435897435898 4286.666666666667 4554.871794871796 4106.666666666667 4185.128205128206 4526.666666666667 3785.6410256410263 3720.0000000000005 4045.6410256410263 4384.102564102564 4211.282051282052 
4331.794871794872 3810.2564102564106 4212.307692307693 4385.641025641026 4301.025641025642 4570.769230769231 4126.666666666667 4174.358974358975 4525.128205128206 3784.615384615385 3725.1282051282055 4046.666666666667 4393.333333333334 4213.333333333334 
4335.384615384616 3815.8974358974365 4210.769230769231 4387.179487179487 4308.205128205129 4576.923076923077 4135.384615384616 4166.153846153847 4522.051282051282 3787.1794871794878 3720.512820512821 4045.1282051282055 4394.358974358975 4212.307692307693 
4336.923076923077 3816.410256410257 4214.871794871796 4389.2307692307695 4313.333333333334 4577.948717948719 4140.000000000001 4162.564102564103 4524.615384615385 3793.333333333334 3719.48717948718 4046.666666666667 4394.871794871796 4215.8974358974365 
4340.000000000001 3818.9743589743593 4217.435897435898 4390.769230769231 4303.589743589744 4572.820512820514 4131.794871794872 4149.74358974359 4519.48717948718 3789.7435897435903 3725.1282051282055 4048.717948717949 4398.974358974359 4217.948717948719 
4343.589743589744 3825.1282051282055 4218.461538461539 4392.307692307693 4298.974358974359 4567.179487179488 4115.8974358974365 4144.102564102564 4516.923076923077 3791.2820512820517 3735.8974358974365 4055.8974358974365 4409.2307692307695 4222.564102564103 
4350.256410256411 3829.2307692307695 4227.179487179487 4394.871794871796 4309.743589743591 4566.153846153847 4111.282051282052 4165.641025641026 4532.307692307693 3804.1025641025644 3748.205128205129 4070.7692307692314 4423.589743589744 4233.333333333334 
4353.333333333334 3829.2307692307695 4233.333333333334 4395.8974358974365 4310.256410256411 4565.128205128206 4111.794871794872 4194.871794871796 4550.769230769231 3815.8974358974365 3754.358974358975 4078.9743589743593 4425.641025641026 4237.435897435898 
4347.6923076923085 3828.205128205129 4229.74358974359 4395.8974358974365 4305.641025641026 4561.538461538462 4102.564102564103 4211.282051282052 4558.974358974359 3824.615384615385 3756.410256410257 4076.9230769230776 4419.48717948718 4234.358974358975 
4351.282051282052 3834.358974358975 4231.282051282052 4398.974358974359 4312.307692307693 4563.076923076924 4097.948717948719 4224.615384615385 4568.205128205129 3834.8717948717954 3763.076923076924 4084.1025641025644 4428.205128205129 4242.564102564103 
4365.128205128206 3844.615384615385 4244.615384615385 4406.153846153847 4319.48717948718 4575.8974358974365 4112.307692307693 4236.923076923077 4578.974358974359 3838.9743589743593 3769.7435897435903 4098.461538461539 4442.564102564103 4251.282051282052 
4369.743589743591 3850.2564102564106 4253.846153846154 4411.282051282052 4325.641025641026 4591.282051282052 4132.307692307693 4238.974358974359 4582.051282051282 3838.461538461539 3770.7692307692314 4101.538461538462 4442.564102564103 4250.256410256411 
4367.6923076923085 3849.2307692307695 4248.717948717949 4411.282051282052 4331.794871794872 4599.48717948718 4144.615384615385 4230.256410256411 4579.48717948718 3841.538461538462 3768.717948717949 4096.923076923077 4435.8974358974365 4248.205128205129 
4370.256410256411 3852.820512820513 4247.179487179487 4412.307692307693 4336.923076923077 4607.6923076923085 4159.48717948718 4221.025641025642 4582.051282051282 3844.615384615385 3772.307692307693 4098.974358974359 4438.461538461539 4250.769230769231 
4376.923076923077 3862.564102564103 4259.48717948718 4416.923076923077 4344.102564102564 4619.48717948718 4173.333333333334 4216.923076923077 4582.564102564103 3846.1538461538466 3778.9743589743593 4105.128205128206 4449.2307692307695 4255.384615384616 
4385.641025641026 3869.2307692307695 4272.820512820514 4425.128205128206 4356.410256410257 4622.564102564103 4173.846153846154 4211.282051282052 4576.923076923077 3850.2564102564106 3782.564102564103 4110.769230769231 4458.461538461539 4262.051282051282 
4396.923076923077 3875.3846153846157 4278.974358974359 4432.307692307693 4356.410256410257 4617.435897435898 4170.256410256411 4202.051282051282 4578.461538461539 3857.435897435898 3787.1794871794878 4120.000000000001 4461.025641025642 4270.769230769231 
4410.256410256411 3888.205128205129 4289.74358974359 4440.512820512821 4346.666666666667 4623.589743589744 4175.8974358974365 4207.179487179487 4589.2307692307695 3867.692307692308 3798.9743589743593 4133.333333333334 4468.205128205129 4282.564102564103 
4421.538461538462 3900.0000000000005 4304.615384615385 4450.769230769231 4353.846153846154 4633.333333333334 4180.512820512821 4230.256410256411 4600.512820512821 3873.333333333334 3811.7948717948725 4147.6923076923085 4479.48717948718 4294.358974358975 
4423.589743589744 3900.0000000000005 4309.2307692307695 4447.6923076923085 4367.179487179487 4627.6923076923085 4172.307692307693 4247.179487179487 4609.743589743591 3873.8461538461543 3812.820512820513 4152.820512820514 4481.538461538462 4294.358974358975 
4416.923076923077 3894.358974358975 4300.000000000001 4436.410256410257 4364.615384615385 4615.384615384616 4162.051282051282 4256.923076923077 4618.974358974359 3876.9230769230776 3806.1538461538466 4145.641025641026 4476.923076923077 4287.6923076923085 
4412.307692307693 3890.2564102564106 4292.820512820514 4436.923076923077 4354.871794871796 4614.358974358975 4155.384615384616 4272.820512820514 4621.538461538462 3881.0256410256416 3800.512820512821 4138.974358974359 4474.358974358975 4284.615384615385 
4414.358974358975 3893.333333333334 4296.923076923077 4445.128205128206 4355.384615384616 4621.538461538462 4156.923076923077 4288.205128205129 4624.615384615385 3883.076923076924 3803.076923076924 4141.025641025642 4473.333333333334 4286.153846153847 
4418.461538461539 3895.3846153846157 4296.410256410257 4440.512820512821 4356.410256410257 4618.461538461539 4161.025641025642 4280.512820512821 4622.051282051282 3876.410256410257 3805.1282051282055 4141.025641025642 4471.282051282052 4285.641025641026 
4418.974358974359 3891.7948717948725 4291.282051282052 4434.358974358975 4353.333333333334 4612.307692307693 4158.461538461539 4254.358974358975 4606.153846153847 3868.717948717949 3802.564102564103 4137.435897435898 4471.282051282052 4284.102564102564 
4414.871794871796 3890.7692307692314 4295.384615384616 4440.000000000001 4357.948717948719 4618.461538461539 4160.000000000001 4235.8974358974365 4594.871794871796 3869.7435897435903 3801.0256410256416 4136.410256410257 4471.282051282052 4286.666666666667 
4418.461538461539 3897.435897435898 4301.538461538462 4445.128205128206 4366.153846153847 4631.794871794872 4173.846153846154 4233.333333333334 4600.000000000001 3876.9230769230776 3804.1025641025644 4138.461538461539 4473.846153846154 4290.256410256411 
4425.641025641026 3904.1025641025644 4304.102564102564 4447.179487179487 4368.205128205129 4642.564102564103 4185.641025641026 4229.2307692307695 4602.564102564103 3875.8974358974365 3807.692307692308 4143.076923076924 4480.512820512821 4292.820512820514 
4433.333333333334 3910.7692307692314 4314.358974358975 4457.435897435898 4374.358974358975 4651.282051282052 4191.794871794872 4223.076923076924 4597.948717948719 3878.461538461539 3810.2564102564106 4153.846153846154 4486.153846153847 4301.025641025642 
4445.641025641026 3922.0512820512827 4330.769230769231 4469.743589743591 4392.307692307693 4655.8974358974365 4200.512820512821 4231.794871794872 4606.666666666667 3891.7948717948725 3823.076923076924 4169.74358974359 4495.384615384616 4315.384615384616 
4458.461538461539 3936.410256410257 4342.564102564103 4475.384615384616 4407.179487179487 4656.923076923077 4207.6923076923085 4255.384615384616 4627.6923076923085 3898.9743589743593 3842.0512820512827 4185.641025641026 4511.282051282052 4328.205128205129 
4466.153846153847 3945.1282051282055 4348.717948717949 4481.025641025642 4409.2307692307695 4662.564102564103 4209.74358974359 4282.564102564103 4647.6923076923085 3909.2307692307695 3850.2564102564106 4196.923076923077 4525.128205128206 4336.410256410257 
4470.769230769231 3945.6410256410263 4347.6923076923085 4485.128205128206 4405.641025641026 4666.666666666667 4207.179487179487 4306.666666666667 4662.051282051282 3929.7435897435903 3853.8461538461543 4202.051282051282 4529.2307692307695 4339.48717948718 
4474.358974358975 3948.205128205129 4350.769230769231 4487.179487179488 4408.717948717949 4663.589743589744 4202.564102564103 4324.102564102564 4674.871794871796 3944.1025641025644 3863.589743589744 4206.666666666667 4532.307692307693 4345.128205128206 
4479.48717948718 3959.48717948718 4363.589743589744 4492.307692307693 4418.974358974359 4663.076923076924 4206.153846153847 4339.48717948718 4688.205128205129 3947.1794871794878 3871.7948717948725 4218.974358974359 4539.48717948718 4355.384615384616 
4482.564102564103 3965.1282051282055 4367.6923076923085 4493.846153846154 4422.051282051282 4668.717948717949 4214.871794871796 4345.641025641026 4687.6923076923085 3943.589743589744 3869.7435897435903 4223.589743589744 4538.974358974359 4352.820512820514 
4478.461538461539 3955.3846153846157 4361.538461538462 4488.717948717949 4411.282051282052 4670.769230769231 4215.384615384616 4333.333333333334 4675.8974358974365 3941.0256410256416 3864.615384615385 4214.358974358975 4529.743589743591 4344.615384615385 
4475.384615384616 3950.7692307692314 4362.564102564103 4487.6923076923085 4412.307692307693 4671.282051282052 4215.384615384616 4315.384615384616 4671.282051282052 3941.538461538462 3861.538461538462 4212.307692307693 4528.717948717949 4348.205128205129 
4475.8974358974365 3955.8974358974365 4363.589743589744 4490.769230769231 4427.179487179487 4676.923076923077 4222.051282051282 4303.589743589744 4670.256410256411 3937.9487179487182 3861.538461538462 4213.333333333334 4533.846153846154 4348.205128205129 
4475.384615384616 3956.410256410257 4358.461538461539 4490.769230769231 4431.282051282052 4685.128205128206 4232.820512820514 4291.282051282052 4661.025641025642 3934.358974358975 3860.512820512821 4204.102564102564 4532.820512820514 4337.948717948719 
4477.435897435898 3958.461538461539 4360.512820512821 4491.794871794872 4428.717948717949 4694.358974358975 4244.102564102564 4284.102564102564 4659.48717948718 3937.9487179487182 3858.461538461539 4201.025641025642 4532.307692307693 4336.923076923077 
4484.615384615385 3966.1538461538466 4367.6923076923085 4494.871794871796 4432.820512820514 4701.538461538462 4249.74358974359 4293.333333333334 4671.282051282052 3943.076923076924 3863.589743589744 4212.307692307693 4541.025641025642 4346.153846153847 
4487.179487179488 3969.7435897435903 4368.717948717949 4496.410256410257 4436.923076923077 4700.512820512821 4247.6923076923085 4304.615384615385 4674.358974358975 3942.0512820512827 3869.7435897435903 4216.923076923077 4542.051282051282 4348.205128205129 
4488.205128205129 3971.7948717948725 4369.2307692307695 4500.000000000001 4442.051282051282 4697.948717948719 4248.205128205129 4311.282051282052 4677.948717948719 3946.1538461538466 3870.7692307692314 4216.923076923077 4536.923076923077 4349.2307692307695 
4490.256410256411 3974.8717948717954 4374.871794871796 4503.589743589744 4448.717948717949 4701.025641025642 4252.307692307693 4326.153846153847 4694.358974358975 3961.0256410256416 3874.358974358975 4221.538461538462 4542.564102564103 4352.307692307693 
4494.358974358975 3979.48717948718 4381.538461538462 4507.6923076923085 4448.205128205129 4709.2307692307695 4253.846153846154 4348.717948717949 4712.307692307693 3976.410256410257 3883.076923076924 4228.205128205129 4554.871794871796 4354.871794871796 
4497.948717948719 3984.615384615385 4385.641025641026 4512.307692307693 4444.615384615385 4710.769230769231 4250.769230769231 4360.512820512821 4717.435897435898 3973.8461538461543 3886.1538461538466 4234.871794871796 4557.948717948719 4357.948717948719 
4501.538461538462 3989.23076923077 4387.179487179487 4514.871794871796 4448.205128205129 4704.102564102564 4245.641025641026 4361.025641025642 4712.307692307693 3965.1282051282055 3880.512820512821 4233.333333333334 4553.333333333334 4361.025641025642 
4508.717948717949 3995.3846153846157 4392.307692307693 4520.512820512821 4456.410256410257 4706.666666666667 4245.641025641026 4365.641025641026 4715.384615384616 3974.358974358975 3884.1025641025644 4234.358974358975 4557.948717948719 4366.153846153847 
4513.333333333334 4001.538461538462 4396.923076923077 4524.615384615385 4459.48717948718 4718.974358974359 4254.871794871796 4371.282051282052 4725.128205128206 3986.666666666667 3898.9743589743593 4245.128205128206 4572.307692307693 4370.769230769231 
4504.615384615385 3996.9230769230776 4389.743589743591 4513.846153846154 4456.923076923077 4722.564102564103 4262.051282051282 4357.948717948719 4718.461538461539 3982.564102564103 3898.9743589743593 4242.564102564103 4573.333333333334 4366.666666666667 
4491.282051282052 3989.23076923077 4376.923076923077 4503.589743589744 4458.461538461539 4720.000000000001 4268.717948717949 4341.025641025642 4701.025641025642 3975.3846153846157 3881.538461538462 4227.6923076923085 4558.461538461539 4352.820512820514 
4492.307692307693 3990.2564102564106 4377.435897435898 4509.2307692307695 4463.589743589744 4734.871794871796 4285.641025641026 4337.948717948719 4703.076923076924 3973.333333333334 3878.461538461539 4225.641025641026 4554.358974358975 4349.743589743591 
4496.410256410257 3991.2820512820517 4381.538461538462 4513.846153846154 4463.076923076924 4746.666666666667 4296.923076923077 4330.256410256411 4707.179487179488 3965.1282051282055 3885.6410256410263 4231.282051282052 4560.000000000001 4355.8974358974365 
4494.358974358975 3990.2564102564106 4378.974358974359 4509.2307692307695 4457.948717948719 4737.435897435898 4288.205128205129 4321.538461538462 4695.384615384616 3960.5128205128212 3882.0512820512827 4231.794871794872 4556.410256410257 4356.410256410257 
4500.512820512821 3994.8717948717954 4382.051282051282 4513.333333333334 4455.384615384616 4730.256410256411 4280.000000000001 4337.435897435898 4696.923076923077 3973.8461538461543 3883.076923076924 4237.435897435898 4554.871794871796 4357.435897435898 
4512.307692307693 4003.076923076924 4395.384615384616 4524.615384615385 4463.589743589744 4734.358974358975 4282.564102564103 4371.282051282052 4723.589743589744 3989.7435897435903 3898.461538461539 4245.128205128206 4565.128205128206 4365.128205128206 
4515.384615384616 4011.7948717948725 4403.076923076924 4530.769230769231 4474.871794871796 4735.8974358974365 4284.102564102564 4394.358974358975 4746.153846153847 3996.9230769230776 3908.717948717949 4246.153846153847 4573.846153846154 4368.717948717949 
4515.8974358974365 4018.461538461539 4400.000000000001 4528.717948717949 4476.410256410257 4737.435897435898 4282.051282051282 4400.000000000001 4751.794871794872 4000.0000000000005 3908.205128205129 4248.717948717949 4575.8974358974365 4368.717948717949 
4517.948717948719 4017.9487179487182 4397.435897435898 4522.051282051282 4470.769230769231 4735.384615384616 4275.384615384616 4390.769230769231 4743.589743589744 3996.9230769230776 3903.589743589744 4251.282051282052 4575.8974358974365 4370.256410256411 
4513.333333333334 4012.820512820513 4397.435897435898 4521.025641025642 4467.6923076923085 4720.512820512821 4259.48717948718 4373.846153846154 4729.2307692307695 3987.692307692308 3897.9487179487182 4247.179487179487 4574.358974358975 4368.717948717949 
4506.666666666667 4009.23076923077 4391.282051282052 4521.025641025642 4460.512820512821 4710.769230769231 4245.128205128206 4358.974358974359 4716.923076923077 3978.9743589743593 3893.333333333334 4238.974358974359 4570.256410256411 4362.564102564103 
4505.641025641026 4005.6410256410263 4383.589743589744 4516.923076923077 4453.846153846154 4715.384615384616 4246.666666666667 4345.128205128206 4708.717948717949 3970.7692307692314 3890.2564102564106 4232.820512820514 4562.564102564103 4361.025641025642 
4498.461538461539 3994.8717948717954 4377.948717948719 4507.6923076923085 4452.307692307693 4716.410256410257 4257.435897435898 4329.743589743591 4699.48717948718 3962.0512820512827 3883.589743589744 4227.6923076923085 4552.820512820514 4357.948717948719 
4487.6923076923085 3986.1538461538466 4369.2307692307695 4502.564102564103 4452.307692307693 4716.923076923077 4264.102564102564 4309.2307692307695 4688.717948717949 3954.8717948717954 3874.358974358975 4218.974358974359 4547.6923076923085 4349.2307692307695 
4490.256410256411 3992.307692307693 4371.282051282052 4509.743589743591 4455.384615384616 4723.589743589744 4269.2307692307695 4297.435897435898 4687.179487179488 3954.358974358975 3877.435897435898 4221.538461538462 4553.846153846154 4349.2307692307695 
4505.641025641026 4003.076923076924 4389.2307692307695 4521.538461538462 4462.051282051282 4728.717948717949 4276.923076923077 4312.820512820514 4695.384615384616 3965.1282051282055 3892.820512820513 4237.435897435898 4566.666666666667 4360.512820512821 
4515.8974358974365 4010.7692307692314 4398.974358974359 4527.179487179488 4474.871794871796 4733.333333333334 4287.179487179487 4350.256410256411 4712.307692307693 3983.076923076924 3903.076923076924 4250.769230769231 4576.923076923077 4371.794871794872 
4522.051282051282 4021.538461538462 4403.076923076924 4530.769230769231 4480.000000000001 4745.128205128206 4292.307692307693 4385.641025641026 4740.000000000001 4004.1025641025644 3912.307692307693 4257.948717948719 4586.666666666667 4379.48717948718 
4535.384615384616 4033.333333333334 4415.384615384616 4538.974358974359 4477.435897435898 4750.769230769231 4290.256410256411 4400.000000000001 4764.102564102564 4017.9487179487182 3926.1538461538466 4266.666666666667 4598.461538461539 4386.666666666667 
4542.564102564103 4036.410256410257 4420.512820512821 4543.589743589744 4485.641025641026 4745.128205128206 4288.205128205129 4402.051282051282 4768.205128205129 4016.9230769230776 3929.2307692307695 4274.358974358975 4602.051282051282 4392.820512820514 
4541.025641025642 4038.9743589743593 4419.48717948718 4544.102564102564 4496.923076923077 4747.6923076923085 4292.820512820514 4409.2307692307695 4768.205128205129 4015.3846153846157 3926.666666666667 4277.435897435898 4599.48717948718 4398.461538461539 
4544.102564102564 4045.1282051282055 4423.076923076924 4546.153846153847 4496.410256410257 4760.000000000001 4298.974358974359 4417.435897435898 4772.307692307693 4023.076923076924 3933.333333333334 4280.000000000001 4605.128205128206 4398.974358974359 
4551.282051282052 4048.205128205129 4427.179487179487 4552.307692307693 4500.000000000001 4766.153846153847 4303.076923076924 4417.435897435898 4773.333333333334 4034.358974358975 3942.564102564103 4286.153846153847 4616.923076923077 4399.48717948718 
4554.358974358975 4052.820512820513 4432.820512820514 4558.461538461539 4512.307692307693 4764.102564102564 4305.128205128206 4408.205128205129 4773.846153846154 4037.9487179487182 3946.666666666667 4296.923076923077 4621.538461538462 4407.6923076923085 
4562.564102564103 4066.1538461538466 4445.641025641026 4564.615384615385 4515.384615384616 4765.641025641026 4308.717948717949 4400.512820512821 4776.410256410257 4039.48717948718 3952.307692307693 4308.205128205129 4624.102564102564 4416.923076923077 
4572.307692307693 4074.8717948717954 4453.333333333334 4568.717948717949 4517.435897435898 4772.307692307693 4316.410256410257 4391.794871794872 4773.333333333334 4042.0512820512827 3954.8717948717954 4308.717948717949 4628.205128205129 4419.48717948718 
4574.358974358975 4074.8717948717954 4451.794871794872 4569.2307692307695 4526.153846153847 4780.512820512821 4323.076923076924 4380.000000000001 4770.256410256411 4043.076923076924 3955.3846153846157 4304.102564102564 4630.769230769231 4421.025641025642 
4573.846153846154 4077.435897435898 4451.794871794872 4568.717948717949 4526.666666666667 4789.743589743591 4328.205128205129 4378.974358974359 4775.384615384616 4046.1538461538466 3961.0256410256416 4307.6923076923085 4636.410256410257 4423.589743589744 
4578.974358974359 4085.1282051282055 4458.974358974359 4573.333333333334 4527.6923076923085 4795.8974358974365 4338.974358974359 4404.615384615385 4786.666666666667 4056.410256410257 3968.205128205129 4317.948717948719 4643.076923076924 4429.2307692307695 
4585.128205128206 4088.205128205129 4463.589743589744 4578.461538461539 4538.461538461539 4797.435897435898 4345.641025641026 4437.948717948719 4797.948717948719 4063.589743589744 3971.7948717948725 4320.512820512821 4647.179487179488 4434.358974358975 
4583.076923076924 4086.1538461538466 4460.000000000001 4577.948717948719 4537.948717948719 4795.8974358974365 4341.025641025642 4450.256410256411 4806.153846153847 4058.9743589743593 3972.307692307693 4316.923076923077 4644.615384615385 4434.358974358975 
4577.435897435898 4086.666666666667 4456.410256410257 4572.820512820514 4526.666666666667 4791.794871794872 4333.846153846154 4452.307692307693 4810.769230769231 4057.9487179487182 3971.2820512820517 4316.410256410257 4639.48717948718 4430.769230769231 
4573.333333333334 4085.6410256410263 4451.794871794872 4569.743589743591 4528.205128205129 4784.102564102564 4326.666666666667 4455.384615384616 4811.794871794872 4061.0256410256416 3971.2820512820517 4314.358974358975 4642.564102564103 4427.179487179487 
4569.2307692307695 4080.5128205128212 4441.538461538462 4570.769230769231 4535.384615384616 4781.025641025642 4320.512820512821 4452.307692307693 4809.743589743591 4061.0256410256416 3965.1282051282055 4305.641025641026 4641.025641025642 4422.051282051282 
4561.538461538462 4073.333333333334 4432.820512820514 4565.128205128206 4527.179487179488 4781.538461538462 4318.974358974359 4442.051282051282 4803.589743589744 4059.48717948718 3954.358974358975 4298.461538461539 4624.615384615385 4415.8974358974365 
4558.974358974359 4067.692307692308 4435.384615384616 4558.461538461539 4518.974358974359 4772.820512820514 4313.846153846154 4425.641025641026 4795.8974358974365 4059.48717948718 3956.410256410257 4301.538461538462 4623.589743589744 4415.384615384616 
4567.6923076923085 4067.1794871794878 4444.615384615385 4562.051282051282 4516.410256410257 4767.179487179488 4307.6923076923085 4410.256410256411 4789.743589743591 4061.0256410256416 3969.2307692307695 4310.256410256411 4646.153846153847 4424.615384615385 
4577.948717948719 4070.2564102564106 4450.769230769231 4568.205128205129 4520.000000000001 4774.358974358975 4312.307692307693 4404.102564102564 4788.205128205129 4065.1282051282055 3977.435897435898 4317.435897435898 4659.48717948718 4432.307692307693 
4583.076923076924 4073.8461538461543 4454.871794871796 4570.256410256411 4533.846153846154 4783.589743589744 4327.179487179487 4404.615384615385 4793.333333333334 4070.7692307692314 3984.615384615385 4323.589743589744 4665.128205128206 4437.948717948719 
4586.153846153847 4077.435897435898 4458.974358974359 4573.846153846154 4534.871794871796 4795.384615384616 4338.461538461539 4401.538461538462 4796.410256410257 4073.8461538461543 3992.307692307693 4327.6923076923085 4679.48717948718 4445.641025641026 
