4705.641025641026 4206.666666666667 4570.769230769231 4666.666666666667 4634.871794871796 4848.205128205129 4394.871794871796 4491.794871794872 4898.461538461539 4173.333333333334 4065.1282051282055 4429.2307692307695 4755.384615384616 4541.538461538462 
4698.461538461539 4194.358974358975 4562.564102564103 4656.923076923077 4629.2307692307695 4833.333333333334 4384.102564102564 4504.615384615385 4894.871794871796 4166.153846153847 4055.8974358974365 4419.48717948718 4744.102564102564 4531.282051282052 
4677.435897435898 4177.435897435898 4544.615384615385 4636.410256410257 4622.564102564103 4821.538461538462 4378.461538461539 4510.769230769231 4887.6923076923085 4157.435897435898 4037.9487179487182 4400.512820512821 4726.153846153847 4514.871794871796 
4658.974358974359 4168.205128205129 4527.179487179488 4625.641025641026 4618.974358974359 4818.974358974359 4377.435897435898 4505.128205128206 4882.564102564103 4145.641025641026 4023.589743589744 4381.538461538462 4714.358974358975 4504.615384615385 
4647.179487179488 4155.8974358974365 4514.358974358975 4623.076923076924 4609.743589743591 4813.333333333334 4375.384615384616 4499.48717948718 4877.435897435898 4130.256410256411 4012.307692307693 4368.717948717949 4701.025641025642 4491.282051282052 
4632.307692307693 4136.410256410257 4501.025641025642 4613.333333333334 4584.615384615385 4803.076923076924 4370.769230769231 4493.846153846154 4867.6923076923085 4117.435897435898 3998.9743589743593 4357.435897435898 4685.641025641026 4476.410256410257 
4613.333333333334 4116.923076923077 4481.025641025642 4598.974358974359 4565.641025641026 4794.871794871796 4363.076923076924 4475.384615384616 4851.282051282052 4102.564102564103 3983.589743589744 4341.538461538462 4669.2307692307695 4464.615384615385 
4602.564102564103 4105.641025641026 4468.717948717949 4592.307692307693 4565.128205128206 4785.641025641026 4352.820512820514 4449.743589743591 4832.307692307693 4086.1538461538466 3971.2820512820517 4326.666666666667 4658.974358974359 4455.384615384616 
4606.153846153847 4109.74358974359 4472.820512820514 4595.8974358974365 4568.205128205129 4782.564102564103 4347.6923076923085 4435.8974358974365 4823.076923076924 4083.076923076924 3971.2820512820517 4326.153846153847 4661.025641025642 4455.384615384616 
4607.6923076923085 4111.282051282052 4473.846153846154 4598.974358974359 4568.717948717949 4782.051282051282 4343.589743589744 4432.307692307693 4822.051282051282 4082.564102564103 3972.820512820513 4327.179487179487 4659.48717948718 4458.461538461539 
4593.846153846154 4094.358974358975 4460.512820512821 4587.179487179488 4565.128205128206 4769.2307692307695 4327.6923076923085 4414.358974358975 4807.179487179488 4068.717948717949 3964.615384615385 4317.435897435898 4650.256410256411 4451.282051282052 
4577.435897435898 4075.3846153846157 4444.615384615385 4570.769230769231 4546.153846153847 4750.769230769231 4303.076923076924 4383.589743589744 4784.102564102564 4053.8461538461543 3951.7948717948725 4305.128205128206 4641.538461538462 4439.48717948718 
4575.384615384616 4074.8717948717954 4441.025641025642 4571.282051282052 4532.307692307693 4743.589743589744 4291.794871794872 4378.461538461539 4778.461538461539 4050.7692307692314 3951.2820512820517 4300.000000000001 4637.948717948719 4436.923076923077 
4578.461538461539 4078.9743589743593 4445.641025641026 4577.948717948719 4537.435897435898 4745.128205128206 4293.846153846154 4402.051282051282 4787.6923076923085 4054.358974358975 3958.9743589743593 4302.564102564103 4639.48717948718 4440.000000000001 
4571.282051282052 4070.2564102564106 4441.538461538462 4569.743589743591 4542.564102564103 4740.512820512821 4290.769230769231 4418.461538461539 4791.282051282052 4056.410256410257 3955.8974358974365 4302.564102564103 4638.461538461539 4437.435897435898 
4561.025641025642 4061.0256410256416 4430.256410256411 4556.410256410257 4537.435897435898 4729.743589743591 4287.179487179487 4417.948717948719 4786.666666666667 4050.2564102564106 3946.666666666667 4292.307692307693 4628.205128205129 4430.769230769231 
4556.410256410257 4056.410256410257 4425.641025641026 4559.48717948718 4530.769230769231 4725.128205128206 4292.307692307693 4416.410256410257 4784.102564102564 4041.538461538462 3942.564102564103 4281.538461538462 4616.410256410257 4425.128205128206 
4544.615384615385 4043.076923076924 4416.410256410257 4557.435897435898 4517.435897435898 4726.666666666667 4292.307692307693 4408.717948717949 4776.410256410257 4028.205128205129 3928.717948717949 4269.74358974359 4606.153846153847 4411.282051282052 
4520.512820512821 4022.0512820512827 4391.794871794872 4533.333333333334 4493.846153846154 4718.461538461539 4282.051282051282 4384.102564102564 4754.358974358975 4004.615384615385 3902.564102564103 4246.153846153847 4588.205128205129 4388.205128205129 
4505.641025641026 4001.538461538462 4376.410256410257 4515.8974358974365 4482.564102564103 4706.666666666667 4278.461538461539 4365.128205128206 4738.974358974359 3990.7692307692314 3890.7692307692314 4230.256410256411 4572.307692307693 4378.461538461539 
4507.179487179488 3989.23076923077 4381.025641025642 4520.000000000001 4488.205128205129 4708.205128205129 4281.538461538462 4360.000000000001 4738.461538461539 3994.8717948717954 3894.8717948717954 4235.8974358974365 4567.6923076923085 4384.615384615385 
4507.6923076923085 3997.435897435898 4383.589743589744 4528.205128205129 4487.6923076923085 4706.666666666667 4272.820512820514 4346.153846153847 4728.205128205129 3989.23076923077 3893.8461538461543 4237.948717948719 4569.2307692307695 4386.153846153847 
4506.153846153847 4009.23076923077 4375.384615384616 4525.128205128206 4473.846153846154 4693.333333333334 4253.846153846154 4320.512820512821 4706.153846153847 3970.2564102564106 3888.205128205129 4226.666666666667 4568.205128205129 4381.025641025642 
4507.6923076923085 4002.564102564103 4371.794871794872 4520.000000000001 4474.358974358975 4684.102564102564 4243.076923076924 4307.179487179487 4693.846153846154 3964.1025641025644 3887.1794871794878 4224.102564102564 4564.615384615385 4381.025641025642 
4518.461538461539 4002.0512820512827 4379.48717948718 4524.615384615385 4488.205128205129 4685.641025641026 4246.153846153847 4311.794871794872 4696.410256410257 3969.2307692307695 3891.7948717948725 4234.871794871796 4569.2307692307695 4391.794871794872 
4533.333333333334 4021.538461538462 4393.333333333334 4539.48717948718 4491.282051282052 4695.8974358974365 4252.820512820514 4328.717948717949 4713.846153846154 3979.48717948718 3904.615384615385 4248.205128205129 4585.128205128206 4405.641025641026 
4544.102564102564 4037.435897435898 4409.2307692307695 4552.820512820514 4492.820512820514 4710.256410256411 4258.974358974359 4357.435897435898 4740.512820512821 3995.8974358974365 3920.0000000000005 4264.102564102564 4599.48717948718 4415.8974358974365 
4560.512820512821 4052.820512820513 4429.743589743591 4563.589743589744 4511.282051282052 4731.794871794872 4278.974358974359 4392.307692307693 4767.6923076923085 4020.5128205128212 3933.8461538461543 4282.051282051282 4610.769230769231 4429.2307692307695 
4576.410256410257 4068.717948717949 4443.076923076924 4572.307692307693 4524.615384615385 4747.6923076923085 4302.564102564103 4417.435897435898 4787.179487179488 4038.9743589743593 3943.589743589744 4295.8974358974365 4617.948717948719 4441.538461538462 
4581.025641025642 4076.410256410257 4447.6923076923085 4576.410256410257 4533.846153846154 4752.820512820514 4311.282051282052 4425.641025641026 4796.410256410257 4048.205128205129 3952.820512820513 4305.641025641026 4625.128205128206 4448.717948717949 
4587.179487179488 4083.589743589744 4460.512820512821 4584.102564102564 4553.333333333334 4762.051282051282 4321.025641025642 4428.205128205129 4800.512820512821 4060.0000000000005 3965.6410256410263 4316.923076923077 4640.000000000001 4460.512820512821 
4603.076923076924 4099.48717948718 4473.333333333334 4595.8974358974365 4560.512820512821 4777.435897435898 4337.948717948719 4425.128205128206 4800.000000000001 4063.076923076924 3974.358974358975 4329.2307692307695 4653.846153846154 4469.2307692307695 
4612.307692307693 4110.256410256411 4475.384615384616 4605.128205128206 4555.384615384616 4787.6923076923085 4343.589743589744 4416.410256410257 4796.923076923077 4057.435897435898 3972.307692307693 4329.743589743591 4653.846153846154 4469.2307692307695 
4611.282051282052 4109.74358974359 4478.461538461539 4609.2307692307695 4566.153846153847 4788.717948717949 4341.538461538462 4411.282051282052 4794.358974358975 4061.538461538462 3968.717948717949 4326.153846153847 4648.205128205129 4468.717948717949 
4617.435897435898 4113.846153846154 4487.6923076923085 4612.307692307693 4577.435897435898 4787.6923076923085 4342.564102564103 4411.282051282052 4795.8974358974365 4073.8461538461543 3976.410256410257 4335.384615384616 4653.846153846154 4473.846153846154 
4636.923076923077 4133.333333333334 4502.051282051282 4622.564102564103 4581.025641025642 4799.48717948718 4348.717948717949 4422.564102564103 4811.794871794872 4083.076923076924 3993.8461538461543 4354.358974358975 4671.794871794872 4488.205128205129 
4654.871794871796 4154.871794871796 4520.000000000001 4639.48717948718 4598.974358974359 4818.461538461539 4361.025641025642 4449.2307692307695 4838.461538461539 4101.025641025642 4011.2820512820517 4369.2307692307695 4690.256410256411 4505.641025641026 
4653.846153846154 4155.8974358974365 4523.076923076924 4639.48717948718 4608.717948717949 4821.538461538462 4360.512820512821 4464.615384615385 4851.794871794872 4118.974358974359 4014.358974358975 4372.307692307693 4691.282051282052 4506.153846153847 
4650.769230769231 4152.307692307693 4520.000000000001 4632.820512820514 4604.102564102564 4815.8974358974365 4354.358974358975 4470.769230769231 4861.025641025642 4126.153846153847 4015.3846153846157 4376.410256410257 4690.256410256411 4503.589743589744 
4657.948717948719 4155.8974358974365 4529.2307692307695 4638.461538461539 4610.256410256411 4825.128205128206 4365.128205128206 4484.615384615385 4873.846153846154 4131.282051282052 4024.1025641025644 4387.6923076923085 4700.000000000001 4514.358974358975 
4660.000000000001 4155.384615384616 4533.333333333334 4643.589743589744 4617.948717948719 4836.410256410257 4381.538461538462 4493.333333333334 4875.384615384616 4133.333333333334 4024.615384615385 4390.769230769231 4705.641025641026 4518.974358974359 
4657.948717948719 4157.435897435898 4529.2307692307695 4643.076923076924 4618.974358974359 4840.512820512821 4390.769230769231 4492.307692307693 4873.333333333334 4135.8974358974365 4020.0000000000005 4383.589743589744 4702.051282051282 4513.333333333334 
4663.589743589744 4168.205128205129 4534.358974358975 4647.6923076923085 4625.128205128206 4852.820512820514 4401.538461538462 4496.923076923077 4878.461538461539 4141.025641025642 4023.589743589744 4385.128205128206 4704.102564102564 4514.358974358975 
4665.641025641026 4171.282051282052 4535.8974358974365 4649.2307692307695 4629.2307692307695 4857.948717948719 4407.179487179487 4491.794871794872 4871.794871794872 4132.307692307693 4024.1025641025644 4387.179487179487 4702.564102564103 4514.358974358975 
4656.410256410257 4161.538461538462 4523.589743589744 4639.48717948718 4622.564102564103 4843.589743589744 4398.461538461539 4470.256410256411 4855.384615384616 4115.384615384616 4015.8974358974365 4374.358974358975 4689.743589743591 4505.128205128206 
4641.025641025642 4148.205128205129 4510.256410256411 4625.641025641026 4605.641025641026 4820.000000000001 4378.974358974359 4447.179487179487 4836.410256410257 4104.102564102564 4001.0256410256416 4356.410256410257 4676.410256410257 4492.307692307693 
4632.820512820514 4137.948717948719 4506.666666666667 4620.000000000001 4596.410256410257 4808.205128205129 4361.538461538462 4432.820512820514 4821.025641025642 4096.923076923077 3991.7948717948725 4352.307692307693 4673.846153846154 4487.179487179488 
4642.564102564103 4140.000000000001 4514.871794871796 4627.179487179488 4601.025641025642 4812.820512820514 4360.000000000001 4426.666666666667 4823.076923076924 4099.48717948718 4000.5128205128212 4362.051282051282 4682.564102564103 4494.358974358975 
4649.743589743591 4143.589743589744 4515.384615384616 4628.717948717949 4597.948717948719 4814.358974358975 4358.974358974359 4424.102564102564 4831.794871794872 4105.128205128206 4004.615384615385 4363.076923076924 4687.179487179488 4494.871794871796 
4636.923076923077 4128.717948717949 4501.025641025642 4615.8974358974365 4577.948717948719 4801.025641025642 4347.179487179487 4429.2307692307695 4829.2307692307695 4098.461538461539 3990.2564102564106 4347.6923076923085 4673.333333333334 4483.076923076924 
4615.384615384616 4105.641025641026 4486.666666666667 4600.512820512821 4567.179487179488 4782.051282051282 4336.410256410257 4441.538461538462 4821.025641025642 4077.9487179487187 3974.358974358975 4333.333333333334 4652.307692307693 4470.256410256411 
4601.538461538462 4093.333333333334 4476.923076923077 4593.333333333334 4567.6923076923085 4775.384615384616 4330.256410256411 4445.128205128206 4813.846153846154 4063.076923076924 3962.0512820512827 4324.615384615385 4637.948717948719 4459.48717948718 
4602.051282051282 4100.000000000001 4472.307692307693 4595.8974358974365 4567.179487179488 4782.564102564103 4332.820512820514 4445.641025641026 4815.384615384616 4069.7435897435903 3956.9230769230776 4318.974358974359 4636.923076923077 4455.384615384616 
4599.48717948718 4102.051282051282 4465.641025641026 4593.333333333334 4563.589743589744 4781.538461538462 4335.8974358974365 4444.102564102564 4812.820512820514 4072.820512820513 3952.307692307693 4312.820512820514 4635.8974358974365 4453.846153846154 
4577.435897435898 4079.48717948718 4446.153846153847 4577.435897435898 4544.615384615385 4764.615384615386 4324.615384615385 4422.051282051282 4787.6923076923085 4045.1282051282055 3932.307692307693 4293.846153846154 4616.410256410257 4437.435897435898 
4565.128205128206 4064.1025641025644 4438.461538461539 4572.307692307693 4534.358974358975 4759.48717948718 4316.410256410257 4397.948717948719 4769.2307692307695 4026.666666666667 3918.461538461539 4280.000000000001 4604.102564102564 4423.076923076924 
4573.333333333334 4071.2820512820517 4449.2307692307695 4580.000000000001 4544.102564102564 4767.6923076923085 4321.538461538462 4389.743589743591 4769.743589743591 4035.8974358974365 3925.1282051282055 4285.641025641026 4610.256410256411 4429.743589743591 
4583.076923076924 4081.538461538462 4454.358974358975 4583.589743589744 4553.333333333334 4767.179487179488 4323.076923076924 4379.48717948718 4764.102564102564 4035.3846153846157 3935.3846153846157 4295.384615384616 4618.974358974359 4443.076923076924 
4591.282051282052 4087.1794871794878 4459.48717948718 4588.717948717949 4555.8974358974365 4768.717948717949 4325.128205128206 4366.666666666667 4757.948717948719 4032.307692307693 3944.1025641025644 4303.076923076924 4624.615384615385 4450.769230769231 
4598.461538461539 4088.205128205129 4470.769230769231 4597.435897435898 4560.512820512821 4782.051282051282 4331.794871794872 4375.384615384616 4771.794871794872 4052.307692307693 3954.8717948717954 4313.333333333334 4631.282051282052 4453.333333333334 
4594.358974358975 4080.5128205128212 4467.179487179487 4590.769230769231 4556.923076923077 4780.000000000001 4322.564102564103 4393.846153846154 4784.102564102564 4056.9230769230776 3954.8717948717954 4312.820512820514 4634.358974358975 4451.794871794872 
4583.076923076924 4072.820512820513 4451.794871794872 4576.410256410257 4541.025641025642 4757.948717948719 4300.512820512821 4401.538461538462 4782.564102564103 4038.461538461539 3945.1282051282055 4298.974358974359 4630.256410256411 4449.2307692307695 
4577.948717948719 4070.2564102564106 4441.538461538462 4572.307692307693 4534.358974358975 4744.615384615386 4289.74358974359 4404.615384615385 4780.512820512821 4031.7948717948725 3938.461538461539 4288.717948717949 4617.948717948719 4442.051282051282 
4581.538461538462 4066.666666666667 4440.512820512821 4575.8974358974365 4537.948717948719 4748.205128205129 4293.846153846154 4411.282051282052 4783.076923076924 4032.820512820513 3936.410256410257 4287.179487179487 4613.846153846154 4437.435897435898 
4583.076923076924 4065.6410256410263 4443.589743589744 4575.384615384616 4536.410256410257 4753.846153846154 4302.051282051282 4416.410256410257 4786.666666666667 4027.1794871794878 3935.8974358974365 4286.666666666667 4624.102564102564 4441.025641025642 
4573.333333333334 4062.564102564103 4438.461538461539 4568.205128205129 4528.717948717949 4749.743589743591 4305.128205128206 4414.358974358975 4783.589743589744 4022.0512820512827 3930.2564102564106 4278.974358974359 4617.948717948719 4435.8974358974365 
4564.615384615385 4057.9487179487182 4430.769230769231 4564.615384615385 4528.717948717949 4750.769230769231 4308.205128205129 4404.615384615385 4773.846153846154 4021.0256410256416 3924.1025641025644 4271.794871794872 4602.051282051282 4428.205128205129 
4573.846153846154 4062.564102564103 4440.512820512821 4575.8974358974365 4541.538461538462 4762.564102564103 4320.000000000001 4397.948717948719 4773.333333333334 4026.1538461538466 3930.7692307692314 4279.48717948718 4610.256410256411 4434.871794871796 
4584.102564102564 4070.2564102564106 4448.717948717949 4582.051282051282 4546.666666666667 4767.6923076923085 4325.641025641026 4400.000000000001 4779.48717948718 4032.820512820513 3937.9487179487182 4286.666666666667 4623.076923076924 4441.538461538462 
4583.076923076924 4066.1538461538466 4443.589743589744 4574.358974358975 4540.000000000001 4762.564102564103 4316.923076923077 4390.769230769231 4773.333333333334 4030.2564102564106 3933.333333333334 4285.128205128206 4617.435897435898 4437.435897435898 
4578.461538461539 4060.0000000000005 4443.589743589744 4569.743589743591 4538.974358974359 4763.589743589744 4310.769230769231 4363.589743589744 4756.923076923077 4020.0000000000005 3928.717948717949 4286.666666666667 4611.794871794872 4436.923076923077 
4575.384615384616 4057.9487179487182 4447.179487179487 4572.820512820514 4540.512820512821 4762.564102564103 4307.6923076923085 4346.666666666667 4744.102564102564 4012.820512820513 3927.692307692308 4287.6923076923085 4613.846153846154 4441.538461538462 
4571.282051282052 4057.435897435898 4443.589743589744 4573.846153846154 4530.769230769231 4750.769230769231 4297.948717948719 4358.974358974359 4745.128205128206 4014.8717948717954 3924.1025641025644 4281.538461538462 4612.307692307693 4434.358974358975 
4564.615384615385 4053.333333333334 4436.923076923077 4572.307692307693 4526.153846153847 4738.461538461539 4285.641025641026 4377.948717948719 4756.923076923077 4019.48717948718 3921.538461538462 4276.410256410257 4607.6923076923085 4420.512820512821 
4561.538461538462 4047.1794871794878 4431.282051282052 4567.6923076923085 4529.2307692307695 4728.205128205129 4274.358974358975 4386.666666666667 4763.076923076924 4015.3846153846157 3921.538461538462 4275.384615384616 4604.102564102564 4415.384615384616 
4552.307692307693 4035.8974358974365 4420.000000000001 4554.358974358975 4508.717948717949 4714.358974358975 4261.025641025642 4381.025641025642 4750.256410256411 3996.9230769230776 3906.666666666667 4264.615384615385 4589.743589743591 4410.769230769231 
4542.564102564103 4029.7435897435903 4419.48717948718 4549.743589743591 4492.820512820514 4714.871794871796 4265.128205128206 4373.846153846154 4741.025641025642 3987.692307692308 3892.820512820513 4255.8974358974365 4578.974358974359 4405.641025641026 
4542.564102564103 4031.2820512820517 4424.102564102564 4554.871794871796 4507.179487179488 4729.743589743591 4283.076923076924 4372.307692307693 4741.538461538462 3989.7435897435903 3897.435897435898 4256.923076923077 4583.076923076924 4404.102564102564 
4534.358974358975 4018.9743589743593 4409.743589743591 4544.102564102564 4513.333333333334 4731.282051282052 4285.128205128206 4356.923076923077 4727.6923076923085 3979.48717948718 3893.8461538461543 4244.102564102564 4574.358974358975 4394.871794871796 
4516.923076923077 3997.9487179487182 4395.384615384616 4528.717948717949 4495.8974358974365 4721.538461538462 4278.974358974359 4340.000000000001 4712.820512820514 3968.717948717949 3875.3846153846157 4229.74358974359 4550.769230769231 4382.564102564103 
4521.538461538462 4000.0000000000005 4403.589743589744 4535.8974358974365 4494.871794871796 4726.666666666667 4287.6923076923085 4346.153846153847 4718.461538461539 3973.8461538461543 3876.9230769230776 4237.948717948719 4551.794871794872 4386.666666666667 
4547.179487179488 4027.692307692308 4424.615384615385 4556.410256410257 4516.923076923077 4741.025641025642 4297.435897435898 4354.871794871796 4728.717948717949 3986.666666666667 3900.0000000000005 4256.923076923077 4579.48717948718 4406.153846153847 
4565.641025641026 4049.23076923077 4440.000000000001 4570.256410256411 4522.051282051282 4746.666666666667 4296.410256410257 4348.717948717949 4730.769230769231 3995.3846153846157 3914.8717948717954 4269.74358974359 4597.948717948719 4422.564102564103 
4572.820512820514 4052.307692307693 4441.538461538462 4573.333333333334 4516.410256410257 4743.076923076924 4292.820512820514 4348.205128205129 4735.384615384616 4002.564102564103 3917.435897435898 4275.8974358974365 4601.538461538462 4428.205128205129 
4568.717948717949 4047.1794871794878 4431.794871794872 4565.128205128206 4518.974358974359 4735.384615384616 4283.589743589744 4351.794871794872 4736.923076923077 4000.0000000000005 3915.8974358974365 4272.820512820514 4599.48717948718 4423.076923076924 
4548.717948717949 4032.820512820513 4418.461538461539 4550.256410256411 4511.794871794872 4721.025641025642 4269.74358974359 4344.615384615385 4724.102564102564 3980.0000000000005 3901.538461538462 4256.410256410257 4582.564102564103 4405.641025641026 
4525.641025641026 4012.820512820513 4396.923076923077 4537.948717948719 4486.153846153847 4701.538461538462 4253.846153846154 4330.769230769231 4705.128205128206 3954.8717948717954 3877.435897435898 4230.769230769231 4554.871794871796 4381.025641025642 
4507.179487179488 3992.307692307693 4369.743589743591 4522.051282051282 4466.153846153847 4681.538461538462 4235.8974358974365 4318.974358974359 4690.769230769231 3941.0256410256416 3859.48717948718 4205.128205128206 4540.000000000001 4363.076923076924 
4495.384615384616 3969.7435897435903 4357.435897435898 4506.666666666667 4454.871794871796 4667.6923076923085 4224.102564102564 4312.820512820514 4685.128205128206 3937.9487179487182 3851.2820512820517 4194.358974358975 4540.000000000001 4359.48717948718 
4488.205128205129 3955.8974358974365 4354.358974358975 4502.564102564103 4441.538461538462 4661.538461538462 4221.538461538462 4304.615384615385 4675.8974358974365 3927.1794871794878 3843.076923076924 4190.769230769231 4529.2307692307695 4355.8974358974365 
4481.025641025642 3953.8461538461543 4344.102564102564 4501.025641025642 4434.871794871796 4660.512820512821 4218.974358974359 4288.205128205129 4656.923076923077 3910.7692307692314 3836.410256410257 4180.512820512821 4514.871794871796 4348.205128205129 
4485.128205128206 3956.9230769230776 4346.153846153847 4500.512820512821 4443.076923076924 4670.256410256411 4228.205128205129 4290.256410256411 4657.948717948719 3920.0000000000005 3846.666666666667 4183.589743589744 4528.205128205129 4353.846153846154 
4493.846153846154 3952.307692307693 4354.871794871796 4498.974358974359 4445.641025641026 4673.333333333334 4233.333333333334 4291.794871794872 4668.717948717949 3931.7948717948725 3852.307692307693 4194.358974358975 4541.025641025642 4362.051282051282 
4483.076923076924 3940.0000000000005 4340.512820512821 4490.256410256411 4422.051282051282 4650.256410256411 4207.179487179487 4252.820512820514 4645.641025641026 3906.666666666667 3832.820512820513 4183.076923076924 4520.000000000001 4352.307692307693 
4474.871794871796 3936.9230769230776 4328.205128205129 4487.179487179488 4407.6923076923085 4627.6923076923085 4186.666666666667 4217.948717948719 4618.461538461539 3881.0256410256416 3819.48717948718 4168.205128205129 4506.666666666667 4344.615384615385 
4485.128205128206 3946.1538461538466 4338.974358974359 4494.871794871796 4424.102564102564 4633.846153846154 4197.435897435898 4233.333333333334 4628.205128205129 3894.358974358975 3831.7948717948725 4174.358974358975 4522.051282051282 4352.820512820514 
4482.564102564103 3943.589743589744 4338.974358974359 4488.205128205129 4422.051282051282 4637.948717948719 4198.461538461539 4262.051282051282 4641.025641025642 3904.1025641025644 3834.358974358975 4174.358974358975 4518.974358974359 4350.256410256411 
4468.205128205129 3930.2564102564106 4321.025641025642 4474.871794871796 4397.435897435898 4623.076923076924 4180.512820512821 4273.333333333334 4634.871794871796 3887.692307692308 3818.461538461539 4160.000000000001 4495.384615384616 4336.410256410257 
4467.179487179487 3929.7435897435903 4316.923076923077 4476.410256410257 4393.333333333334 4617.435897435898 4173.333333333334 4278.461538461539 4632.307692307693 3874.358974358975 3808.205128205129 4152.820512820514 4490.256410256411 4330.769230769231 
4461.025641025642 3926.1538461538466 4313.333333333334 4475.384615384616 4401.025641025642 4618.974358974359 4170.769230769231 4274.358974358975 4629.2307692307695 3866.666666666667 3801.538461538462 4144.102564102564 4485.641025641026 4324.615384615385 
4451.794871794872 3913.333333333334 4306.666666666667 4469.743589743591 4402.051282051282 4618.461538461539 4169.74358974359 4263.589743589744 4620.512820512821 3862.564102564103 3796.410256410257 4135.384615384616 4476.923076923077 4317.435897435898 
4452.820512820514 3909.2307692307695 4307.179487179487 4468.205128205129 4395.384615384616 4621.025641025642 4172.820512820514 4253.846153846154 4611.794871794872 3860.512820512821 3794.8717948717954 4134.358974358975 4480.000000000001 4315.8974358974365 
4448.205128205129 3910.7692307692314 4304.615384615385 4465.641025641026 4382.564102564103 4618.461538461539 4168.717948717949 4235.384615384616 4596.923076923077 3851.2820512820517 3786.1538461538466 4129.2307692307695 4472.307692307693 4311.794871794872 
4447.179487179487 3909.7435897435903 4305.641025641026 4466.666666666667 4388.717948717949 4614.871794871796 4171.282051282052 4219.48717948718 4588.717948717949 3847.1794871794878 3782.564102564103 4129.2307692307695 4455.8974358974365 4313.333333333334 
4467.179487179487 3915.8974358974365 4315.8974358974365 4475.8974358974365 4398.974358974359 4617.435897435898 4179.48717948718 4212.307692307693 4595.8974358974365 3854.8717948717954 3797.435897435898 4143.076923076924 4474.871794871796 4331.282051282052 
4476.923076923077 3924.615384615385 4313.846153846154 4474.871794871796 4378.974358974359 4610.769230769231 4165.641025641026 4189.74358974359 4585.128205128206 3850.2564102564106 3802.564102564103 4145.641025641026 4502.051282051282 4339.48717948718 
4460.512820512821 3921.0256410256416 4301.025641025642 4465.641025641026 4364.102564102564 4594.871794871796 4147.179487179487 4168.717948717949 4562.051282051282 3836.9230769230776 3792.307692307693 4135.384615384616 4491.282051282052 4328.205128205129 
4452.820512820514 3913.333333333334 4299.48717948718 4460.512820512821 4371.794871794872 4583.589743589744 4143.589743589744 4185.128205128206 4568.717948717949 3836.410256410257 3788.205128205129 4133.846153846154 4475.8974358974365 4321.538461538462 
4453.333333333334 3902.564102564103 4295.384615384616 4450.256410256411 4360.512820512821 4570.769230769231 4133.333333333334 4216.410256410257 4584.615384615385 3834.8717948717954 3786.666666666667 4131.794871794872 4475.384615384616 4319.48717948718 
4428.717948717949 3872.820512820513 4265.641025641026 4426.666666666667 4323.589743589744 4551.282051282052 4107.179487179487 4213.846153846154 4566.153846153847 3810.2564102564106 3760.0000000000005 4105.128205128206 4455.8974358974365 4298.461538461539 
4393.846153846154 3834.358974358975 4234.358974358975 4402.051282051282 4297.948717948719 4535.384615384616 4085.6410256410263 4182.564102564103 4529.743589743591 3773.8461538461543 3726.1538461538466 4067.1794871794878 4421.025641025642 4266.666666666667 
4380.000000000001 3821.538461538462 4229.2307692307695 4396.923076923077 4294.358974358975 4530.256410256411 4079.48717948718 4160.000000000001 4509.743589743591 3749.2307692307695 3713.8461538461543 4052.307692307693 4401.025641025642 4253.333333333334 
4385.641025641026 3837.435897435898 4240.000000000001 4407.6923076923085 4305.641025641026 4535.8974358974365 4089.7435897435903 4156.410256410257 4505.641025641026 3746.1538461538466 3717.435897435898 4061.538461538462 4401.538461538462 4260.512820512821 
4398.974358974359 3847.692307692308 4247.179487179487 4415.384615384616 4318.461538461539 4546.666666666667 4103.076923076924 4159.48717948718 4510.256410256411 3760.0000000000005 3727.692307692308 4072.820512820513 4422.051282051282 4272.820512820514 
4408.205128205129 3845.1282051282055 4253.333333333334 4418.974358974359 4320.512820512821 4555.384615384616 4108.205128205129 4161.538461538462 4517.435897435898 3770.7692307692314 3741.538461538462 4081.0256410256416 4441.538461538462 4281.025641025642 
4411.794871794872 3853.333333333334 4266.153846153847 4426.666666666667 4323.076923076924 4562.051282051282 4117.948717948719 4162.564102564103 4525.128205128206 3777.9487179487182 3750.2564102564106 4091.7948717948725 4442.564102564103 4288.205128205129 
4428.205128205129 3872.307692307693 4280.512820512821 4436.410256410257 4335.8974358974365 4568.717948717949 4132.307692307693 4165.128205128206 4535.8974358974365 3793.8461538461543 3762.0512820512827 4107.6923076923085 4454.358974358975 4301.025641025642 
4453.846153846154 3885.1282051282055 4296.923076923077 4447.179487179487 4346.153846153847 4579.48717948718 4140.512820512821 4173.846153846154 4547.6923076923085 3812.307692307693 3782.0512820512827 4128.717948717949 4481.025641025642 4318.974358974359 
4477.948717948719 3905.1282051282055 4321.025641025642 4468.717948717949 4358.461538461539 4601.025641025642 4152.307692307693 4189.2307692307695 4561.025641025642 3828.717948717949 3804.615384615385 4151.794871794872 4505.128205128206 4342.564102564103 
4509.2307692307695 3946.666666666667 4346.666666666667 4499.48717948718 4387.179487179487 4626.666666666667 4170.769230769231 4206.666666666667 4584.102564102564 3851.2820512820517 3829.7435897435903 4176.410256410257 4529.743589743591 4366.153846153847 
4538.461538461539 3981.538461538462 4366.153846153847 4517.948717948719 4416.923076923077 4646.153846153847 4181.538461538462 4228.205128205129 4611.282051282052 3880.0000000000005 3853.8461538461543 4197.948717948719 4556.410256410257 4379.48717948718 
4546.666666666667 3995.8974358974365 4378.974358974359 4521.538461538462 4429.743589743591 4660.000000000001 4186.153846153847 4252.820512820514 4632.820512820514 3906.1538461538466 3864.615384615385 4208.717948717949 4574.871794871796 4385.641025641026 
4537.948717948719 3989.23076923077 4376.410256410257 4514.358974358975 4422.564102564103 4662.051282051282 4189.2307692307695 4266.666666666667 4641.538461538462 3907.692307692308 3861.0256410256416 4204.615384615385 4570.256410256411 4386.153846153847 
4520.000000000001 3969.7435897435903 4358.974358974359 4502.564102564103 4415.384615384616 4648.717948717949 4187.6923076923085 4265.641025641026 4636.410256410257 3885.1282051282055 3843.589743589744 4188.717948717949 4547.179487179488 4367.6923076923085 
4505.128205128206 3959.48717948718 4346.153846153847 4494.358974358975 4417.435897435898 4643.589743589744 4189.74358974359 4265.128205128206 4631.282051282052 3876.410256410257 3829.2307692307695 4173.846153846154 4535.8974358974365 4349.2307692307695 
4506.666666666667 3960.5128205128212 4348.717948717949 4494.871794871796 4414.871794871796 4659.48717948718 4207.6923076923085 4280.512820512821 4645.641025641026 3892.307692307693 3838.9743589743593 4176.923076923077 4549.743589743591 4355.8974358974365 
4513.333333333334 3957.9487179487182 4354.871794871796 4496.923076923077 4405.641025641026 4669.2307692307695 4220.512820512821 4293.846153846154 4659.48717948718 3895.3846153846157 3851.7948717948725 4189.74358974359 4562.051282051282 4367.179487179487 
4518.974358974359 3959.48717948718 4359.48717948718 4501.025641025642 4408.717948717949 4662.564102564103 4217.435897435898 4289.2307692307695 4651.282051282052 3893.333333333334 3856.9230769230776 4200.000000000001 4568.717948717949 4375.384615384616 
