4520.512820512821 4045.6410256410263 4394.358974358975 4500.512820512821 4487.179487179488 4720.512820512821 4334.358974358975 4354.358974358975 4744.615384615386 4054.8717948717954 3958.461538461539 4354.871794871796 4592.307692307693 4224.102564102564 
4523.076923076924 4046.1538461538466 4392.307692307693 4500.512820512821 4486.153846153847 4722.564102564103 4334.358974358975 4353.846153846154 4744.102564102564 4055.8974358974365 3957.435897435898 4352.820512820514 4596.410256410257 4228.717948717949 
4517.948717948719 4043.589743589744 4399.48717948718 4503.589743589744 4486.666666666667 4717.435897435898 4330.769230769231 4355.384615384616 4743.589743589744 4055.3846153846157 3958.9743589743593 4364.102564102564 4594.871794871796 4233.333333333334 
4520.000000000001 4046.1538461538466 4383.589743589744 4498.461538461539 4492.307692307693 4726.153846153847 4343.589743589744 4344.102564102564 4743.589743589744 4054.358974358975 3955.3846153846157 4345.128205128206 4590.256410256411 4216.410256410257 
4520.512820512821 4042.564102564103 4377.948717948719 4496.410256410257 4491.794871794872 4727.6923076923085 4351.794871794872 4343.589743589744 4742.564102564103 4056.410256410257 3953.8461538461543 4333.333333333334 4587.179487179488 4207.179487179487 
4521.538461538462 4043.589743589744 4381.025641025642 4494.358974358975 4486.153846153847 4722.051282051282 4340.512820512821 4341.025641025642 4742.564102564103 4058.9743589743593 3958.461538461539 4339.48717948718 4596.410256410257 4211.794871794872 
4518.974358974359 4041.538461538462 4396.410256410257 4498.461538461539 4479.48717948718 4711.282051282052 4325.128205128206 4346.666666666667 4745.641025641026 4058.9743589743593 3967.1794871794878 4362.051282051282 4602.051282051282 4221.538461538462 
4523.589743589744 4042.0512820512827 4392.307692307693 4496.923076923077 4479.48717948718 4713.333333333334 4328.205128205129 4342.051282051282 4747.6923076923085 4058.9743589743593 3968.717948717949 4357.948717948719 4599.48717948718 4217.948717948719 
4518.461538461539 4038.461538461539 4398.461538461539 4497.948717948719 4481.538461538462 4710.256410256411 4328.717948717949 4348.205128205129 4745.641025641026 4060.0000000000005 3970.2564102564106 4364.102564102564 4594.871794871796 4223.589743589744 
4516.923076923077 4038.9743589743593 4400.512820512821 4498.974358974359 4482.564102564103 4710.256410256411 4324.615384615385 4348.205128205129 4742.564102564103 4060.0000000000005 3973.333333333334 4367.6923076923085 4595.384615384616 4228.205128205129 
4516.410256410257 4040.0000000000005 4407.179487179487 4501.538461538462 4478.974358974359 4709.743589743591 4324.615384615385 4349.743589743591 4741.538461538462 4060.0000000000005 3972.820512820513 4372.307692307693 4592.820512820514 4229.2307692307695 
4515.384615384616 4044.1025641025644 4407.6923076923085 4502.051282051282 4483.589743589744 4717.948717948719 4334.358974358975 4349.2307692307695 4740.512820512821 4058.461538461539 3962.564102564103 4367.6923076923085 4587.6923076923085 4228.205128205129 
4511.282051282052 4046.666666666667 4411.282051282052 4510.256410256411 4489.2307692307695 4722.051282051282 4338.461538461539 4353.846153846154 4736.923076923077 4054.8717948717954 3957.435897435898 4373.333333333334 4583.076923076924 4237.435897435898 
4510.256410256411 4051.2820512820517 4413.846153846154 4517.948717948719 4489.743589743591 4720.512820512821 4336.923076923077 4357.948717948719 4736.923076923077 4052.307692307693 3956.9230769230776 4378.461538461539 4577.435897435898 4243.076923076924 
4513.846153846154 4053.333333333334 4408.205128205129 4514.358974358975 4493.333333333334 4727.6923076923085 4344.615384615385 4352.820512820514 4738.461538461539 4050.7692307692314 3949.2307692307695 4363.076923076924 4570.256410256411 4230.769230769231 
4515.8974358974365 4051.2820512820517 4403.076923076924 4512.820512820514 4497.948717948719 4733.333333333334 4351.282051282052 4354.358974358975 4737.435897435898 4052.307692307693 3943.589743589744 4352.820512820514 4568.205128205129 4223.589743589744 
4515.8974358974365 4052.820512820513 4398.974358974359 4515.384615384616 4496.410256410257 4732.820512820514 4348.205128205129 4355.384615384616 4737.948717948719 4051.7948717948725 3943.076923076924 4352.307692307693 4570.769230769231 4226.666666666667 
4512.307692307693 4052.307692307693 4405.128205128206 4514.871794871796 4494.871794871796 4729.2307692307695 4345.641025641026 4361.025641025642 4739.48717948718 4052.307692307693 3944.1025641025644 4360.512820512821 4568.717948717949 4230.256410256411 
4515.8974358974365 4051.2820512820517 4397.435897435898 4507.179487179488 4498.974358974359 4733.846153846154 4350.769230769231 4352.820512820514 4740.512820512821 4053.333333333334 3948.717948717949 4352.307692307693 4572.307692307693 4224.102564102564 
4514.358974358975 4046.666666666667 4396.410256410257 4507.179487179488 4493.846153846154 4728.205128205129 4345.128205128206 4355.384615384616 4742.564102564103 4053.8461538461543 3956.410256410257 4356.923076923077 4580.000000000001 4226.666666666667 
4515.8974358974365 4045.6410256410263 4392.307692307693 4503.076923076924 4486.153846153847 4723.589743589744 4336.410256410257 4346.666666666667 4744.102564102564 4055.3846153846157 3959.48717948718 4353.333333333334 4586.666666666667 4222.051282051282 
4513.333333333334 4040.0000000000005 4402.051282051282 4499.48717948718 4480.512820512821 4715.8974358974365 4330.769230769231 4344.102564102564 4743.589743589744 4057.435897435898 3965.6410256410263 4360.512820512821 4590.769230769231 4221.025641025642 
4516.923076923077 4041.0256410256416 4394.871794871796 4493.846153846154 4477.435897435898 4714.358974358975 4330.769230769231 4337.948717948719 4743.076923076924 4059.48717948718 3971.2820512820517 4358.974358974359 4598.461538461539 4222.051282051282 
4517.435897435898 4037.435897435898 4392.820512820514 4497.435897435898 4475.8974358974365 4711.282051282052 4326.153846153847 4344.102564102564 4745.641025641026 4057.9487179487182 3972.820512820513 4360.512820512821 4601.538461538462 4224.615384615385 
4522.564102564103 4038.461538461539 4387.6923076923085 4495.384615384616 4477.948717948719 4713.333333333334 4325.128205128206 4338.974358974359 4746.666666666667 4057.9487179487182 3972.307692307693 4355.384615384616 4608.717948717949 4222.564102564103 
4522.564102564103 4037.435897435898 4392.307692307693 4492.307692307693 4474.871794871796 4706.666666666667 4324.615384615385 4337.435897435898 4747.179487179488 4061.538461538462 3976.410256410257 4365.128205128206 4613.846153846154 4225.641025641026 
4526.153846153847 4037.9487179487182 4388.205128205129 4489.2307692307695 4472.820512820514 4704.102564102564 4322.564102564103 4334.358974358975 4748.717948717949 4063.589743589744 3981.0256410256416 4365.128205128206 4613.846153846154 4225.128205128206 
4524.102564102564 4036.410256410257 4391.282051282052 4490.769230769231 4472.820512820514 4703.076923076924 4318.974358974359 4336.923076923077 4747.179487179488 4060.5128205128212 3984.615384615385 4363.076923076924 4615.8974358974365 4225.128205128206 
4523.076923076924 4036.410256410257 4391.794871794872 4489.2307692307695 4469.743589743591 4703.589743589744 4317.948717948719 4333.333333333334 4745.128205128206 4059.48717948718 3985.1282051282055 4363.589743589744 4623.589743589744 4222.564102564103 
4523.589743589744 4035.3846153846157 4389.2307692307695 4485.641025641026 4465.128205128206 4698.461538461539 4315.384615384616 4327.179487179487 4747.179487179488 4063.589743589744 3988.717948717949 4370.769230769231 4626.666666666667 4220.000000000001 
4522.564102564103 4029.7435897435903 4390.256410256411 4481.538461538462 4463.589743589744 4692.307692307693 4309.2307692307695 4327.6923076923085 4750.769230769231 4065.6410256410263 3996.9230769230776 4371.794871794872 4626.153846153847 4216.410256410257 
4520.512820512821 4022.0512820512827 4389.743589743591 4476.410256410257 4459.48717948718 4690.769230769231 4305.641025641026 4325.128205128206 4752.820512820514 4065.1282051282055 4002.564102564103 4363.589743589744 4629.743589743591 4208.205128205129 
4517.435897435898 4014.8717948717954 4389.2307692307695 4470.256410256411 4450.769230769231 4685.128205128206 4303.076923076924 4322.051282051282 4757.948717948719 4065.6410256410263 4008.717948717949 4364.615384615385 4635.384615384616 4199.48717948718 
4517.948717948719 4015.3846153846157 4387.179487179487 4464.615384615385 4448.717948717949 4681.025641025642 4301.025641025642 4311.794871794872 4762.051282051282 4068.717948717949 4015.8974358974365 4365.641025641026 4638.974358974359 4193.333333333334 
4513.846153846154 4008.205128205129 4399.48717948718 4464.102564102564 4445.641025641026 4674.358974358975 4293.846153846154 4310.256410256411 4761.025641025642 4071.2820512820517 4022.564102564103 4374.871794871796 4636.923076923077 4191.794871794872 
4510.769230769231 4001.0256410256416 4405.128205128206 4461.538461538462 4442.564102564103 4671.794871794872 4291.794871794872 4301.025641025642 4757.948717948719 4071.2820512820517 4027.1794871794878 4378.461538461539 4637.435897435898 4187.6923076923085 
4507.179487179488 3996.410256410257 4416.923076923077 4465.128205128206 4441.025641025642 4664.615384615386 4291.794871794872 4305.128205128206 4756.410256410257 4070.7692307692314 4034.358974358975 4393.846153846154 4637.435897435898 4191.282051282052 
4508.717948717949 3998.9743589743593 4416.410256410257 4466.666666666667 4443.076923076924 4667.179487179488 4293.846153846154 4299.48717948718 4754.358974358975 4070.7692307692314 4037.435897435898 4394.358974358975 4635.384615384616 4187.6923076923085 
4502.564102564103 3995.8974358974365 4425.641025641026 4470.769230769231 4439.48717948718 4668.717948717949 4292.820512820514 4302.564102564103 4751.794871794872 4068.717948717949 4038.9743589743593 4403.076923076924 4630.769230769231 4190.769230769231 
4504.615384615385 3995.8974358974365 4425.641025641026 4468.717948717949 4439.48717948718 4672.307692307693 4295.384615384616 4298.461538461539 4750.256410256411 4069.23076923077 4040.0000000000005 4401.538461538462 4632.307692307693 4190.256410256411 
4505.641025641026 3992.820512820513 4429.743589743591 4471.794871794872 4440.000000000001 4666.666666666667 4293.846153846154 4301.538461538462 4752.307692307693 4071.7948717948725 4042.564102564103 4408.717948717949 4633.846153846154 4190.769230769231 
4504.102564102564 3995.8974358974365 4425.641025641026 4473.333333333334 4440.512820512821 4665.128205128206 4293.846153846154 4296.923076923077 4754.358974358975 4068.205128205129 4043.589743589744 4409.743589743591 4630.769230769231 4187.6923076923085 
4497.435897435898 3994.8717948717954 4432.307692307693 4474.871794871796 4437.948717948719 4665.641025641026 4293.333333333334 4297.948717948719 4753.846153846154 4064.615384615385 4046.1538461538466 4413.333333333334 4626.153846153847 4187.179487179487 
4502.564102564103 3992.307692307693 4429.2307692307695 4470.256410256411 4439.48717948718 4669.743589743591 4296.410256410257 4292.820512820514 4751.794871794872 4068.717948717949 4044.1025641025644 4408.205128205129 4630.769230769231 4183.589743589744 
4503.589743589744 3987.692307692308 4427.179487179487 4467.179487179487 4439.48717948718 4667.179487179488 4295.8974358974365 4289.2307692307695 4752.820512820514 4070.2564102564106 4045.1282051282055 4407.179487179487 4635.384615384616 4181.025641025642 
4500.000000000001 3985.6410256410263 4426.153846153847 4465.128205128206 4434.871794871796 4663.076923076924 4291.794871794872 4288.205128205129 4757.948717948719 4069.23076923077 4049.23076923077 4406.666666666667 4635.8974358974365 4175.384615384616 
4500.512820512821 3988.205128205129 4426.153846153847 4465.641025641026 4433.846153846154 4662.564102564103 4291.282051282052 4287.179487179487 4758.461538461539 4071.2820512820517 4050.2564102564106 4405.641025641026 4634.358974358975 4169.2307692307695 
4504.102564102564 3988.717948717949 4427.6923076923085 4468.717948717949 4434.358974358975 4663.589743589744 4292.307692307693 4287.6923076923085 4756.410256410257 4073.8461538461543 4049.23076923077 4409.2307692307695 4632.820512820514 4168.205128205129 
4503.076923076924 3986.666666666667 4427.179487179487 4469.743589743591 4435.8974358974365 4664.102564102564 4294.358974358975 4286.153846153847 4755.384615384616 4071.2820512820517 4046.1538461538466 4407.6923076923085 4630.256410256411 4168.717948717949 
4496.923076923077 3988.717948717949 4438.461538461539 4476.923076923077 4440.512820512821 4667.179487179488 4300.512820512821 4294.871794871796 4752.820512820514 4066.1538461538466 4038.9743589743593 4412.820512820514 4619.48717948718 4178.461538461539 
4497.948717948719 4002.0512820512827 4442.564102564103 4487.179487179488 4451.282051282052 4681.538461538462 4314.358974358975 4296.923076923077 4747.6923076923085 4062.0512820512827 4025.1282051282055 4414.871794871796 4606.666666666667 4186.666666666667 
4494.358974358975 4006.666666666667 4447.179487179487 4500.000000000001 4457.435897435898 4687.6923076923085 4319.48717948718 4305.641025641026 4741.538461538462 4058.9743589743593 4018.9743589743593 4422.051282051282 4595.8974358974365 4193.333333333334 
4493.846153846154 4012.820512820513 4446.153846153847 4503.589743589744 4464.102564102564 4693.333333333334 4326.153846153847 4306.153846153847 4733.846153846154 4056.9230769230776 4014.358974358975 4417.948717948719 4590.769230769231 4196.923076923077 
4492.307692307693 4021.0256410256416 4458.974358974359 4514.358974358975 4473.333333333334 4701.025641025642 4336.410256410257 4318.461538461539 4729.2307692307695 4050.7692307692314 4002.564102564103 4429.743589743591 4580.512820512821 4215.8974358974365 
4495.8974358974365 4034.358974358975 4457.435897435898 4527.179487179488 4483.589743589744 4716.923076923077 4347.179487179487 4325.641025641026 4726.153846153847 4046.1538461538466 3985.6410256410263 4432.307692307693 4569.2307692307695 4232.820512820514 
4493.846153846154 4041.538461538462 4462.564102564103 4539.48717948718 4493.846153846154 4720.000000000001 4349.2307692307695 4340.512820512821 4721.538461538462 4047.1794871794878 3975.8974358974365 4436.923076923077 4560.512820512821 4243.076923076924 
4497.948717948719 4050.7692307692314 4457.435897435898 4538.461538461539 4502.564102564103 4726.153846153847 4354.358974358975 4340.512820512821 4716.410256410257 4045.6410256410263 3967.692307692308 4427.179487179487 4556.923076923077 4245.641025641026 
4500.512820512821 4055.3846153846157 4455.8974358974365 4543.076923076924 4502.564102564103 4732.307692307693 4360.000000000001 4347.179487179487 4713.846153846154 4041.538461538462 3957.9487179487182 4427.179487179487 4549.743589743591 4257.435897435898 
4504.615384615385 4063.076923076924 4449.743589743591 4550.256410256411 4505.641025641026 4737.948717948719 4363.076923076924 4349.743589743591 4713.846153846154 4041.0256410256416 3948.205128205129 4419.48717948718 4546.153846153847 4264.102564102564 
4503.589743589744 4069.23076923077 4453.846153846154 4558.461538461539 4514.871794871796 4741.025641025642 4365.128205128206 4356.410256410257 4712.307692307693 4038.9743589743593 3940.0000000000005 4419.48717948718 4542.564102564103 4269.2307692307695 
4504.102564102564 4078.9743589743593 4451.794871794872 4564.102564102564 4520.512820512821 4750.769230769231 4373.846153846154 4365.128205128206 4706.666666666667 4033.8461538461543 3928.717948717949 4418.461538461539 4536.923076923077 4279.48717948718 
4504.615384615385 4087.692307692308 4452.307692307693 4573.333333333334 4525.641025641026 4762.564102564103 4382.051282051282 4378.461538461539 4703.589743589744 4031.7948717948725 3913.333333333334 4419.48717948718 4525.128205128206 4292.820512820514 
4506.153846153847 4094.8717948717954 4453.333333333334 4582.564102564103 4536.923076923077 4772.307692307693 4386.666666666667 4386.153846153847 4700.512820512821 4031.2820512820517 3899.48717948718 4416.410256410257 4516.410256410257 4301.538461538462 
4510.256410256411 4100.512820512821 4445.641025641026 4585.128205128206 4543.589743589744 4777.948717948719 4390.769230769231 4386.666666666667 4695.8974358974365 4028.717948717949 3891.7948717948725 4407.179487179487 4512.307692307693 4306.153846153847 
4513.333333333334 4103.076923076924 4438.461538461539 4584.102564102564 4543.589743589744 4778.974358974359 4393.333333333334 4394.871794871796 4697.435897435898 4026.666666666667 3888.717948717949 4403.589743589744 4512.820512820514 4309.2307692307695 
4515.8974358974365 4107.6923076923085 4435.8974358974365 4587.179487179488 4548.205128205129 4785.128205128206 4394.871794871796 4398.461538461539 4696.923076923077 4026.666666666667 3880.512820512821 4399.48717948718 4512.307692307693 4310.256410256411 
4515.384615384616 4105.641025641026 4432.307692307693 4582.564102564103 4550.256410256411 4784.102564102564 4390.256410256411 4402.564102564103 4698.974358974359 4028.717948717949 3877.435897435898 4392.307692307693 4514.358974358975 4311.282051282052 
4524.615384615385 4091.7948717948725 4398.974358974359 4548.717948717949 4534.871794871796 4772.820512820514 4378.974358974359 4381.025641025642 4716.410256410257 4036.410256410257 3889.2307692307695 4355.384615384616 4537.948717948719 4281.538461538462 
4530.769230769231 4069.23076923077 4380.512820512821 4520.000000000001 4510.769230769231 4751.282051282052 4360.000000000001 4365.641025641026 4733.333333333334 4045.6410256410263 3911.7948717948725 4337.435897435898 4567.179487179488 4248.717948717949 
4530.769230769231 4062.564102564103 4376.923076923077 4512.820512820514 4504.102564102564 4741.025641025642 4350.256410256411 4357.948717948719 4734.358974358975 4047.1794871794878 3925.1282051282055 4335.8974358974365 4579.48717948718 4238.461538461539 
4521.538461538462 4058.461538461539 4386.666666666667 4514.871794871796 4500.000000000001 4733.333333333334 4345.128205128206 4360.512820512821 4735.384615384616 4047.692307692308 3934.8717948717954 4346.666666666667 4575.8974358974365 4240.000000000001 
4525.641025641026 4055.8974358974365 4380.512820512821 4504.615384615385 4489.743589743591 4732.820512820514 4342.051282051282 4345.128205128206 4740.000000000001 4053.8461538461543 3943.076923076924 4340.000000000001 4582.564102564103 4227.179487179487 
4525.641025641026 4048.205128205129 4388.717948717949 4503.076923076924 4483.589743589744 4726.153846153847 4337.435897435898 4348.717948717949 4743.589743589744 4055.8974358974365 3948.717948717949 4347.6923076923085 4589.743589743591 4225.641025641026 
4524.102564102564 4049.23076923077 4391.282051282052 4506.153846153847 4491.794871794872 4725.641025641026 4338.974358974359 4352.820512820514 4743.076923076924 4053.333333333334 3950.2564102564106 4349.743589743591 4588.205128205129 4231.282051282052 
4519.48717948718 4050.2564102564106 4399.48717948718 4510.256410256411 4493.333333333334 4724.615384615386 4339.48717948718 4352.820512820514 4738.461538461539 4052.307692307693 3953.333333333334 4358.461538461539 4582.564102564103 4235.384615384616 
4518.974358974359 4052.307692307693 4398.974358974359 4507.6923076923085 4490.256410256411 4728.205128205129 4340.512820512821 4347.179487179487 4735.8974358974365 4052.820512820513 3953.8461538461543 4362.564102564103 4582.564102564103 4235.8974358974365 
4517.948717948719 4050.7692307692314 4403.589743589744 4511.794871794872 4491.282051282052 4728.717948717949 4342.564102564103 4353.333333333334 4736.410256410257 4051.2820512820517 3951.2820512820517 4366.153846153847 4581.538461538462 4238.461538461539 
4519.48717948718 4054.358974358975 4406.153846153847 4515.384615384616 4492.820512820514 4729.2307692307695 4345.641025641026 4355.384615384616 4735.384615384616 4050.7692307692314 3950.7692307692314 4365.641025641026 4581.538461538462 4241.025641025642 
4516.923076923077 4054.8717948717954 4409.2307692307695 4515.8974358974365 4491.282051282052 4728.205128205129 4343.076923076924 4352.307692307693 4732.820512820514 4051.7948717948725 3952.307692307693 4371.282051282052 4581.538461538462 4243.076923076924 
4515.384615384616 4050.7692307692314 4408.717948717949 4516.410256410257 4490.769230769231 4727.6923076923085 4339.48717948718 4352.307692307693 4734.358974358975 4052.820512820513 3953.333333333334 4373.333333333334 4581.538461538462 4241.025641025642 
4519.48717948718 4050.7692307692314 4405.641025641026 4515.384615384616 4492.820512820514 4728.717948717949 4342.051282051282 4351.282051282052 4733.846153846154 4051.2820512820517 3951.7948717948725 4368.205128205129 4581.538461538462 4237.948717948719 
4519.48717948718 4049.7435897435903 4408.717948717949 4514.358974358975 4491.282051282052 4725.641025641026 4342.564102564103 4351.794871794872 4733.846153846154 4050.7692307692314 3953.333333333334 4371.282051282052 4580.000000000001 4241.538461538462 
4518.974358974359 4048.717948717949 4406.153846153847 4513.333333333334 4491.794871794872 4727.179487179488 4342.051282051282 4346.153846153847 4734.358974358975 4052.820512820513 3956.9230769230776 4368.205128205129 4578.461538461539 4237.948717948719 
4516.923076923077 4047.1794871794878 4410.256410256411 4513.846153846154 4490.769230769231 4723.076923076924 4337.948717948719 4351.282051282052 4735.8974358974365 4051.7948717948725 3958.9743589743593 4371.794871794872 4578.974358974359 4234.871794871796 
4516.410256410257 4049.23076923077 4405.128205128206 4511.282051282052 4488.717948717949 4722.564102564103 4336.923076923077 4344.615384615385 4736.923076923077 4050.7692307692314 3958.461538461539 4366.153846153847 4583.076923076924 4232.820512820514 
4512.307692307693 4045.6410256410263 4409.2307692307695 4512.820512820514 4489.2307692307695 4721.538461538462 4337.948717948719 4347.179487179487 4735.8974358974365 4053.333333333334 3958.9743589743593 4371.282051282052 4582.051282051282 4238.461538461539 
4516.923076923077 4050.2564102564106 4408.717948717949 4513.333333333334 4495.8974358974365 4726.153846153847 4343.589743589744 4347.179487179487 4732.307692307693 4054.358974358975 3955.3846153846157 4370.769230769231 4577.435897435898 4239.48717948718 
4514.358974358975 4056.9230769230776 4422.564102564103 4525.128205128206 4500.000000000001 4728.205128205129 4345.128205128206 4361.538461538462 4728.205128205129 4047.692307692308 3949.7435897435903 4383.589743589744 4569.743589743591 4251.794871794872 
4514.871794871796 4069.23076923077 4426.153846153847 4536.410256410257 4507.179487179488 4741.538461538462 4352.820512820514 4363.589743589744 4723.589743589744 4041.0256410256416 3940.0000000000005 4385.128205128206 4564.615384615385 4266.153846153847 
4512.820512820514 4074.358974358975 4432.820512820514 4547.6923076923085 4513.846153846154 4747.6923076923085 4363.076923076924 4372.307692307693 4720.000000000001 4040.0000000000005 3932.820512820513 4394.358974358975 4554.871794871796 4277.948717948719 
4515.8974358974365 4078.461538461539 4423.589743589744 4550.256410256411 4517.435897435898 4751.282051282052 4366.666666666667 4375.8974358974365 4717.948717948719 4041.538461538462 3926.1538461538466 4389.2307692307695 4551.794871794872 4278.461538461539 
4516.410256410257 4079.48717948718 4422.051282051282 4550.769230769231 4518.461538461539 4751.794871794872 4364.102564102564 4380.000000000001 4717.948717948719 4040.0000000000005 3921.0256410256416 4384.615384615385 4550.256410256411 4280.512820512821 
4519.48717948718 4085.6410256410263 4416.410256410257 4546.666666666667 4519.48717948718 4756.410256410257 4365.641025641026 4376.410256410257 4718.461538461539 4039.48717948718 3918.461538461539 4377.435897435898 4548.717948717949 4279.48717948718 
4520.000000000001 4084.615384615385 4412.307692307693 4546.666666666667 4519.48717948718 4755.8974358974365 4366.153846153847 4376.923076923077 4719.48717948718 4042.564102564103 3918.461538461539 4377.435897435898 4547.179487179488 4280.000000000001 
4521.025641025642 4084.1025641025644 4411.794871794872 4547.179487179488 4523.589743589744 4757.435897435898 4367.179487179487 4381.538461538462 4719.48717948718 4042.564102564103 3914.8717948717954 4375.8974358974365 4548.205128205129 4284.102564102564 
4520.512820512821 4089.7435897435903 4415.8974358974365 4549.743589743591 4526.153846153847 4760.512820512821 4368.717948717949 4384.615384615385 4716.923076923077 4039.48717948718 3906.666666666667 4372.820512820514 4545.641025641026 4289.74358974359 
4521.538461538462 4093.333333333334 4415.8974358974365 4552.820512820514 4524.615384615385 4763.076923076924 4370.256410256411 4388.205128205129 4715.384615384616 4037.435897435898 3905.1282051282055 4372.307692307693 4543.076923076924 4291.794871794872 
4525.128205128206 4090.2564102564106 4406.666666666667 4547.179487179488 4526.153846153847 4766.153846153847 4367.179487179487 4384.102564102564 4717.435897435898 4038.461538461539 3907.1794871794878 4362.564102564103 4546.666666666667 4285.128205128206 
4523.076923076924 4083.076923076924 4403.589743589744 4538.974358974359 4523.589743589744 4758.974358974359 4360.512820512821 4383.589743589744 4722.564102564103 4042.0512820512827 3910.2564102564106 4357.435897435898 4551.282051282052 4275.8974358974365 
4525.641025641026 4080.0000000000005 4393.333333333334 4529.2307692307695 4513.333333333334 4752.307692307693 4357.435897435898 4374.871794871796 4728.717948717949 4046.1538461538466 3916.410256410257 4345.641025641026 4561.538461538462 4261.538461538462 
4526.666666666667 4071.2820512820517 4389.743589743591 4524.615384615385 4504.102564102564 4744.102564102564 4351.282051282052 4372.307692307693 4735.384615384616 4049.7435897435903 3925.1282051282055 4344.615384615385 4569.2307692307695 4254.871794871796 
4529.743589743591 4067.1794871794878 4383.076923076924 4517.435897435898 4504.102564102564 4743.076923076924 4348.205128205129 4366.153846153847 4737.948717948719 4051.2820512820517 3928.717948717949 4341.025641025642 4575.384615384616 4247.179487179487 
4526.666666666667 4062.564102564103 4389.743589743591 4514.871794871796 4499.48717948718 4737.948717948719 4346.153846153847 4369.743589743591 4736.923076923077 4049.23076923077 3932.820512820513 4346.666666666667 4576.923076923077 4247.179487179487 
4527.179487179488 4062.564102564103 4387.179487179487 4509.743589743591 4497.435897435898 4737.435897435898 4345.641025641026 4358.974358974359 4735.8974358974365 4048.717948717949 3938.461538461539 4340.000000000001 4580.000000000001 4243.589743589744 
4521.538461538462 4057.435897435898 4394.358974358975 4511.282051282052 4497.948717948719 4731.794871794872 4340.000000000001 4361.538461538462 4738.461538461539 4050.7692307692314 3943.589743589744 4347.6923076923085 4581.025641025642 4245.641025641026 
4522.051282051282 4056.9230769230776 4393.846153846154 4509.743589743591 4500.000000000001 4734.358974358975 4340.000000000001 4360.512820512821 4738.974358974359 4052.307692307693 3943.076923076924 4348.717948717949 4582.051282051282 4245.128205128206 
4521.025641025642 4052.820512820513 4397.948717948719 4509.2307692307695 4494.871794871796 4732.307692307693 4338.461538461539 4358.461538461539 4737.435897435898 4050.7692307692314 3947.1794871794878 4353.333333333334 4582.564102564103 4243.589743589744 
4521.538461538462 4048.717948717949 4390.769230769231 4501.538461538462 4490.769230769231 4727.6923076923085 4335.8974358974365 4349.743589743591 4740.512820512821 4052.307692307693 3952.820512820513 4347.6923076923085 4588.717948717949 4236.410256410257 
4520.000000000001 4041.538461538462 4390.769230769231 4497.435897435898 4485.641025641026 4721.025641025642 4331.282051282052 4350.256410256411 4746.153846153847 4055.3846153846157 3957.9487179487182 4349.2307692307695 4592.820512820514 4231.794871794872 
4523.076923076924 4038.9743589743593 4390.769230769231 4495.384615384616 4482.564102564103 4717.435897435898 4327.179487179487 4346.666666666667 4747.6923076923085 4057.9487179487182 3964.1025641025644 4349.2307692307695 4596.410256410257 4226.666666666667 
4523.589743589744 4037.9487179487182 4393.846153846154 4494.871794871796 4480.000000000001 4711.794871794872 4324.615384615385 4343.076923076924 4747.179487179488 4057.435897435898 3969.2307692307695 4354.358974358975 4599.48717948718 4224.615384615385 
4520.512820512821 4036.410256410257 4396.410256410257 4492.820512820514 4476.410256410257 4711.282051282052 4323.076923076924 4343.076923076924 4746.666666666667 4057.435897435898 3971.2820512820517 4356.410256410257 4601.025641025642 4224.102564102564 
4517.435897435898 4036.410256410257 4402.051282051282 4495.8974358974365 4475.8974358974365 4712.307692307693 4322.564102564103 4342.564102564103 4745.128205128206 4058.9743589743593 3974.358974358975 4356.923076923077 4596.923076923077 4223.076923076924 
4516.923076923077 4036.9230769230776 4412.307692307693 4502.564102564103 4478.461538461539 4708.205128205129 4324.102564102564 4348.205128205129 4743.076923076924 4057.9487179487182 3978.461538461539 4368.205128205129 4593.333333333334 4230.256410256411 
4518.461538461539 4041.0256410256416 4412.307692307693 4505.128205128206 4483.076923076924 4710.769230769231 4325.128205128206 4347.179487179487 4741.025641025642 4055.8974358974365 3974.358974358975 4373.846153846154 4594.358974358975 4240.000000000001 
4517.435897435898 4042.564102564103 4414.358974358975 4507.6923076923085 4483.076923076924 4715.384615384616 4327.179487179487 4350.769230769231 4740.512820512821 4053.8461538461543 3971.2820512820517 4378.461538461539 4592.820512820514 4242.051282051282 
4519.48717948718 4047.1794871794878 4407.179487179487 4507.6923076923085 4485.128205128206 4719.48717948718 4333.846153846154 4347.6923076923085 4737.948717948719 4053.8461538461543 3970.2564102564106 4369.743589743591 4590.769230769231 4234.871794871796 
4515.384615384616 4046.666666666667 4411.282051282052 4512.307692307693 4486.666666666667 4717.948717948719 4336.923076923077 4353.846153846154 4736.923076923077 4055.8974358974365 3967.1794871794878 4375.384615384616 4587.6923076923085 4240.512820512821 
4516.410256410257 4048.717948717949 4408.205128205129 4510.256410256411 4489.743589743591 4722.564102564103 4337.435897435898 4349.2307692307695 4737.948717948719 4055.8974358974365 3962.564102564103 4369.743589743591 4587.179487179488 4241.538461538462 
4517.435897435898 4045.6410256410263 4414.358974358975 4510.769230769231 4488.717948717949 4723.589743589744 4334.871794871796 4352.820512820514 4736.923076923077 4052.307692307693 3965.1282051282055 4372.820512820514 4584.102564102564 4240.512820512821 
4521.538461538462 4046.1538461538466 4408.205128205129 4509.2307692307695 4488.205128205129 4723.589743589744 4336.923076923077 4345.641025641026 4735.384615384616 4051.7948717948725 3963.589743589744 4370.256410256411 4584.615384615385 4236.923076923077 
4513.846153846154 4046.1538461538466 4410.769230769231 4511.794871794872 4488.205128205129 4718.461538461539 4337.435897435898 4348.205128205129 4738.461538461539 4051.7948717948725 3964.615384615385 4377.435897435898 4584.102564102564 4240.512820512821 
4512.307692307693 4050.2564102564106 4407.6923076923085 4510.769230769231 4492.307692307693 4723.589743589744 4339.48717948718 4351.282051282052 4736.410256410257 4050.2564102564106 3963.589743589744 4371.282051282052 4581.538461538462 4240.512820512821 
4515.384615384616 4052.307692307693 4415.384615384616 4516.923076923077 4493.846153846154 4726.153846153847 4340.512820512821 4360.512820512821 4728.717948717949 4048.205128205129 3957.435897435898 4374.358974358975 4577.435897435898 4247.179487179487 
4518.461538461539 4057.9487179487182 4415.8974358974365 4522.051282051282 4497.435897435898 4730.256410256411 4345.128205128206 4359.48717948718 4728.717948717949 4048.717948717949 3949.7435897435903 4375.8974358974365 4576.410256410257 4253.333333333334 
4514.871794871796 4058.9743589743593 4418.461538461539 4527.179487179488 4501.025641025642 4733.333333333334 4348.717948717949 4360.512820512821 4730.769230769231 4048.205128205129 3947.692307692308 4380.000000000001 4571.282051282052 4260.000000000001 
4517.435897435898 4061.538461538462 4417.435897435898 4529.2307692307695 4503.076923076924 4738.974358974359 4349.743589743591 4363.589743589744 4726.666666666667 4045.6410256410263 3943.589743589744 4378.974358974359 4566.153846153847 4265.128205128206 
4517.948717948719 4065.1282051282055 4416.410256410257 4531.282051282052 4505.128205128206 4740.512820512821 4349.743589743591 4365.641025641026 4724.615384615386 4043.589743589744 3938.461538461539 4375.384615384616 4565.128205128206 4266.666666666667 
