4513.846153846154 4057.9487179487182 4401.538461538462 4512.307692307693 4493.333333333334 4727.6923076923085 4340.000000000001 4362.051282051282 4738.461538461539 4053.8461538461543 3951.7948717948725 4337.948717948719 4582.051282051282 4273.846153846154 
4518.974358974359 4057.435897435898 4396.923076923077 4510.769230769231 4496.923076923077 4730.769230769231 4340.000000000001 4360.000000000001 4734.871794871796 4051.7948717948725 3949.7435897435903 4333.846153846154 4584.102564102564 4272.307692307693 
4514.871794871796 4054.8717948717954 4403.589743589744 4515.384615384616 4493.846153846154 4726.153846153847 4337.435897435898 4363.589743589744 4734.358974358975 4048.717948717949 3948.717948717949 4341.025641025642 4584.615384615385 4277.435897435898 
4514.358974358975 4056.410256410257 4397.435897435898 4514.871794871796 4495.8974358974365 4731.794871794872 4347.179487179487 4358.974358974359 4736.410256410257 4049.23076923077 3943.076923076924 4331.282051282052 4581.538461538462 4270.769230769231 
4514.871794871796 4055.8974358974365 4388.205128205129 4512.820512820514 4503.076923076924 4741.025641025642 4358.974358974359 4356.923076923077 4733.333333333334 4050.7692307692314 3937.9487179487182 4316.410256410257 4572.820512820514 4256.410256410257 
4516.410256410257 4056.9230769230776 4389.743589743591 4511.282051282052 4502.564102564103 4741.538461538462 4356.410256410257 4359.48717948718 4731.794871794872 4052.820512820513 3936.9230769230776 4314.871794871796 4571.282051282052 4256.410256410257 
4516.923076923077 4057.435897435898 4398.974358974359 4514.358974358975 4494.871794871796 4731.794871794872 4344.102564102564 4362.051282051282 4734.871794871796 4052.820512820513 3942.0512820512827 4327.6923076923085 4578.461538461539 4271.794871794872 
4516.410256410257 4056.410256410257 4404.102564102564 4514.358974358975 4494.871794871796 4729.2307692307695 4339.48717948718 4363.589743589744 4735.384615384616 4051.7948717948725 3946.666666666667 4334.358974358975 4580.512820512821 4280.000000000001 
4516.410256410257 4058.461538461539 4404.102564102564 4511.794871794872 4496.410256410257 4730.769230769231 4338.461538461539 4362.564102564103 4733.846153846154 4052.820512820513 3945.6410256410263 4334.358974358975 4581.025641025642 4278.974358974359 
4514.871794871796 4058.461538461539 4409.2307692307695 4517.948717948719 4491.794871794872 4725.641025641026 4331.794871794872 4369.2307692307695 4735.8974358974365 4053.333333333334 3947.1794871794878 4347.179487179487 4583.076923076924 4284.615384615385 
4518.461538461539 4060.5128205128212 4401.025641025642 4518.974358974359 4491.282051282052 4724.615384615386 4332.307692307693 4365.128205128206 4736.410256410257 4051.2820512820517 3948.205128205129 4342.564102564103 4586.153846153847 4283.076923076924 
4515.8974358974365 4057.9487179487182 4402.564102564103 4517.948717948719 4493.846153846154 4724.102564102564 4337.435897435898 4365.128205128206 4734.358974358975 4050.7692307692314 3947.692307692308 4340.512820512821 4584.102564102564 4283.076923076924 
4516.923076923077 4058.9743589743593 4401.538461538462 4514.871794871796 4494.871794871796 4728.717948717949 4340.000000000001 4360.512820512821 4734.358974358975 4052.307692307693 3945.6410256410263 4337.435897435898 4584.615384615385 4282.564102564103 
4513.846153846154 4057.9487179487182 4408.205128205129 4518.974358974359 4492.820512820514 4724.102564102564 4332.307692307693 4369.2307692307695 4735.384615384616 4051.2820512820517 3948.717948717949 4346.666666666667 4585.128205128206 4289.2307692307695 
4516.410256410257 4060.0000000000005 4397.948717948719 4517.435897435898 4494.358974358975 4727.179487179488 4337.435897435898 4362.564102564103 4735.8974358974365 4050.2564102564106 3946.666666666667 4336.923076923077 4584.102564102564 4282.564102564103 
4517.435897435898 4056.9230769230776 4398.974358974359 4517.435897435898 4496.410256410257 4730.256410256411 4345.641025641026 4363.589743589744 4734.871794871796 4050.2564102564106 3941.0256410256416 4333.333333333334 4576.923076923077 4275.8974358974365 
4519.48717948718 4058.461538461539 4396.923076923077 4514.871794871796 4500.512820512821 4734.871794871796 4344.102564102564 4362.051282051282 4734.358974358975 4052.307692307693 3939.48717948718 4327.6923076923085 4577.435897435898 4274.358974358975 
4515.384615384616 4057.9487179487182 4400.512820512821 4516.923076923077 4497.948717948719 4731.794871794872 4338.461538461539 4365.641025641026 4734.871794871796 4054.358974358975 3943.589743589744 4333.333333333334 4582.051282051282 4278.461538461539 
4519.48717948718 4060.0000000000005 4395.384615384616 4514.871794871796 4494.871794871796 4731.794871794872 4342.051282051282 4361.025641025642 4735.384615384616 4052.820512820513 3945.1282051282055 4330.769230769231 4583.589743589744 4275.384615384616 
4518.974358974359 4056.9230769230776 4397.435897435898 4513.846153846154 4494.358974358975 4730.769230769231 4342.564102564103 4361.025641025642 4734.871794871796 4049.7435897435903 3945.6410256410263 4331.794871794872 4580.000000000001 4274.871794871796 
4515.384615384616 4055.3846153846157 4397.948717948719 4513.333333333334 4497.435897435898 4729.743589743591 4340.000000000001 4361.025641025642 4735.8974358974365 4052.307692307693 3944.615384615385 4331.794871794872 4580.000000000001 4276.410256410257 
4515.384615384616 4057.435897435898 4400.000000000001 4513.846153846154 4497.948717948719 4727.6923076923085 4341.025641025642 4363.076923076924 4737.435897435898 4052.820512820513 3941.538461538462 4332.820512820514 4581.025641025642 4276.410256410257 
4521.538461538462 4060.0000000000005 4399.48717948718 4512.307692307693 4496.923076923077 4727.179487179488 4338.974358974359 4363.076923076924 4735.384615384616 4051.2820512820517 3943.589743589744 4332.307692307693 4582.564102564103 4278.461538461539 
4521.025641025642 4056.9230769230776 4395.384615384616 4512.820512820514 4493.846153846154 4728.205128205129 4336.410256410257 4357.948717948719 4733.846153846154 4052.307692307693 3947.1794871794878 4328.717948717949 4583.076923076924 4277.948717948719 
4515.384615384616 4054.8717948717954 4394.871794871796 4512.307692307693 4491.282051282052 4727.179487179488 4337.435897435898 4359.48717948718 4735.8974358974365 4052.820512820513 3944.1025641025644 4332.307692307693 4583.076923076924 4275.384615384616 
4515.8974358974365 4059.48717948718 4392.820512820514 4509.743589743591 4494.871794871796 4729.2307692307695 4340.512820512821 4358.974358974359 4737.435897435898 4052.307692307693 3940.5128205128212 4328.717948717949 4583.076923076924 4271.794871794872 
4517.435897435898 4057.435897435898 4396.410256410257 4513.846153846154 4496.410256410257 4728.205128205129 4338.461538461539 4363.589743589744 4736.923076923077 4052.307692307693 3947.692307692308 4330.256410256411 4580.000000000001 4274.871794871796 
4520.512820512821 4055.3846153846157 4392.820512820514 4513.333333333334 4494.871794871796 4729.743589743591 4337.948717948719 4358.974358974359 4736.923076923077 4050.7692307692314 3949.7435897435903 4326.153846153847 4581.538461538462 4274.358974358975 
4515.384615384616 4054.358974358975 4397.435897435898 4512.307692307693 4494.871794871796 4726.666666666667 4337.435897435898 4362.051282051282 4738.461538461539 4050.2564102564106 3947.692307692308 4333.333333333334 4584.102564102564 4275.384615384616 
4517.435897435898 4056.9230769230776 4393.846153846154 4508.717948717949 4494.871794871796 4726.666666666667 4337.948717948719 4358.974358974359 4738.461538461539 4053.333333333334 3948.205128205129 4327.6923076923085 4586.153846153847 4271.794871794872 
4517.435897435898 4053.333333333334 4401.025641025642 4513.846153846154 4491.282051282052 4723.076923076924 4335.8974358974365 4364.102564102564 4738.974358974359 4054.8717948717954 3950.7692307692314 4332.820512820514 4583.076923076924 4275.8974358974365 
4518.461538461539 4055.8974358974365 4396.410256410257 4512.820512820514 4493.333333333334 4728.205128205129 4338.974358974359 4357.435897435898 4737.948717948719 4054.358974358975 3947.1794871794878 4329.743589743591 4584.615384615385 4275.384615384616 
4514.358974358975 4053.8461538461543 4400.512820512821 4512.307692307693 4491.282051282052 4726.666666666667 4339.48717948718 4362.564102564103 4736.923076923077 4053.333333333334 3947.692307692308 4335.384615384616 4585.128205128206 4274.871794871796 
4519.48717948718 4054.358974358975 4395.8974358974365 4508.717948717949 4491.794871794872 4725.641025641026 4338.461538461539 4361.538461538462 4736.410256410257 4053.333333333334 3949.7435897435903 4332.307692307693 4585.128205128206 4271.794871794872 
4519.48717948718 4053.8461538461543 4398.461538461539 4512.820512820514 4495.8974358974365 4724.102564102564 4335.8974358974365 4360.000000000001 4736.410256410257 4053.333333333334 3949.2307692307695 4332.820512820514 4583.076923076924 4274.358974358975 
4516.923076923077 4053.8461538461543 4397.948717948719 4511.794871794872 4493.333333333334 4727.6923076923085 4338.461538461539 4354.358974358975 4735.8974358974365 4053.333333333334 3948.205128205129 4327.6923076923085 4583.076923076924 4274.358974358975 
4514.358974358975 4052.307692307693 4402.564102564103 4510.256410256411 4487.179487179488 4726.666666666667 4338.974358974359 4360.000000000001 4735.384615384616 4054.358974358975 3949.2307692307695 4332.820512820514 4583.076923076924 4276.410256410257 
4516.923076923077 4054.8717948717954 4400.512820512821 4512.820512820514 4491.794871794872 4728.717948717949 4337.948717948719 4361.025641025642 4736.923076923077 4054.358974358975 3947.692307692308 4337.435897435898 4584.102564102564 4276.923076923077 
4517.948717948719 4054.8717948717954 4397.948717948719 4515.384615384616 4496.923076923077 4730.769230769231 4336.923076923077 4357.435897435898 4737.948717948719 4050.7692307692314 3946.1538461538466 4336.923076923077 4584.102564102564 4275.8974358974365 
4517.435897435898 4053.333333333334 4400.512820512821 4513.333333333334 4493.846153846154 4729.743589743591 4337.948717948719 4360.000000000001 4736.923076923077 4051.2820512820517 3946.1538461538466 4334.871794871796 4582.051282051282 4277.435897435898 
4518.461538461539 4056.9230769230776 4400.000000000001 4512.307692307693 4493.333333333334 4728.717948717949 4338.974358974359 4361.538461538462 4736.410256410257 4053.8461538461543 3946.666666666667 4331.794871794872 4582.051282051282 4278.461538461539 
4517.435897435898 4056.9230769230776 4401.025641025642 4514.358974358975 4494.871794871796 4725.641025641026 4338.461538461539 4365.128205128206 4737.948717948719 4052.307692307693 3947.692307692308 4334.358974358975 4582.051282051282 4278.974358974359 
4518.974358974359 4054.358974358975 4396.923076923077 4511.794871794872 4493.846153846154 4727.6923076923085 4340.512820512821 4358.974358974359 4736.410256410257 4051.2820512820517 3947.1794871794878 4330.769230769231 4584.102564102564 4273.333333333334 
4515.8974358974365 4053.333333333334 4402.051282051282 4514.871794871796 4493.333333333334 4728.205128205129 4339.48717948718 4362.051282051282 4733.846153846154 4052.307692307693 3947.1794871794878 4335.8974358974365 4583.076923076924 4275.8974358974365 
4515.384615384616 4057.9487179487182 4397.435897435898 4515.8974358974365 4496.923076923077 4730.769230769231 4340.512820512821 4360.512820512821 4733.846153846154 4052.820512820513 3946.1538461538466 4332.307692307693 4583.076923076924 4279.48717948718 
4513.333333333334 4056.9230769230776 4402.051282051282 4516.410256410257 4497.948717948719 4726.666666666667 4339.48717948718 4367.6923076923085 4733.846153846154 4051.2820512820517 3946.1538461538466 4336.923076923077 4583.589743589744 4282.051282051282 
4517.948717948719 4061.0256410256416 4400.000000000001 4512.307692307693 4497.948717948719 4730.769230769231 4342.051282051282 4360.000000000001 4732.820512820514 4052.820512820513 3944.1025641025644 4330.769230769231 4584.615384615385 4277.948717948719 
4517.948717948719 4058.9743589743593 4405.641025641026 4516.410256410257 4497.948717948719 4730.769230769231 4341.538461538462 4363.076923076924 4734.871794871796 4054.358974358975 3944.615384615385 4336.923076923077 4580.512820512821 4283.076923076924 
4520.000000000001 4060.0000000000005 4399.48717948718 4514.871794871796 4500.512820512821 4731.794871794872 4341.025641025642 4363.589743589744 4735.8974358974365 4051.2820512820517 3943.589743589744 4332.820512820514 4582.564102564103 4281.538461538462 
4518.974358974359 4059.48717948718 4402.051282051282 4516.410256410257 4498.461538461539 4728.205128205129 4339.48717948718 4370.256410256411 4734.871794871796 4048.717948717949 3942.564102564103 4335.8974358974365 4582.051282051282 4282.051282051282 
4520.512820512821 4062.0512820512827 4397.948717948719 4516.923076923077 4498.974358974359 4730.256410256411 4344.615384615385 4364.102564102564 4734.871794871796 4051.2820512820517 3942.564102564103 4330.256410256411 4578.461538461539 4280.512820512821 
4516.923076923077 4061.0256410256416 4398.974358974359 4520.000000000001 4501.025641025642 4731.794871794872 4345.641025641026 4364.615384615385 4734.358974358975 4052.307692307693 3942.564102564103 4333.333333333334 4576.923076923077 4283.589743589744 
4518.974358974359 4064.1025641025644 4394.871794871796 4517.435897435898 4503.076923076924 4733.846153846154 4342.051282051282 4366.153846153847 4733.846153846154 4051.2820512820517 3940.0000000000005 4332.307692307693 4581.025641025642 4285.128205128206 
4519.48717948718 4064.615384615385 4396.410256410257 4520.512820512821 4502.051282051282 4734.358974358975 4340.000000000001 4368.205128205129 4735.384615384616 4052.820512820513 3938.461538461539 4331.794871794872 4578.974358974359 4285.641025641026 
4520.000000000001 4063.589743589744 4398.461538461539 4522.564102564103 4503.076923076924 4735.384615384616 4343.076923076924 4367.6923076923085 4735.8974358974365 4053.333333333334 3938.461538461539 4329.743589743591 4575.8974358974365 4286.153846153847 
4520.512820512821 4064.1025641025644 4399.48717948718 4520.000000000001 4503.589743589744 4734.871794871796 4344.102564102564 4367.179487179487 4734.871794871796 4049.23076923077 3937.9487179487182 4329.2307692307695 4577.435897435898 4288.205128205129 
4520.512820512821 4064.1025641025644 4398.974358974359 4521.538461538462 4501.025641025642 4733.333333333334 4342.051282051282 4370.256410256411 4734.871794871796 4048.205128205129 3937.9487179487182 4332.820512820514 4578.974358974359 4288.717948717949 
4519.48717948718 4064.615384615385 4392.820512820514 4521.538461538462 4502.051282051282 4735.8974358974365 4343.589743589744 4368.717948717949 4734.358974358975 4050.2564102564106 3935.8974358974365 4328.717948717949 4577.948717948719 4284.615384615385 
4516.410256410257 4063.589743589744 4396.923076923077 4521.538461538462 4504.102564102564 4737.948717948719 4345.641025641026 4370.256410256411 4734.358974358975 4050.7692307692314 3936.410256410257 4330.256410256411 4572.820512820514 4288.205128205129 
4521.025641025642 4067.1794871794878 4395.8974358974365 4521.025641025642 4505.128205128206 4740.512820512821 4346.153846153847 4366.153846153847 4733.846153846154 4049.7435897435903 3936.410256410257 4327.179487179487 4572.820512820514 4289.74358974359 
4520.512820512821 4067.1794871794878 4397.948717948719 4523.589743589744 4500.512820512821 4737.435897435898 4342.564102564103 4372.820512820514 4733.846153846154 4048.205128205129 3935.8974358974365 4331.282051282052 4572.307692307693 4288.717948717949 
4518.974358974359 4068.205128205129 4393.846153846154 4520.512820512821 4502.564102564103 4740.000000000001 4347.6923076923085 4371.282051282052 4734.358974358975 4046.666666666667 3932.307692307693 4324.615384615385 4574.871794871796 4285.641025641026 
4515.384615384616 4067.1794871794878 4398.974358974359 4520.512820512821 4505.128205128206 4738.461538461539 4350.256410256411 4374.358974358975 4734.871794871796 4045.6410256410263 3931.7948717948725 4327.6923076923085 4574.871794871796 4290.769230769231 
4520.000000000001 4071.7948717948725 4391.282051282052 4519.48717948718 4502.051282051282 4738.974358974359 4349.2307692307695 4367.179487179487 4731.282051282052 4047.692307692308 3931.2820512820517 4322.564102564103 4575.8974358974365 4290.256410256411 
4518.461538461539 4068.205128205129 4396.410256410257 4521.025641025642 4496.923076923077 4735.384615384616 4346.666666666667 4370.256410256411 4731.794871794872 4050.2564102564106 3933.8461538461543 4326.666666666667 4576.410256410257 4287.6923076923085 
4519.48717948718 4064.615384615385 4397.948717948719 4516.410256410257 4500.000000000001 4737.435897435898 4348.717948717949 4368.205128205129 4735.8974358974365 4051.7948717948725 3934.358974358975 4323.076923076924 4577.948717948719 4284.615384615385 
4518.461538461539 4062.564102564103 4397.948717948719 4515.384615384616 4500.000000000001 4734.871794871796 4343.076923076924 4373.846153846154 4735.384615384616 4051.7948717948725 3936.9230769230776 4325.641025641026 4577.435897435898 4288.205128205129 
4522.051282051282 4065.1282051282055 4387.6923076923085 4514.358974358975 4499.48717948718 4736.410256410257 4340.000000000001 4367.6923076923085 4733.846153846154 4051.2820512820517 3937.9487179487182 4318.974358974359 4579.48717948718 4284.102564102564 
4520.000000000001 4061.538461538462 4391.794871794872 4515.8974358974365 4500.000000000001 4733.846153846154 4340.000000000001 4364.102564102564 4736.410256410257 4051.7948717948725 3939.48717948718 4321.025641025642 4579.48717948718 4280.000000000001 
4521.025641025642 4060.0000000000005 4391.794871794872 4512.820512820514 4497.435897435898 4731.794871794872 4340.512820512821 4364.615384615385 4738.461538461539 4052.307692307693 3939.48717948718 4321.538461538462 4581.025641025642 4278.974358974359 
4521.538461538462 4059.48717948718 4390.256410256411 4513.333333333334 4495.384615384616 4731.282051282052 4340.000000000001 4367.179487179487 4738.461538461539 4050.2564102564106 3939.48717948718 4323.076923076924 4583.076923076924 4281.025641025642 
4519.48717948718 4061.0256410256416 4390.256410256411 4511.282051282052 4498.974358974359 4732.820512820514 4342.051282051282 4363.589743589744 4739.48717948718 4050.7692307692314 3940.0000000000005 4322.564102564103 4583.589743589744 4278.461538461539 
4517.435897435898 4059.48717948718 4390.769230769231 4510.256410256411 4496.923076923077 4729.743589743591 4341.538461538462 4359.48717948718 4738.461538461539 4053.8461538461543 3941.538461538462 4322.051282051282 4582.051282051282 4273.846153846154 
4517.435897435898 4053.8461538461543 4395.384615384616 4511.282051282052 4491.282051282052 4723.589743589744 4337.948717948719 4366.666666666667 4737.435897435898 4055.3846153846157 3946.1538461538466 4326.153846153847 4583.076923076924 4275.8974358974365 
4520.000000000001 4055.8974358974365 4393.846153846154 4507.179487179488 4491.282051282052 4724.615384615386 4337.435897435898 4364.102564102564 4738.461538461539 4053.333333333334 3947.1794871794878 4323.589743589744 4587.6923076923085 4276.923076923077 
4517.948717948719 4056.410256410257 4394.358974358975 4508.717948717949 4492.307692307693 4725.641025641026 4334.871794871796 4364.615384615385 4739.48717948718 4052.307692307693 3948.205128205129 4327.179487179487 4588.205128205129 4278.461538461539 
4518.974358974359 4054.8717948717954 4387.6923076923085 4506.666666666667 4493.333333333334 4728.205128205129 4334.871794871796 4359.48717948718 4737.948717948719 4054.358974358975 3949.7435897435903 4323.076923076924 4588.205128205129 4273.846153846154 
4517.435897435898 4050.7692307692314 4394.358974358975 4506.666666666667 4490.769230769231 4723.589743589744 4333.333333333334 4362.051282051282 4738.461538461539 4055.3846153846157 3952.307692307693 4328.717948717949 4586.153846153847 4274.358974358975 
4519.48717948718 4051.7948717948725 4390.769230769231 4503.589743589744 4489.2307692307695 4723.076923076924 4335.384615384616 4355.8974358974365 4739.48717948718 4052.820512820513 3953.333333333334 4323.076923076924 4587.6923076923085 4271.794871794872 
4516.410256410257 4048.205128205129 4396.410256410257 4505.128205128206 4487.6923076923085 4721.538461538462 4335.8974358974365 4360.000000000001 4739.48717948718 4052.307692307693 3954.358974358975 4327.179487179487 4589.743589743591 4272.307692307693 
4520.000000000001 4050.2564102564106 4394.871794871796 4504.102564102564 4490.256410256411 4724.102564102564 4335.8974358974365 4355.8974358974365 4739.48717948718 4056.9230769230776 3951.7948717948725 4324.102564102564 4592.820512820514 4268.717948717949 
4516.923076923077 4047.1794871794878 4399.48717948718 4508.717948717949 4488.205128205129 4720.512820512821 4333.846153846154 4358.974358974359 4741.025641025642 4058.9743589743593 3953.8461538461543 4328.717948717949 4589.743589743591 4269.74358974359 
4514.358974358975 4047.1794871794878 4394.358974358975 4505.641025641026 4486.666666666667 4722.051282051282 4335.8974358974365 4354.358974358975 4740.000000000001 4053.8461538461543 3956.410256410257 4324.102564102564 4590.769230769231 4269.2307692307695 
4512.820512820514 4048.205128205129 4397.948717948719 4504.615384615385 4487.6923076923085 4722.564102564103 4333.846153846154 4354.358974358975 4740.000000000001 4051.7948717948725 3956.9230769230776 4329.743589743591 4593.846153846154 4270.769230769231 
4517.435897435898 4051.7948717948725 4395.384615384616 4504.102564102564 4488.717948717949 4722.051282051282 4332.307692307693 4351.794871794872 4741.538461538462 4054.8717948717954 3955.8974358974365 4327.6923076923085 4594.358974358975 4268.205128205129 
4516.923076923077 4049.23076923077 4396.923076923077 4503.589743589744 4485.128205128206 4718.461538461539 4332.307692307693 4355.384615384616 4740.512820512821 4054.8717948717954 3956.9230769230776 4330.256410256411 4590.769230769231 4268.717948717949 
4516.410256410257 4048.717948717949 4398.461538461539 4503.589743589744 4485.641025641026 4720.000000000001 4330.256410256411 4355.384615384616 4738.461538461539 4052.307692307693 3957.435897435898 4333.333333333334 4591.282051282052 4271.282051282052 
4515.384615384616 4049.7435897435903 4401.538461538462 4506.666666666667 4487.6923076923085 4721.538461538462 4329.743589743591 4354.358974358975 4738.461538461539 4054.358974358975 3956.410256410257 4332.820512820514 4591.794871794872 4273.333333333334 
4515.8974358974365 4050.7692307692314 4400.512820512821 4505.128205128206 4487.6923076923085 4722.051282051282 4333.846153846154 4357.435897435898 4737.948717948719 4055.8974358974365 3956.410256410257 4330.256410256411 4589.743589743591 4272.820512820514 
4520.512820512821 4051.2820512820517 4396.923076923077 4504.102564102564 4488.717948717949 4724.102564102564 4336.410256410257 4356.923076923077 4737.435897435898 4053.333333333334 3954.358974358975 4330.256410256411 4588.205128205129 4271.282051282052 
4519.48717948718 4048.205128205129 4401.025641025642 4508.205128205129 4489.743589743591 4722.051282051282 4334.358974358975 4357.948717948719 4739.48717948718 4054.358974358975 3952.820512820513 4335.384615384616 4587.179487179488 4274.358974358975 
4517.435897435898 4050.7692307692314 4398.974358974359 4507.6923076923085 4491.282051282052 4723.076923076924 4336.410256410257 4354.358974358975 4737.435897435898 4056.410256410257 3953.333333333334 4329.2307692307695 4588.205128205129 4273.846153846154 
4512.820512820514 4051.2820512820517 4401.538461538462 4509.2307692307695 4491.282051282052 4721.538461538462 4337.435897435898 4361.538461538462 4734.358974358975 4056.410256410257 3955.8974358974365 4332.820512820514 4587.179487179488 4276.410256410257 
4514.871794871796 4052.820512820513 4398.461538461539 4511.282051282052 4492.307692307693 4722.051282051282 4337.948717948719 4357.948717948719 4735.384615384616 4054.358974358975 3952.307692307693 4329.2307692307695 4586.666666666667 4275.384615384616 
4514.871794871796 4049.23076923077 4403.589743589744 4514.358974358975 4492.307692307693 4721.025641025642 4335.384615384616 4361.025641025642 4736.410256410257 4052.307692307693 3952.307692307693 4334.871794871796 4587.6923076923085 4276.923076923077 
4516.923076923077 4053.333333333334 4398.461538461539 4510.769230769231 4494.358974358975 4727.179487179488 4336.410256410257 4353.846153846154 4734.871794871796 4053.333333333334 3953.333333333334 4331.282051282052 4588.205128205129 4274.871794871796 
4511.282051282052 4052.307692307693 4402.051282051282 4512.820512820514 4493.333333333334 4724.615384615386 4336.410256410257 4356.923076923077 4735.384615384616 4053.8461538461543 3951.2820512820517 4335.384615384616 4582.051282051282 4277.948717948719 
4513.333333333334 4053.333333333334 4395.384615384616 4512.820512820514 4492.307692307693 4726.153846153847 4340.000000000001 4354.358974358975 4734.871794871796 4052.820512820513 3949.7435897435903 4330.256410256411 4582.051282051282 4275.384615384616 
4515.384615384616 4053.333333333334 4400.512820512821 4513.846153846154 4492.307692307693 4723.589743589744 4338.461538461539 4361.025641025642 4734.358974358975 4051.7948717948725 3951.2820512820517 4334.871794871796 4584.615384615385 4278.974358974359 
4516.410256410257 4057.435897435898 4400.000000000001 4511.282051282052 4493.333333333334 4725.128205128206 4335.384615384616 4359.48717948718 4734.871794871796 4051.7948717948725 3950.2564102564106 4330.769230769231 4586.666666666667 4280.512820512821 
4513.846153846154 4054.8717948717954 4402.051282051282 4513.846153846154 4491.794871794872 4725.641025641026 4334.358974358975 4361.025641025642 4735.8974358974365 4050.2564102564106 3950.2564102564106 4332.307692307693 4584.102564102564 4278.974358974359 
4518.461538461539 4054.358974358975 4398.974358974359 4512.307692307693 4493.333333333334 4727.6923076923085 4337.948717948719 4359.48717948718 4737.435897435898 4051.2820512820517 3950.7692307692314 4330.769230769231 4583.076923076924 4276.410256410257 
4516.923076923077 4053.8461538461543 4401.538461538462 4512.820512820514 4494.358974358975 4724.615384615386 4337.435897435898 4360.512820512821 4738.974358974359 4052.307692307693 3948.717948717949 4333.846153846154 4580.512820512821 4280.000000000001 
4513.846153846154 4054.8717948717954 4400.000000000001 4512.820512820514 4495.384615384616 4723.076923076924 4336.410256410257 4358.974358974359 4735.8974358974365 4053.333333333334 3948.717948717949 4334.871794871796 4580.000000000001 4279.48717948718 
4515.384615384616 4053.8461538461543 4396.410256410257 4510.769230769231 4494.358974358975 4724.615384615386 4337.948717948719 4355.8974358974365 4731.794871794872 4054.8717948717954 3952.820512820513 4331.282051282052 4583.589743589744 4275.8974358974365 
4515.384615384616 4052.820512820513 4401.025641025642 4511.794871794872 4492.307692307693 4726.666666666667 4338.974358974359 4360.000000000001 4734.358974358975 4053.8461538461543 3952.307692307693 4332.307692307693 4585.128205128206 4278.974358974359 
4515.384615384616 4055.8974358974365 4402.051282051282 4512.307692307693 4491.794871794872 4726.666666666667 4338.974358974359 4358.974358974359 4737.435897435898 4053.333333333334 3950.2564102564106 4331.794871794872 4583.589743589744 4280.512820512821 
4516.410256410257 4055.3846153846157 4402.051282051282 4510.769230769231 4492.820512820514 4723.076923076924 4336.923076923077 4361.025641025642 4736.410256410257 4054.358974358975 3950.7692307692314 4334.358974358975 4582.564102564103 4280.512820512821 
4516.923076923077 4054.358974358975 4397.435897435898 4508.205128205129 4493.846153846154 4727.179487179488 4336.410256410257 4358.461538461539 4736.410256410257 4052.307692307693 3949.7435897435903 4329.743589743591 4584.615384615385 4277.435897435898 
4512.820512820514 4050.7692307692314 4403.076923076924 4512.820512820514 4489.743589743591 4725.641025641026 4337.435897435898 4361.025641025642 4738.974358974359 4050.2564102564106 3951.2820512820517 4334.358974358975 4584.102564102564 4279.48717948718 
4517.948717948719 4055.3846153846157 4396.923076923077 4510.769230769231 4490.256410256411 4724.615384615386 4339.48717948718 4354.871794871796 4737.948717948719 4053.8461538461543 3950.7692307692314 4329.2307692307695 4584.615384615385 4275.384615384616 
4516.410256410257 4055.8974358974365 4400.000000000001 4509.743589743591 4491.794871794872 4722.564102564103 4335.8974358974365 4361.538461538462 4735.8974358974365 4054.8717948717954 3950.2564102564106 4332.820512820514 4583.076923076924 4275.8974358974365 
4515.8974358974365 4055.3846153846157 4397.435897435898 4508.717948717949 4493.846153846154 4727.179487179488 4337.435897435898 4358.461538461539 4737.435897435898 4052.307692307693 3949.2307692307695 4330.769230769231 4585.128205128206 4275.384615384616 
4513.333333333334 4051.2820512820517 4402.051282051282 4512.307692307693 4492.307692307693 4725.641025641026 4337.435897435898 4358.974358974359 4738.461538461539 4051.7948717948725 3953.333333333334 4335.8974358974365 4585.128205128206 4277.435897435898 
4517.435897435898 4054.8717948717954 4396.923076923077 4510.769230769231 4494.871794871796 4726.153846153847 4336.923076923077 4354.358974358975 4736.923076923077 4052.820512820513 3952.307692307693 4329.2307692307695 4587.179487179488 4274.358974358975 
4514.871794871796 4053.8461538461543 4401.538461538462 4509.743589743591 4491.794871794872 4723.076923076924 4335.8974358974365 4360.000000000001 4736.923076923077 4051.2820512820517 3949.7435897435903 4332.820512820514 4587.179487179488 4277.948717948719 
4514.358974358975 4050.7692307692314 4399.48717948718 4508.205128205129 4489.2307692307695 4725.128205128206 4336.923076923077 4357.435897435898 4737.435897435898 4049.23076923077 3951.2820512820517 4330.769230769231 4587.6923076923085 4277.435897435898 
4513.846153846154 4049.7435897435903 4401.538461538462 4511.282051282052 4491.794871794872 4725.641025641026 4336.410256410257 4359.48717948718 4737.435897435898 4050.7692307692314 3954.358974358975 4333.333333333334 4586.153846153847 4276.923076923077 
4515.8974358974365 4052.820512820513 4399.48717948718 4510.769230769231 4493.846153846154 4725.128205128206 4337.948717948719 4357.948717948719 4736.410256410257 4052.820512820513 3952.820512820513 4332.307692307693 4585.128205128206 4276.410256410257 
4514.871794871796 4053.8461538461543 4399.48717948718 4512.307692307693 4491.282051282052 4724.615384615386 4336.923076923077 4357.948717948719 4735.8974358974365 4050.7692307692314 3950.7692307692314 4332.820512820514 4583.076923076924 4275.8974358974365 
4516.410256410257 4053.333333333334 4401.538461538462 4511.282051282052 4490.256410256411 4725.128205128206 4336.410256410257 4360.512820512821 4737.435897435898 4050.7692307692314 3951.7948717948725 4331.282051282052 4584.102564102564 4277.435897435898 
4518.974358974359 4051.7948717948725 4401.538461538462 4507.6923076923085 4492.307692307693 4724.615384615386 4339.48717948718 4357.435897435898 4737.435897435898 4052.820512820513 3951.7948717948725 4328.717948717949 4585.641025641026 4278.974358974359 
4516.923076923077 4050.7692307692314 4400.512820512821 4508.717948717949 4492.820512820514 4724.102564102564 4338.461538461539 4355.8974358974365 4735.8974358974365 4053.8461538461543 3951.2820512820517 4332.307692307693 4583.076923076924 4278.461538461539 
4517.435897435898 4053.333333333334 4396.923076923077 4511.794871794872 4492.820512820514 4725.128205128206 4337.948717948719 4353.333333333334 4735.384615384616 4053.8461538461543 3949.7435897435903 4329.743589743591 4583.589743589744 4273.846153846154 
4517.948717948719 4051.7948717948725 4404.102564102564 4513.333333333334 4490.769230769231 4722.564102564103 4338.974358974359 4361.025641025642 4737.948717948719 4054.358974358975 3950.7692307692314 4333.333333333334 4584.615384615385 4276.410256410257 
4516.923076923077 4052.307692307693 4400.000000000001 4507.6923076923085 4491.282051282052 4726.153846153847 4337.948717948719 4358.974358974359 4738.461538461539 4051.7948717948725 3951.7948717948725 4330.256410256411 4586.666666666667 4277.435897435898 
4513.333333333334 4052.307692307693 4400.000000000001 4509.743589743591 4493.846153846154 4726.666666666667 4335.384615384616 4361.538461538462 4736.923076923077 4050.2564102564106 3952.307692307693 4332.820512820514 4585.128205128206 4278.974358974359 
4517.435897435898 4055.3846153846157 4396.923076923077 4509.743589743591 4493.846153846154 4728.205128205129 4337.948717948719 4357.948717948719 4734.871794871796 4052.307692307693 3949.7435897435903 4327.6923076923085 4584.615384615385 4275.8974358974365 
