4520.000000000001 4054.8717948717954 4401.025641025642 4514.358974358975 4497.948717948719 4728.717948717949 4343.076923076924 4361.538461538462 4733.333333333334 4049.7435897435903 3954.358974358975 4495.8974358974365 4574.871794871796 4106.153846153847 
4520.512820512821 4054.8717948717954 4397.948717948719 4514.358974358975 4496.923076923077 4730.769230769231 4342.051282051282 4356.923076923077 4735.384615384616 4050.7692307692314 3954.8717948717954 4493.333333333334 4576.410256410257 4101.025641025642 
4516.923076923077 4054.8717948717954 4401.025641025642 4514.358974358975 4495.384615384616 4726.666666666667 4337.435897435898 4360.512820512821 4737.948717948719 4050.7692307692314 3955.3846153846157 4495.8974358974365 4576.410256410257 4103.589743589744 
4517.948717948719 4057.435897435898 4396.923076923077 4511.794871794872 4496.410256410257 4730.256410256411 4340.512820512821 4358.461538461539 4735.8974358974365 4051.2820512820517 3954.358974358975 4489.2307692307695 4576.923076923077 4102.051282051282 
4517.948717948719 4053.8461538461543 4392.307692307693 4512.307692307693 4498.974358974359 4737.948717948719 4351.282051282052 4359.48717948718 4733.333333333334 4054.358974358975 3949.7435897435903 4480.512820512821 4568.205128205129 4089.23076923077 
4521.538461538462 4054.358974358975 4384.102564102564 4508.717948717949 4503.076923076924 4741.025641025642 4356.923076923077 4351.282051282052 4732.820512820514 4053.333333333334 3946.666666666667 4469.743589743591 4565.641025641026 4081.0256410256416 
4516.923076923077 4052.820512820513 4398.461538461539 4511.282051282052 4497.948717948719 4730.256410256411 4342.051282051282 4359.48717948718 4734.871794871796 4052.307692307693 3953.333333333334 4489.2307692307695 4574.358974358975 4100.000000000001 
4517.435897435898 4056.410256410257 4402.564102564103 4514.358974358975 4494.358974358975 4727.6923076923085 4333.333333333334 4360.000000000001 4736.410256410257 4055.8974358974365 3955.8974358974365 4495.384615384616 4581.025641025642 4110.256410256411 
4518.461538461539 4056.410256410257 4406.153846153847 4517.435897435898 4494.358974358975 4727.6923076923085 4335.384615384616 4362.564102564103 4735.384615384616 4053.8461538461543 3954.8717948717954 4496.923076923077 4575.384615384616 4110.256410256411 
4521.025641025642 4057.435897435898 4401.025641025642 4513.333333333334 4495.8974358974365 4727.6923076923085 4336.410256410257 4357.948717948719 4735.384615384616 4049.7435897435903 3956.410256410257 4493.846153846154 4576.410256410257 4107.6923076923085 
4516.410256410257 4054.8717948717954 4407.6923076923085 4516.923076923077 4491.794871794872 4720.512820512821 4330.256410256411 4362.051282051282 4737.948717948719 4051.7948717948725 3960.0000000000005 4502.564102564103 4578.461538461539 4113.333333333334 
4518.974358974359 4054.358974358975 4402.051282051282 4515.8974358974365 4494.358974358975 4726.666666666667 4336.410256410257 4360.000000000001 4736.410256410257 4053.8461538461543 3956.410256410257 4494.871794871796 4576.410256410257 4107.179487179487 
4519.48717948718 4053.333333333334 4400.512820512821 4513.846153846154 4497.435897435898 4730.769230769231 4340.512820512821 4360.000000000001 4733.333333333334 4050.2564102564106 3953.8461538461543 4493.846153846154 4575.8974358974365 4103.589743589744 
4519.48717948718 4054.8717948717954 4403.589743589744 4512.820512820514 4496.410256410257 4728.717948717949 4338.461538461539 4360.512820512821 4734.358974358975 4048.717948717949 3954.358974358975 4497.435897435898 4576.923076923077 4107.179487179487 
4519.48717948718 4054.8717948717954 4410.256410256411 4515.8974358974365 4489.743589743591 4723.589743589744 4332.307692307693 4364.102564102564 4735.8974358974365 4049.7435897435903 3955.3846153846157 4503.076923076924 4577.948717948719 4115.8974358974365 
4520.000000000001 4055.3846153846157 4412.820512820514 4517.948717948719 4488.717948717949 4722.564102564103 4328.205128205129 4366.666666666667 4735.8974358974365 4050.7692307692314 3957.9487179487182 4509.2307692307695 4581.538461538462 4121.538461538462 
4519.48717948718 4055.3846153846157 4404.615384615385 4514.871794871796 4494.871794871796 4728.205128205129 4334.871794871796 4361.025641025642 4734.358974358975 4050.7692307692314 3955.8974358974365 4498.461538461539 4581.025641025642 4109.2307692307695 
4517.435897435898 4052.307692307693 4401.538461538462 4512.820512820514 4497.435897435898 4729.743589743591 4342.051282051282 4360.512820512821 4734.871794871796 4050.2564102564106 3954.358974358975 4489.2307692307695 4574.871794871796 4101.538461538462 
4518.974358974359 4054.8717948717954 4394.358974358975 4510.769230769231 4496.410256410257 4732.307692307693 4343.589743589744 4358.461538461539 4734.358974358975 4050.7692307692314 3953.8461538461543 4486.666666666667 4573.846153846154 4102.564102564103 
4518.461538461539 4055.3846153846157 4398.974358974359 4514.358974358975 4494.871794871796 4729.2307692307695 4337.948717948719 4363.076923076924 4733.846153846154 4050.7692307692314 3954.8717948717954 4496.923076923077 4575.8974358974365 4108.717948717949 
4520.000000000001 4054.358974358975 4397.948717948719 4512.307692307693 4498.461538461539 4729.743589743591 4340.512820512821 4355.8974358974365 4734.871794871796 4050.2564102564106 3952.307692307693 4490.256410256411 4576.410256410257 4102.564102564103 
4515.8974358974365 4049.7435897435903 4405.641025641026 4512.820512820514 4498.974358974359 4726.153846153847 4341.025641025642 4360.512820512821 4737.435897435898 4050.7692307692314 3952.307692307693 4492.820512820514 4574.871794871796 4103.076923076924 
4515.8974358974365 4054.358974358975 4401.025641025642 4511.794871794872 4499.48717948718 4728.205128205129 4341.538461538462 4357.435897435898 4734.871794871796 4051.7948717948725 3951.7948717948725 4491.282051282052 4575.8974358974365 4106.153846153847 
4515.8974358974365 4054.358974358975 4401.538461538462 4513.846153846154 4495.8974358974365 4726.153846153847 4338.974358974359 4361.538461538462 4733.333333333334 4052.307692307693 3952.820512820513 4494.871794871796 4575.384615384616 4109.2307692307695 
4520.000000000001 4054.358974358975 4398.461538461539 4512.820512820514 4492.820512820514 4727.6923076923085 4339.48717948718 4357.948717948719 4736.410256410257 4050.7692307692314 3951.7948717948725 4489.743589743591 4576.410256410257 4106.153846153847 
4516.923076923077 4052.820512820513 4403.076923076924 4513.846153846154 4493.333333333334 4727.179487179488 4338.974358974359 4360.512820512821 4737.948717948719 4049.23076923077 3952.820512820513 4494.871794871796 4574.871794871796 4108.205128205129 
4517.948717948719 4056.410256410257 4396.923076923077 4513.846153846154 4495.384615384616 4731.282051282052 4337.948717948719 4355.384615384616 4736.923076923077 4052.307692307693 3954.8717948717954 4490.256410256411 4575.8974358974365 4107.179487179487 
4516.410256410257 4056.9230769230776 4400.000000000001 4515.8974358974365 4494.871794871796 4728.205128205129 4336.923076923077 4357.948717948719 4736.410256410257 4052.307692307693 3955.8974358974365 4492.307692307693 4576.410256410257 4107.6923076923085 
4517.948717948719 4056.410256410257 4398.974358974359 4512.307692307693 4495.384615384616 4728.205128205129 4340.512820512821 4357.948717948719 4736.410256410257 4050.2564102564106 3954.358974358975 4491.282051282052 4578.461538461539 4106.666666666667 
4517.948717948719 4054.8717948717954 4399.48717948718 4512.307692307693 4495.8974358974365 4728.717948717949 4341.025641025642 4357.435897435898 4734.871794871796 4050.7692307692314 3954.8717948717954 4493.333333333334 4577.948717948719 4106.666666666667 
4518.974358974359 4054.358974358975 4398.974358974359 4512.820512820514 4495.384615384616 4730.769230769231 4339.48717948718 4355.8974358974365 4733.846153846154 4051.2820512820517 3957.435897435898 4492.820512820514 4575.8974358974365 4106.666666666667 
4516.923076923077 4054.358974358975 4400.512820512821 4510.769230769231 4494.871794871796 4729.743589743591 4336.410256410257 4357.948717948719 4736.410256410257 4050.2564102564106 3956.410256410257 4492.820512820514 4572.820512820514 4107.6923076923085 
4517.435897435898 4054.8717948717954 4402.051282051282 4511.282051282052 4493.846153846154 4725.128205128206 4335.384615384616 4363.589743589744 4736.923076923077 4051.2820512820517 3954.358974358975 4493.846153846154 4575.8974358974365 4109.2307692307695 
4520.000000000001 4054.8717948717954 4400.512820512821 4514.871794871796 4494.358974358975 4726.666666666667 4337.435897435898 4359.48717948718 4734.358974358975 4050.2564102564106 3953.333333333334 4489.2307692307695 4578.974358974359 4106.666666666667 
4515.8974358974365 4052.820512820513 4404.102564102564 4514.871794871796 4495.8974358974365 4729.743589743591 4338.461538461539 4358.974358974359 4733.333333333334 4047.692307692308 3954.358974358975 4492.820512820514 4576.410256410257 4109.2307692307695 
4516.410256410257 4055.8974358974365 4400.512820512821 4510.256410256411 4494.871794871796 4730.769230769231 4340.000000000001 4354.871794871796 4733.333333333334 4050.2564102564106 3954.358974358975 4490.769230769231 4577.435897435898 4109.2307692307695 
4516.923076923077 4055.3846153846157 4405.641025641026 4514.358974358975 4493.333333333334 4726.153846153847 4337.948717948719 4360.512820512821 4734.358974358975 4054.8717948717954 3954.8717948717954 4496.410256410257 4577.435897435898 4111.794871794872 
4516.923076923077 4056.410256410257 4402.051282051282 4512.820512820514 4496.410256410257 4730.769230769231 4338.974358974359 4356.923076923077 4735.384615384616 4054.8717948717954 3953.333333333334 4490.769230769231 4575.8974358974365 4107.6923076923085 
4514.358974358975 4053.333333333334 4404.102564102564 4514.871794871796 4494.871794871796 4728.717948717949 4338.974358974359 4361.025641025642 4734.871794871796 4051.2820512820517 3954.8717948717954 4494.871794871796 4575.384615384616 4108.717948717949 
4522.051282051282 4054.8717948717954 4396.410256410257 4514.871794871796 4494.358974358975 4727.6923076923085 4343.076923076924 4358.461538461539 4735.8974358974365 4049.23076923077 3955.8974358974365 4491.282051282052 4577.435897435898 4107.6923076923085 
4520.512820512821 4052.820512820513 4403.076923076924 4515.8974358974365 4494.358974358975 4728.717948717949 4342.051282051282 4361.538461538462 4736.923076923077 4051.7948717948725 3953.8461538461543 4494.358974358975 4574.871794871796 4110.769230769231 
4518.974358974359 4054.8717948717954 4401.025641025642 4513.333333333334 4495.8974358974365 4734.358974358975 4340.512820512821 4355.8974358974365 4735.384615384616 4053.8461538461543 3949.7435897435903 4487.6923076923085 4575.8974358974365 4109.2307692307695 
4516.410256410257 4051.7948717948725 4402.051282051282 4515.8974358974365 4496.410256410257 4729.743589743591 4338.461538461539 4360.000000000001 4736.410256410257 4052.307692307693 3952.307692307693 4493.333333333334 4576.410256410257 4108.717948717949 
4520.000000000001 4052.820512820513 4398.461538461539 4512.820512820514 4494.871794871796 4727.6923076923085 4338.974358974359 4358.974358974359 4738.461538461539 4052.307692307693 3954.358974358975 4493.333333333334 4576.410256410257 4107.6923076923085 
4518.461538461539 4055.3846153846157 4402.564102564103 4512.307692307693 4492.820512820514 4727.6923076923085 4337.435897435898 4358.461538461539 4736.410256410257 4053.333333333334 3952.307692307693 4492.307692307693 4577.948717948719 4110.769230769231 
4515.8974358974365 4056.9230769230776 4402.564102564103 4511.282051282052 4496.410256410257 4731.794871794872 4336.410256410257 4356.410256410257 4734.871794871796 4054.8717948717954 3951.2820512820517 4487.179487179488 4579.48717948718 4110.256410256411 
4516.410256410257 4053.333333333334 4403.076923076924 4510.769230769231 4499.48717948718 4728.717948717949 4336.923076923077 4358.974358974359 4735.384615384616 4053.8461538461543 3955.8974358974365 4491.794871794872 4576.410256410257 4108.717948717949 
4520.000000000001 4053.8461538461543 4403.076923076924 4512.820512820514 4497.435897435898 4727.179487179488 4339.48717948718 4360.000000000001 4734.358974358975 4053.8461538461543 3957.435897435898 4492.820512820514 4574.871794871796 4111.282051282052 
4518.461538461539 4057.9487179487182 4400.512820512821 4515.8974358974365 4496.410256410257 4732.820512820514 4340.000000000001 4360.000000000001 4735.384615384616 4053.333333333334 3952.307692307693 4487.6923076923085 4576.410256410257 4115.384615384616 
4514.358974358975 4055.8974358974365 4400.512820512821 4515.8974358974365 4496.410256410257 4731.282051282052 4335.8974358974365 4362.051282051282 4738.461538461539 4051.7948717948725 3950.7692307692314 4489.2307692307695 4577.435897435898 4112.820512820514 
4515.8974358974365 4053.333333333334 4400.512820512821 4512.820512820514 4494.358974358975 4726.153846153847 4336.923076923077 4359.48717948718 4736.410256410257 4051.2820512820517 3952.820512820513 4489.743589743591 4576.410256410257 4108.205128205129 
4515.384615384616 4054.358974358975 4402.564102564103 4512.820512820514 4492.307692307693 4725.128205128206 4337.948717948719 4365.641025641026 4731.794871794872 4050.2564102564106 3955.3846153846157 4493.333333333334 4575.8974358974365 4112.307692307693 
4518.974358974359 4057.435897435898 4396.410256410257 4511.794871794872 4495.384615384616 4732.307692307693 4337.435897435898 4362.051282051282 4732.820512820514 4051.7948717948725 3954.358974358975 4489.2307692307695 4577.435897435898 4111.282051282052 
4520.512820512821 4054.358974358975 4404.102564102564 4513.846153846154 4495.384615384616 4728.205128205129 4337.948717948719 4362.051282051282 4737.948717948719 4053.333333333334 3955.3846153846157 4494.358974358975 4576.410256410257 4110.769230769231 
4523.076923076924 4056.410256410257 4403.076923076924 4513.846153846154 4494.871794871796 4728.717948717949 4341.025641025642 4356.410256410257 4736.923076923077 4052.820512820513 3954.8717948717954 4488.205128205129 4577.948717948719 4108.717948717949 
4519.48717948718 4055.3846153846157 4403.076923076924 4515.8974358974365 4494.871794871796 4729.743589743591 4338.974358974359 4364.615384615385 4733.846153846154 4051.2820512820517 3955.8974358974365 4491.282051282052 4576.923076923077 4111.794871794872 
4520.000000000001 4056.410256410257 4395.8974358974365 4514.358974358975 4495.8974358974365 4734.358974358975 4342.564102564103 4360.000000000001 4735.384615384616 4052.307692307693 3954.8717948717954 4485.128205128206 4576.923076923077 4107.6923076923085 
4515.384615384616 4053.8461538461543 4402.564102564103 4517.435897435898 4492.820512820514 4731.794871794872 4340.512820512821 4358.974358974359 4737.435897435898 4052.820512820513 3954.8717948717954 4491.282051282052 4578.974358974359 4109.2307692307695 
4518.974358974359 4056.9230769230776 4400.000000000001 4513.333333333334 4494.358974358975 4730.769230769231 4337.948717948719 4355.384615384616 4735.384615384616 4051.2820512820517 3953.8461538461543 4490.769230769231 4580.512820512821 4111.282051282052 
4518.974358974359 4056.9230769230776 4404.102564102564 4512.820512820514 4495.8974358974365 4727.179487179488 4336.923076923077 4362.051282051282 4735.384615384616 4050.7692307692314 3955.8974358974365 4493.846153846154 4576.410256410257 4113.333333333334 
4517.435897435898 4057.435897435898 4401.025641025642 4513.846153846154 4495.384615384616 4728.205128205129 4337.948717948719 4360.000000000001 4735.384615384616 4049.23076923077 3955.8974358974365 4487.179487179488 4577.435897435898 4109.74358974359 
4513.846153846154 4053.333333333334 4403.076923076924 4517.435897435898 4493.846153846154 4727.179487179488 4337.948717948719 4358.461538461539 4733.333333333334 4049.7435897435903 3955.3846153846157 4490.769230769231 4578.974358974359 4110.256410256411 
4518.461538461539 4055.3846153846157 4399.48717948718 4514.871794871796 4492.820512820514 4728.717948717949 4338.461538461539 4358.974358974359 4735.384615384616 4054.8717948717954 3956.410256410257 4492.820512820514 4577.435897435898 4112.307692307693 
4521.538461538462 4057.435897435898 4397.948717948719 4511.282051282052 4491.282051282052 4729.2307692307695 4337.948717948719 4361.025641025642 4738.461538461539 4055.8974358974365 3955.8974358974365 4489.743589743591 4575.8974358974365 4110.256410256411 
4517.948717948719 4056.410256410257 4398.974358974359 4513.333333333334 4494.358974358975 4728.205128205129 4337.948717948719 4362.564102564103 4737.948717948719 4053.333333333334 3954.8717948717954 4489.743589743591 4577.435897435898 4111.282051282052 
4516.410256410257 4055.3846153846157 4398.461538461539 4515.384615384616 4495.8974358974365 4728.205128205129 4341.025641025642 4358.974358974359 4738.461538461539 4052.820512820513 3955.8974358974365 4490.769230769231 4577.435897435898 4112.307692307693 
4517.948717948719 4054.8717948717954 4400.512820512821 4514.358974358975 4493.846153846154 4730.256410256411 4341.025641025642 4360.000000000001 4737.948717948719 4052.307692307693 3957.9487179487182 4492.307692307693 4576.410256410257 4113.846153846154 
4519.48717948718 4055.8974358974365 4398.974358974359 4511.794871794872 4495.384615384616 4733.333333333334 4341.538461538462 4357.435897435898 4734.871794871796 4050.7692307692314 3954.358974358975 4486.666666666667 4578.461538461539 4111.282051282052 
4515.8974358974365 4053.333333333334 4404.102564102564 4513.846153846154 4496.410256410257 4729.743589743591 4340.512820512821 4362.051282051282 4733.333333333334 4052.307692307693 3952.820512820513 4492.820512820514 4578.974358974359 4111.794871794872 
4518.461538461539 4054.8717948717954 4398.974358974359 4512.307692307693 4496.923076923077 4730.256410256411 4339.48717948718 4356.410256410257 4735.8974358974365 4053.8461538461543 3954.358974358975 4488.205128205129 4577.948717948719 4108.205128205129 
4520.000000000001 4056.410256410257 4402.051282051282 4513.333333333334 4495.384615384616 4728.205128205129 4337.435897435898 4360.000000000001 4738.974358974359 4051.7948717948725 3954.8717948717954 4488.717948717949 4578.461538461539 4110.256410256411 
4521.538461538462 4058.9743589743593 4400.512820512821 4511.794871794872 4496.410256410257 4732.820512820514 4340.000000000001 4358.461538461539 4738.974358974359 4051.7948717948725 3950.7692307692314 4487.6923076923085 4582.564102564103 4110.256410256411 
4516.410256410257 4052.820512820513 4406.666666666667 4513.333333333334 4493.846153846154 4729.2307692307695 4337.948717948719 4363.589743589744 4737.435897435898 4051.7948717948725 3953.333333333334 4494.871794871796 4577.948717948719 4112.307692307693 
4516.923076923077 4054.358974358975 4398.974358974359 4511.794871794872 4495.8974358974365 4729.2307692307695 4337.435897435898 4357.948717948719 4734.358974358975 4051.7948717948725 3956.410256410257 4486.666666666667 4575.8974358974365 4111.794871794872 
4516.923076923077 4054.8717948717954 4403.589743589744 4515.384615384616 4495.384615384616 4729.2307692307695 4336.410256410257 4361.025641025642 4734.358974358975 4051.7948717948725 3956.410256410257 4490.769230769231 4576.410256410257 4115.384615384616 
4518.974358974359 4055.3846153846157 4402.051282051282 4514.358974358975 4493.846153846154 4730.769230769231 4338.461538461539 4357.948717948719 4734.871794871796 4051.7948717948725 3954.358974358975 4489.743589743591 4577.948717948719 4112.307692307693 
4515.384615384616 4052.820512820513 4402.564102564103 4515.384615384616 4494.871794871796 4726.666666666667 4338.974358974359 4361.025641025642 4733.846153846154 4051.7948717948725 3955.3846153846157 4492.820512820514 4576.410256410257 4109.2307692307695 
4517.948717948719 4057.435897435898 4400.512820512821 4512.820512820514 4497.948717948719 4731.282051282052 4341.025641025642 4358.974358974359 4733.846153846154 4051.7948717948725 3956.9230769230776 4487.6923076923085 4578.461538461539 4107.179487179487 
4520.512820512821 4058.461538461539 4404.615384615385 4514.871794871796 4496.923076923077 4731.282051282052 4340.000000000001 4360.512820512821 4733.846153846154 4050.2564102564106 3956.410256410257 4489.743589743591 4577.948717948719 4110.769230769231 
4521.538461538462 4055.8974358974365 4401.025641025642 4515.384615384616 4494.871794871796 4726.666666666667 4340.000000000001 4359.48717948718 4734.358974358975 4051.7948717948725 3955.3846153846157 4489.743589743591 4575.8974358974365 4111.282051282052 
4518.974358974359 4054.358974358975 4397.435897435898 4512.820512820514 4494.358974358975 4727.179487179488 4340.512820512821 4356.923076923077 4734.871794871796 4053.8461538461543 3953.333333333334 4487.6923076923085 4576.410256410257 4110.769230769231 
4518.974358974359 4055.3846153846157 4398.974358974359 4510.769230769231 4492.307692307693 4728.205128205129 4338.974358974359 4359.48717948718 4734.358974358975 4052.820512820513 3953.333333333334 4489.2307692307695 4577.948717948719 4112.307692307693 
4521.025641025642 4055.8974358974365 4397.948717948719 4510.769230769231 4491.794871794872 4725.641025641026 4337.948717948719 4360.000000000001 4735.384615384616 4051.7948717948725 3956.410256410257 4489.2307692307695 4576.410256410257 4109.74358974359 
4518.974358974359 4053.333333333334 4402.051282051282 4511.794871794872 4493.333333333334 4725.641025641026 4337.948717948719 4363.076923076924 4736.923076923077 4051.7948717948725 3958.461538461539 4492.820512820514 4576.923076923077 4112.307692307693 
4520.512820512821 4054.8717948717954 4400.000000000001 4511.282051282052 4495.8974358974365 4730.256410256411 4341.025641025642 4358.974358974359 4737.435897435898 4052.307692307693 3954.358974358975 4486.153846153847 4580.000000000001 4113.333333333334 
4517.948717948719 4054.8717948717954 4402.564102564103 4514.358974358975 4495.384615384616 4728.205128205129 4341.025641025642 4363.589743589744 4736.923076923077 4051.7948717948725 3953.333333333334 4489.2307692307695 4578.461538461539 4113.333333333334 
4517.435897435898 4058.461538461539 4397.435897435898 4510.769230769231 4494.871794871796 4730.256410256411 4341.025641025642 4357.948717948719 4735.8974358974365 4050.2564102564106 3956.9230769230776 4484.102564102564 4576.410256410257 4108.205128205129 
4514.358974358975 4054.8717948717954 4402.564102564103 4513.333333333334 4492.307692307693 4728.717948717949 4338.461538461539 4360.000000000001 4733.846153846154 4050.7692307692314 3958.461538461539 4490.256410256411 4574.358974358975 4112.820512820514 
4518.974358974359 4054.358974358975 4396.410256410257 4514.358974358975 4492.820512820514 4730.769230769231 4340.000000000001 4354.871794871796 4734.358974358975 4053.333333333334 3954.8717948717954 4486.153846153847 4575.384615384616 4110.769230769231 
4519.48717948718 4053.8461538461543 4401.025641025642 4513.846153846154 4492.307692307693 4730.256410256411 4338.974358974359 4361.025641025642 4735.8974358974365 4055.3846153846157 3954.358974358975 4490.769230769231 4575.384615384616 4111.794871794872 
4519.48717948718 4056.410256410257 4399.48717948718 4509.2307692307695 4491.794871794872 4730.769230769231 4341.025641025642 4358.974358974359 4734.871794871796 4055.8974358974365 3954.358974358975 4489.2307692307695 4575.8974358974365 4112.820512820514 
4514.358974358975 4052.820512820513 4401.538461538462 4512.307692307693 4489.743589743591 4726.666666666667 4340.000000000001 4362.051282051282 4734.871794871796 4051.7948717948725 3954.8717948717954 4493.846153846154 4573.333333333334 4113.846153846154 
4516.923076923077 4055.8974358974365 4396.410256410257 4511.794871794872 4491.794871794872 4728.717948717949 4339.48717948718 4357.948717948719 4736.923076923077 4049.23076923077 3953.8461538461543 4487.6923076923085 4575.8974358974365 4109.2307692307695 
4518.461538461539 4056.410256410257 4402.051282051282 4510.769230769231 4495.8974358974365 4727.179487179488 4339.48717948718 4360.512820512821 4735.384615384616 4050.2564102564106 3953.8461538461543 4487.179487179488 4577.948717948719 4110.256410256411 
4519.48717948718 4055.3846153846157 4401.538461538462 4510.256410256411 4498.461538461539 4729.743589743591 4340.000000000001 4359.48717948718 4733.333333333334 4051.2820512820517 3953.8461538461543 4483.076923076924 4577.435897435898 4112.307692307693 
4516.410256410257 4053.8461538461543 4400.512820512821 4513.333333333334 4496.923076923077 4731.282051282052 4338.974358974359 4358.974358974359 4736.410256410257 4049.7435897435903 3953.8461538461543 4486.153846153847 4576.410256410257 4114.358974358975 
4515.8974358974365 4054.8717948717954 4401.538461538462 4517.435897435898 4493.846153846154 4730.256410256411 4337.435897435898 4359.48717948718 4738.974358974359 4050.7692307692314 3952.820512820513 4489.2307692307695 4576.923076923077 4114.358974358975 
4517.435897435898 4054.358974358975 4402.564102564103 4516.923076923077 4494.358974358975 4728.205128205129 4336.923076923077 4358.461538461539 4735.8974358974365 4053.333333333334 3952.820512820513 4487.179487179488 4577.948717948719 4112.307692307693 
4516.923076923077 4052.307692307693 4404.615384615385 4512.820512820514 4493.846153846154 4727.179487179488 4338.974358974359 4358.461538461539 4734.358974358975 4052.307692307693 3955.3846153846157 4489.743589743591 4575.8974358974365 4113.333333333334 
4517.435897435898 4053.8461538461543 4400.000000000001 4511.794871794872 4493.333333333334 4729.743589743591 4342.051282051282 4354.358974358975 4735.384615384616 4048.205128205129 3956.410256410257 4491.282051282052 4575.384615384616 4113.333333333334 
4515.8974358974365 4053.333333333334 4403.589743589744 4515.384615384616 4492.820512820514 4729.2307692307695 4338.974358974359 4358.974358974359 4735.8974358974365 4046.666666666667 3957.435897435898 4493.333333333334 4575.384615384616 4114.871794871796 
4517.948717948719 4055.3846153846157 4401.538461538462 4512.820512820514 4494.871794871796 4729.743589743591 4338.461538461539 4355.384615384616 4733.846153846154 4051.7948717948725 3957.435897435898 4485.128205128206 4576.923076923077 4111.282051282052 
4516.410256410257 4055.8974358974365 4405.128205128206 4513.333333333334 4494.358974358975 4725.641025641026 4339.48717948718 4360.000000000001 4735.384615384616 4054.358974358975 3956.9230769230776 4490.769230769231 4574.871794871796 4112.820512820514 
4518.461538461539 4059.48717948718 4399.48717948718 4512.307692307693 4495.384615384616 4729.2307692307695 4339.48717948718 4355.8974358974365 4737.435897435898 4052.820512820513 3954.358974358975 4487.179487179488 4575.384615384616 4114.358974358975 
4515.8974358974365 4056.9230769230776 4405.641025641026 4514.358974358975 4494.871794871796 4727.179487179488 4335.8974358974365 4358.974358974359 4734.358974358975 4052.820512820513 3958.461538461539 4491.282051282052 4576.410256410257 4117.435897435898 
4517.435897435898 4057.9487179487182 4401.538461538462 4511.282051282052 4495.8974358974365 4729.2307692307695 4336.923076923077 4356.410256410257 4732.307692307693 4053.333333333334 3958.9743589743593 4485.128205128206 4578.461538461539 4112.307692307693 
4514.871794871796 4054.8717948717954 4405.128205128206 4513.846153846154 4494.358974358975 4728.205128205129 4338.461538461539 4362.564102564103 4736.923076923077 4052.307692307693 3956.9230769230776 4491.282051282052 4575.8974358974365 4114.871794871796 
4516.410256410257 4055.3846153846157 4400.512820512821 4513.333333333334 4494.358974358975 4731.282051282052 4340.512820512821 4358.461538461539 4737.435897435898 4050.2564102564106 3955.3846153846157 4489.743589743591 4575.8974358974365 4116.923076923077 
4516.923076923077 4053.8461538461543 4402.564102564103 4515.384615384616 4492.820512820514 4728.717948717949 4337.948717948719 4359.48717948718 4732.820512820514 4049.7435897435903 3956.9230769230776 4491.794871794872 4578.461538461539 4117.435897435898 
4519.48717948718 4055.3846153846157 4400.512820512821 4512.307692307693 4494.358974358975 4726.666666666667 4338.974358974359 4359.48717948718 4731.794871794872 4052.820512820513 3955.8974358974365 4487.6923076923085 4578.461538461539 4112.820512820514 
4515.384615384616 4054.8717948717954 4405.128205128206 4512.307692307693 4497.435897435898 4726.153846153847 4338.461538461539 4363.076923076924 4734.871794871796 4054.8717948717954 3956.410256410257 4488.205128205129 4574.358974358975 4114.358974358975 
4516.923076923077 4056.9230769230776 4403.076923076924 4513.333333333334 4498.461538461539 4730.256410256411 4338.461538461539 4358.974358974359 4735.8974358974365 4052.307692307693 3956.410256410257 4487.6923076923085 4575.8974358974365 4116.410256410257 
4519.48717948718 4056.9230769230776 4401.025641025642 4514.358974358975 4494.358974358975 4729.743589743591 4339.48717948718 4355.8974358974365 4734.358974358975 4047.1794871794878 3953.333333333334 4488.205128205129 4579.48717948718 4116.410256410257 
4516.923076923077 4054.358974358975 4403.076923076924 4512.820512820514 4493.333333333334 4728.717948717949 4338.461538461539 4358.974358974359 4735.384615384616 4049.7435897435903 3953.8461538461543 4488.205128205129 4578.461538461539 4114.871794871796 
4515.8974358974365 4054.358974358975 4403.589743589744 4511.282051282052 4495.8974358974365 4729.2307692307695 4337.948717948719 4356.923076923077 4735.384615384616 4054.8717948717954 3956.9230769230776 4485.128205128206 4577.435897435898 4113.333333333334 
4520.000000000001 4054.358974358975 4403.076923076924 4514.358974358975 4496.410256410257 4727.6923076923085 4338.974358974359 4357.435897435898 4733.846153846154 4053.8461538461543 3955.8974358974365 4486.666666666667 4577.435897435898 4115.384615384616 
4522.564102564103 4056.410256410257 4398.974358974359 4512.820512820514 4493.846153846154 4729.2307692307695 4341.538461538462 4356.923076923077 4733.846153846154 4049.7435897435903 3952.820512820513 4485.128205128206 4576.923076923077 4115.8974358974365 
4516.923076923077 4053.333333333334 4405.641025641026 4514.871794871796 4492.820512820514 4727.6923076923085 4341.538461538462 4362.564102564103 4735.384615384616 4050.2564102564106 3955.3846153846157 4490.256410256411 4573.846153846154 4116.923076923077 
4518.461538461539 4054.8717948717954 4401.538461538462 4513.846153846154 4496.410256410257 4729.2307692307695 4345.128205128206 4356.923076923077 4733.846153846154 4052.820512820513 3955.3846153846157 4484.615384615385 4574.871794871796 4112.820512820514 
4517.948717948719 4054.8717948717954 4402.051282051282 4515.384615384616 4496.923076923077 4727.6923076923085 4341.538461538462 4358.974358974359 4735.8974358974365 4051.7948717948725 3952.820512820513 4486.153846153847 4574.358974358975 4114.871794871796 
4518.974358974359 4056.410256410257 4398.461538461539 4512.307692307693 4497.435897435898 4730.256410256411 4337.435897435898 4353.846153846154 4738.461538461539 4051.2820512820517 3953.8461538461543 4482.564102564103 4577.435897435898 4112.307692307693 
4515.8974358974365 4054.8717948717954 4405.128205128206 4513.846153846154 4496.923076923077 4728.717948717949 4339.48717948718 4358.974358974359 4736.923076923077 4051.7948717948725 3956.9230769230776 4489.2307692307695 4577.435897435898 4114.358974358975 
4518.974358974359 4056.9230769230776 4398.461538461539 4512.307692307693 4496.923076923077 4734.358974358975 4345.128205128206 4356.410256410257 4734.871794871796 4051.2820512820517 3952.307692307693 4484.615384615385 4576.410256410257 4113.846153846154 
4517.435897435898 4053.333333333334 4401.538461538462 4513.333333333334 4493.846153846154 4729.743589743591 4340.000000000001 4361.025641025642 4735.384615384616 4049.7435897435903 3953.8461538461543 4488.717948717949 4573.333333333334 4114.871794871796 
4517.948717948719 4055.3846153846157 4401.025641025642 4511.282051282052 4493.846153846154 4727.179487179488 4340.512820512821 4356.410256410257 4735.384615384616 4050.2564102564106 3956.410256410257 4484.102564102564 4576.410256410257 4113.333333333334 
4515.8974358974365 4054.8717948717954 4404.102564102564 4514.358974358975 4494.871794871796 4727.6923076923085 4342.051282051282 4357.948717948719 4735.384615384616 4051.7948717948725 3955.3846153846157 4484.615384615385 4578.461538461539 4115.8974358974365 
4517.948717948719 4052.307692307693 4402.051282051282 4513.846153846154 4496.923076923077 4730.769230769231 4338.974358974359 4357.948717948719 4735.8974358974365 4052.307692307693 3955.8974358974365 4483.589743589744 4578.461538461539 4115.8974358974365 
4518.461538461539 4051.2820512820517 4403.589743589744 4513.333333333334 4495.8974358974365 4728.717948717949 4335.8974358974365 4361.025641025642 4733.846153846154 4051.7948717948725 3955.8974358974365 4489.2307692307695 4578.461538461539 4116.923076923077 
4517.948717948719 4057.435897435898 4400.512820512821 4511.794871794872 4493.333333333334 4727.6923076923085 4338.974358974359 4359.48717948718 4732.820512820514 4051.2820512820517 3952.820512820513 4489.2307692307695 4579.48717948718 4114.358974358975 
4516.410256410257 4059.48717948718 4398.461538461539 4513.846153846154 4494.871794871796 4727.179487179488 4341.538461538462 4356.923076923077 4733.333333333334 4049.7435897435903 3953.8461538461543 4485.128205128206 4577.435897435898 4110.769230769231 
4516.923076923077 4055.3846153846157 4402.564102564103 4514.871794871796 4496.923076923077 4728.205128205129 4341.538461538462 4358.461538461539 4735.8974358974365 4049.7435897435903 3957.435897435898 4484.615384615385 4575.384615384616 4113.333333333334 
4518.461538461539 4054.8717948717954 4402.564102564103 4513.846153846154 4494.358974358975 4730.769230769231 4340.000000000001 4355.8974358974365 4737.435897435898 4051.2820512820517 3955.3846153846157 4485.128205128206 4575.8974358974365 4115.8974358974365 
4516.410256410257 4055.8974358974365 4403.076923076924 4515.384615384616 4492.307692307693 4727.6923076923085 4338.461538461539 4360.000000000001 4735.8974358974365 4051.7948717948725 3954.8717948717954 4487.6923076923085 4575.384615384616 4116.410256410257 
4516.923076923077 4059.48717948718 4398.461538461539 4512.820512820514 4495.384615384616 4727.6923076923085 4342.564102564103 4356.410256410257 4733.333333333334 4051.2820512820517 3956.9230769230776 4479.48717948718 4577.435897435898 4115.384615384616 
4516.923076923077 4056.410256410257 4405.641025641026 4513.333333333334 4494.871794871796 4727.179487179488 4341.538461538462 4361.025641025642 4734.871794871796 4051.7948717948725 3956.9230769230776 4488.205128205129 4578.461538461539 4119.48717948718 
4519.48717948718 4055.8974358974365 4403.589743589744 4513.846153846154 4493.846153846154 4727.6923076923085 4338.974358974359 4358.974358974359 4735.384615384616 4051.2820512820517 3953.8461538461543 4487.6923076923085 4577.948717948719 4116.923076923077 
4516.410256410257 4053.8461538461543 4404.615384615385 4518.461538461539 4493.846153846154 4725.128205128206 4338.461538461539 4364.102564102564 4735.384615384616 4051.2820512820517 3957.435897435898 4487.6923076923085 4574.871794871796 4120.512820512821 
4517.948717948719 4057.435897435898 4398.974358974359 4515.8974358974365 4496.410256410257 4730.769230769231 4342.051282051282 4357.435897435898 4735.8974358974365 4052.307692307693 3956.9230769230776 4481.025641025642 4576.923076923077 4118.974358974359 
4516.923076923077 4055.3846153846157 4407.179487179487 4516.410256410257 4495.384615384616 4729.743589743591 4340.000000000001 4361.025641025642 4735.384615384616 4050.7692307692314 3951.7948717948725 4489.2307692307695 4575.8974358974365 4121.538461538462 
4520.512820512821 4056.410256410257 4403.076923076924 4513.846153846154 4495.8974358974365 4729.743589743591 4339.48717948718 4361.538461538462 4734.358974358975 4049.7435897435903 3951.2820512820517 4485.128205128206 4575.8974358974365 4121.025641025642 
4517.435897435898 4055.8974358974365 4403.589743589744 4515.384615384616 4493.846153846154 4728.205128205129 4338.461538461539 4365.128205128206 4735.8974358974365 4052.307692307693 3956.410256410257 4486.666666666667 4575.384615384616 4122.564102564103 
4520.000000000001 4058.461538461539 4400.512820512821 4515.384615384616 4495.384615384616 4730.769230769231 4340.000000000001 4358.974358974359 4736.923076923077 4053.8461538461543 3957.435897435898 4483.589743589744 4578.461538461539 4120.512820512821 
4521.025641025642 4054.8717948717954 4402.051282051282 4515.384615384616 4495.384615384616 4727.179487179488 4336.923076923077 4361.025641025642 4736.410256410257 4050.2564102564106 3955.8974358974365 4484.615384615385 4578.461538461539 4121.538461538462 
4518.974358974359 4055.3846153846157 4398.974358974359 4512.307692307693 4493.333333333334 4727.6923076923085 4335.384615384616 4360.512820512821 4736.410256410257 4050.2564102564106 3955.8974358974365 4483.076923076924 4577.435897435898 4122.564102564103 
4519.48717948718 4056.9230769230776 4401.025641025642 4511.794871794872 4491.794871794872 4728.205128205129 4337.948717948719 4359.48717948718 4735.8974358974365 4053.8461538461543 3955.8974358974365 4484.615384615385 4577.435897435898 4120.512820512821 
4523.076923076924 4055.8974358974365 4403.076923076924 4511.282051282052 4494.358974358975 4728.717948717949 4337.948717948719 4361.025641025642 4737.435897435898 4054.8717948717954 3955.8974358974365 4485.128205128206 4577.435897435898 4120.000000000001 
4518.974358974359 4055.8974358974365 4403.076923076924 4511.794871794872 4493.846153846154 4728.205128205129 4335.384615384616 4360.512820512821 4737.948717948719 4050.7692307692314 3954.358974358975 4486.153846153847 4578.461538461539 4121.025641025642 
4514.358974358975 4055.3846153846157 4404.615384615385 4515.384615384616 4489.743589743591 4724.102564102564 4335.384615384616 4362.051282051282 4735.8974358974365 4048.717948717949 3955.3846153846157 4490.256410256411 4580.000000000001 4125.641025641026 
4517.948717948719 4054.8717948717954 4406.153846153847 4516.410256410257 4487.179487179488 4721.538461538462 4332.307692307693 4360.000000000001 4734.358974358975 4051.2820512820517 3959.48717948718 4494.871794871796 4581.538461538462 4130.256410256411 
4517.948717948719 4054.358974358975 4412.820512820514 4517.948717948719 4486.153846153847 4719.48717948718 4324.102564102564 4365.641025641026 4734.358974358975 4052.307692307693 3962.0512820512827 4505.128205128206 4581.538461538462 4136.410256410257 
4519.48717948718 4056.410256410257 4411.282051282052 4516.923076923077 4489.743589743591 4721.025641025642 4324.102564102564 4363.589743589744 4735.8974358974365 4049.7435897435903 3960.5128205128212 4501.538461538462 4586.153846153847 4136.923076923077 
4520.000000000001 4052.307692307693 4413.846153846154 4518.974358974359 4490.769230769231 4717.948717948719 4328.205128205129 4368.717948717949 4737.435897435898 4050.7692307692314 3960.5128205128212 4500.512820512821 4584.102564102564 4136.410256410257 
4520.512820512821 4054.358974358975 4404.615384615385 4516.410256410257 4491.794871794872 4723.076923076924 4330.769230769231 4362.564102564103 4735.8974358974365 4051.7948717948725 3960.5128205128212 4492.307692307693 4581.025641025642 4132.820512820514 
4515.8974358974365 4055.3846153846157 4405.641025641026 4515.384615384616 4490.256410256411 4725.641025641026 4331.282051282052 4365.128205128206 4735.384615384616 4050.2564102564106 3960.0000000000005 4494.871794871796 4582.051282051282 4132.820512820514 
4520.512820512821 4057.435897435898 4398.974358974359 4512.307692307693 4491.282051282052 4728.717948717949 4335.8974358974365 4361.538461538462 4738.461538461539 4050.7692307692314 3954.358974358975 4486.666666666667 4582.564102564103 4127.179487179487 
4519.48717948718 4053.333333333334 4403.589743589744 4514.871794871796 4492.307692307693 4723.589743589744 4335.384615384616 4364.615384615385 4738.974358974359 4052.307692307693 3954.358974358975 4486.666666666667 4577.435897435898 4126.666666666667 
4520.000000000001 4053.8461538461543 4402.051282051282 4514.358974358975 4493.846153846154 4726.153846153847 4336.923076923077 4359.48717948718 4735.8974358974365 4052.307692307693 3956.410256410257 4480.512820512821 4576.410256410257 4124.102564102564 
4519.48717948718 4054.358974358975 4405.641025641026 4516.923076923077 4492.307692307693 4727.6923076923085 4338.461538461539 4363.076923076924 4734.358974358975 4052.307692307693 3957.435897435898 4486.666666666667 4576.923076923077 4124.615384615385 
4521.025641025642 4058.461538461539 4400.512820512821 4515.8974358974365 4492.820512820514 4728.717948717949 4340.000000000001 4360.000000000001 4733.333333333334 4051.7948717948725 3954.358974358975 4483.589743589744 4577.948717948719 4124.102564102564 
4516.923076923077 4056.410256410257 4404.615384615385 4515.8974358974365 4492.820512820514 4726.666666666667 4338.974358974359 4360.000000000001 4735.384615384616 4051.2820512820517 3954.8717948717954 4484.615384615385 4578.461538461539 4125.641025641026 
4516.410256410257 4053.333333333334 4405.128205128206 4514.871794871796 4492.307692307693 4727.6923076923085 4336.923076923077 4359.48717948718 4737.948717948719 4051.7948717948725 3955.8974358974365 4486.153846153847 4581.025641025642 4124.102564102564 
4517.435897435898 4054.8717948717954 4401.538461538462 4514.358974358975 4493.846153846154 4726.153846153847 4334.358974358975 4360.512820512821 4734.871794871796 4050.7692307692314 3953.333333333334 4485.641025641026 4578.461538461539 4125.128205128206 
4519.48717948718 4056.410256410257 4402.051282051282 4513.333333333334 4494.871794871796 4724.615384615386 4335.384615384616 4362.051282051282 4734.871794871796 4051.7948717948725 3953.333333333334 4483.076923076924 4575.384615384616 4126.153846153847 
4518.974358974359 4054.8717948717954 4403.076923076924 4515.384615384616 4495.8974358974365 4727.179487179488 4338.974358974359 4360.512820512821 4736.923076923077 4052.820512820513 3956.410256410257 4483.076923076924 4573.846153846154 4122.564102564103 
4515.384615384616 4052.307692307693 4405.128205128206 4517.948717948719 4495.384615384616 4728.717948717949 4338.461538461539 4363.589743589744 4734.358974358975 4050.2564102564106 3957.9487179487182 4488.717948717949 4573.333333333334 4125.641025641026 
4516.923076923077 4054.358974358975 4403.076923076924 4514.358974358975 4493.846153846154 4729.2307692307695 4340.000000000001 4360.000000000001 4731.794871794872 4050.2564102564106 3953.333333333334 4483.589743589744 4574.871794871796 4127.6923076923085 
4515.8974358974365 4056.410256410257 4408.717948717949 4515.8974358974365 4492.820512820514 4726.153846153847 4338.974358974359 4363.589743589744 4733.846153846154 4053.8461538461543 3952.820512820513 4483.589743589744 4574.358974358975 4128.717948717949 
4515.8974358974365 4057.435897435898 4401.538461538462 4517.948717948719 4497.435897435898 4729.2307692307695 4340.000000000001 4360.512820512821 4732.307692307693 4051.7948717948725 3952.307692307693 4478.461538461539 4573.333333333334 4123.589743589744 
4515.8974358974365 4052.820512820513 4404.615384615385 4518.461538461539 4496.923076923077 4730.769230769231 4341.538461538462 4366.153846153847 4731.282051282052 4050.2564102564106 3952.307692307693 4482.564102564103 4571.794871794872 4124.102564102564 
4518.974358974359 4056.410256410257 4405.128205128206 4514.358974358975 4496.923076923077 4734.358974358975 4342.564102564103 4361.025641025642 4733.846153846154 4049.23076923077 3951.2820512820517 4477.948717948719 4572.820512820514 4122.051282051282 
4511.794871794872 4057.435897435898 4409.2307692307695 4518.974358974359 4497.435897435898 4729.743589743591 4338.974358974359 4362.564102564103 4732.820512820514 4047.692307692308 3952.820512820513 4482.564102564103 4572.307692307693 4125.641025641026 
4514.871794871796 4058.461538461539 4398.974358974359 4517.948717948719 4498.974358974359 4731.794871794872 4341.538461538462 4360.000000000001 4731.794871794872 4048.717948717949 3951.2820512820517 4478.974358974359 4573.333333333334 4126.153846153847 
4519.48717948718 4056.9230769230776 4401.025641025642 4516.923076923077 4497.435897435898 4731.282051282052 4345.128205128206 4366.666666666667 4734.358974358975 4048.717948717949 3950.7692307692314 4480.512820512821 4569.743589743591 4126.666666666667 
4520.000000000001 4062.564102564103 4398.461538461539 4515.8974358974365 4499.48717948718 4733.333333333334 4348.717948717949 4361.538461538462 4735.384615384616 4046.666666666667 3948.205128205129 4473.846153846154 4570.769230769231 4125.641025641026 
4516.923076923077 4064.1025641025644 4398.461538461539 4518.461538461539 4500.512820512821 4733.333333333334 4346.666666666667 4363.076923076924 4733.333333333334 4047.692307692308 3944.615384615385 4474.871794871796 4574.358974358975 4128.717948717949 
4520.512820512821 4065.1282051282055 4393.846153846154 4517.435897435898 4500.512820512821 4737.948717948719 4346.153846153847 4364.102564102564 4732.307692307693 4048.205128205129 3941.538461538462 4470.256410256411 4572.307692307693 4127.179487179487 
4518.974358974359 4066.1538461538466 4395.8974358974365 4517.948717948719 4500.512820512821 4740.000000000001 4346.666666666667 4365.641025641026 4733.846153846154 4046.666666666667 3940.5128205128212 4468.205128205129 4568.205128205129 4126.666666666667 
4517.948717948719 4067.1794871794878 4392.820512820514 4517.435897435898 4501.538461538462 4740.000000000001 4348.205128205129 4365.128205128206 4736.410256410257 4049.23076923077 3936.410256410257 4465.641025641026 4573.333333333334 4127.179487179487 
4522.051282051282 4065.6410256410263 4388.717948717949 4515.8974358974365 4503.076923076924 4738.461538461539 4347.6923076923085 4367.179487179487 4737.435897435898 4052.307692307693 3933.8461538461543 4462.564102564103 4574.871794871796 4127.179487179487 
4527.179487179488 4065.6410256410263 4387.179487179487 4516.410256410257 4504.615384615385 4737.948717948719 4346.666666666667 4368.205128205129 4736.923076923077 4050.2564102564106 3937.9487179487182 4459.48717948718 4572.820512820514 4127.6923076923085 
4529.2307692307695 4070.2564102564106 4383.589743589744 4516.923076923077 4506.153846153847 4738.974358974359 4348.717948717949 4363.589743589744 4737.948717948719 4050.2564102564106 3938.461538461539 4453.846153846154 4576.410256410257 4129.2307692307695 
4528.205128205129 4067.692307692308 4382.051282051282 4514.871794871796 4502.051282051282 4738.461538461539 4348.205128205129 4367.179487179487 4738.974358974359 4053.333333333334 3932.307692307693 4456.410256410257 4577.948717948719 4129.2307692307695 
4530.769230769231 4065.6410256410263 4377.948717948719 4509.2307692307695 4498.974358974359 4739.48717948718 4347.6923076923085 4365.128205128206 4737.435897435898 4054.8717948717954 3929.7435897435903 4451.794871794872 4578.974358974359 4126.153846153847 
4529.743589743591 4065.6410256410263 4381.025641025642 4510.256410256411 4498.974358974359 4736.410256410257 4346.153846153847 4369.743589743591 4738.461538461539 4051.2820512820517 3936.410256410257 4452.307692307693 4581.538461538462 4130.256410256411 
4530.256410256411 4068.205128205129 4374.358974358975 4511.282051282052 4504.102564102564 4740.000000000001 4348.205128205129 4366.666666666667 4740.512820512821 4048.717948717949 3936.410256410257 4447.179487179487 4583.076923076924 4127.179487179487 
4527.179487179488 4065.1282051282055 4380.000000000001 4513.846153846154 4502.564102564103 4738.461538461539 4347.179487179487 4372.820512820514 4741.538461538462 4051.7948717948725 3933.8461538461543 4453.333333333334 4578.974358974359 4128.205128205129 
4530.769230769231 4068.205128205129 4377.435897435898 4510.769230769231 4501.025641025642 4738.461538461539 4348.205128205129 4368.717948717949 4742.051282051282 4056.410256410257 3935.3846153846157 4447.179487179487 4579.48717948718 4127.179487179487 
4529.2307692307695 4067.692307692308 4382.051282051282 4510.769230769231 4501.025641025642 4735.384615384616 4345.641025641026 4370.256410256411 4744.102564102564 4056.9230769230776 3936.410256410257 4450.769230769231 4580.000000000001 4128.205128205129 
4529.2307692307695 4065.6410256410263 4380.000000000001 4509.2307692307695 4503.076923076924 4738.461538461539 4345.641025641026 4366.153846153847 4741.538461538462 4055.3846153846157 3935.8974358974365 4447.6923076923085 4582.051282051282 4126.153846153847 
4527.179487179488 4060.5128205128212 4385.128205128206 4513.333333333334 4498.974358974359 4735.8974358974365 4344.615384615385 4369.2307692307695 4740.000000000001 4053.8461538461543 3941.538461538462 4452.307692307693 4582.564102564103 4130.256410256411 
4528.717948717949 4065.1282051282055 4379.48717948718 4511.282051282052 4496.410256410257 4734.871794871796 4342.051282051282 4366.153846153847 4744.102564102564 4055.3846153846157 3943.589743589744 4449.2307692307695 4582.051282051282 4130.256410256411 
4525.641025641026 4064.615384615385 4382.051282051282 4508.717948717949 4495.384615384616 4733.333333333334 4337.948717948719 4369.2307692307695 4744.615384615386 4055.8974358974365 3942.564102564103 4452.820512820514 4582.564102564103 4129.74358974359 
4525.128205128206 4060.5128205128212 4384.615384615385 4509.2307692307695 4497.435897435898 4736.410256410257 4341.538461538462 4367.179487179487 4737.948717948719 4053.8461538461543 3942.564102564103 4455.384615384616 4586.153846153847 4128.717948717949 
4524.102564102564 4057.9487179487182 4386.666666666667 4511.794871794872 4497.435897435898 4735.384615384616 4343.076923076924 4365.128205128206 4737.435897435898 4050.2564102564106 3944.615384615385 4459.48717948718 4584.615384615385 4130.256410256411 
4524.102564102564 4060.5128205128212 4386.153846153847 4509.2307692307695 4496.923076923077 4731.282051282052 4341.025641025642 4366.153846153847 4741.538461538462 4050.7692307692314 3945.6410256410263 4460.512820512821 4582.564102564103 4130.769230769231 
4525.128205128206 4059.48717948718 4388.205128205129 4507.6923076923085 4495.8974358974365 4729.743589743591 4340.512820512821 4367.179487179487 4738.461538461539 4052.820512820513 3946.666666666667 4460.512820512821 4582.051282051282 4128.717948717949 
4522.564102564103 4054.8717948717954 4391.794871794872 4510.769230769231 4496.410256410257 4731.282051282052 4340.512820512821 4367.179487179487 4736.923076923077 4054.8717948717954 3949.2307692307695 4464.615384615385 4578.461538461539 4129.2307692307695 
4520.000000000001 4055.3846153846157 4389.743589743591 4511.794871794872 4497.435897435898 4732.307692307693 4338.461538461539 4360.512820512821 4740.000000000001 4054.8717948717954 3951.7948717948725 4465.128205128206 4577.948717948719 4130.256410256411 
4518.974358974359 4054.8717948717954 4396.410256410257 4512.307692307693 4496.923076923077 4729.2307692307695 4337.948717948719 4363.076923076924 4739.48717948718 4051.7948717948725 3953.333333333334 4471.282051282052 4576.410256410257 4131.282051282052 
4522.564102564103 4056.9230769230776 4397.435897435898 4511.282051282052 4497.435897435898 4731.282051282052 4342.051282051282 4361.538461538462 4737.435897435898 4051.2820512820517 3950.7692307692314 4468.717948717949 4575.384615384616 4129.2307692307695 
4520.000000000001 4053.8461538461543 4400.000000000001 4514.358974358975 4497.435897435898 4729.743589743591 4341.025641025642 4364.102564102564 4739.48717948718 4052.307692307693 3953.333333333334 4471.282051282052 4574.871794871796 4131.282051282052 
4518.461538461539 4054.358974358975 4395.8974358974365 4511.794871794872 4497.435897435898 4731.282051282052 4340.512820512821 4357.948717948719 4737.435897435898 4051.7948717948725 3952.820512820513 4467.6923076923085 4575.8974358974365 4128.717948717949 
4512.820512820514 4053.333333333334 4402.051282051282 4511.794871794872 4496.410256410257 4726.666666666667 4338.461538461539 4366.153846153847 4734.871794871796 4051.7948717948725 3950.7692307692314 4472.307692307693 4572.307692307693 4129.2307692307695 
4516.923076923077 4054.8717948717954 4395.8974358974365 4511.794871794872 4498.974358974359 4729.743589743591 4341.538461538462 4362.051282051282 4734.871794871796 4051.7948717948725 3950.7692307692314 4465.641025641026 4572.820512820514 4126.153846153847 
4518.974358974359 4052.307692307693 4399.48717948718 4515.8974358974365 4497.948717948719 4730.256410256411 4342.564102564103 4362.564102564103 4736.410256410257 4050.7692307692314 3951.2820512820517 4470.769230769231 4573.333333333334 4125.641025641026 
4517.948717948719 4054.358974358975 4398.974358974359 4512.307692307693 4497.435897435898 4732.820512820514 4343.076923076924 4359.48717948718 4736.410256410257 4050.7692307692314 3948.717948717949 4466.153846153847 4571.282051282052 4123.589743589744 
4511.282051282052 4053.333333333334 4404.615384615385 4510.769230769231 4496.923076923077 4731.282051282052 4341.025641025642 4365.128205128206 4736.923076923077 4050.2564102564106 3948.717948717949 4467.6923076923085 4570.256410256411 4126.666666666667 
4515.384615384616 4055.3846153846157 4398.974358974359 4510.256410256411 4496.410256410257 4731.794871794872 4342.564102564103 4362.051282051282 4736.923076923077 4051.2820512820517 3948.717948717949 4466.666666666667 4573.846153846154 4126.153846153847 
4518.974358974359 4055.3846153846157 4400.000000000001 4513.846153846154 4492.307692307693 4728.205128205129 4342.051282051282 4359.48717948718 4736.923076923077 4052.820512820513 3950.2564102564106 4469.743589743591 4575.384615384616 4127.6923076923085 
4518.974358974359 4054.358974358975 4397.435897435898 4512.820512820514 4492.820512820514 4728.205128205129 4340.000000000001 4356.410256410257 4735.8974358974365 4051.7948717948725 3955.8974358974365 4465.641025641026 4575.384615384616 4126.153846153847 
4516.923076923077 4052.820512820513 4397.435897435898 4512.820512820514 4493.846153846154 4729.2307692307695 4337.948717948719 4357.435897435898 4735.384615384616 4051.2820512820517 3957.435897435898 4465.128205128206 4575.8974358974365 4126.153846153847 
4516.923076923077 4053.8461538461543 4397.435897435898 4511.794871794872 4492.820512820514 4729.2307692307695 4341.025641025642 4360.000000000001 4736.923076923077 4052.820512820513 3952.307692307693 4465.128205128206 4577.948717948719 4125.128205128206 
4519.48717948718 4053.8461538461543 4396.410256410257 4508.205128205129 4493.846153846154 4728.205128205129 4344.102564102564 4358.974358974359 4734.358974358975 4051.7948717948725 3953.333333333334 4461.025641025642 4578.461538461539 4123.589743589744 
4517.948717948719 4052.307692307693 4397.435897435898 4509.2307692307695 4494.871794871796 4727.6923076923085 4342.051282051282 4363.076923076924 4733.333333333334 4051.2820512820517 3955.8974358974365 4463.589743589744 4577.435897435898 4125.128205128206 
4516.410256410257 4055.3846153846157 4393.333333333334 4511.794871794872 4496.410256410257 4729.743589743591 4339.48717948718 4358.461538461539 4736.410256410257 4054.358974358975 3953.333333333334 4463.076923076924 4579.48717948718 4125.128205128206 
4513.846153846154 4053.8461538461543 4397.948717948719 4511.282051282052 4495.8974358974365 4729.743589743591 4338.974358974359 4358.461538461539 4740.000000000001 4054.358974358975 3953.8461538461543 4465.641025641026 4578.461538461539 4124.102564102564 
4517.435897435898 4053.333333333334 4394.358974358975 4504.615384615385 4494.358974358975 4730.256410256411 4342.051282051282 4354.871794871796 4737.948717948719 4052.820512820513 3954.8717948717954 4461.025641025642 4578.461538461539 4118.974358974359 
4517.948717948719 4051.2820512820517 4397.948717948719 4508.717948717949 4493.846153846154 4725.641025641026 4342.051282051282 4361.025641025642 4733.846153846154 4054.8717948717954 3956.410256410257 4466.153846153847 4577.948717948719 4123.589743589744 
4521.025641025642 4052.307692307693 4395.384615384616 4511.794871794872 4495.8974358974365 4728.717948717949 4343.076923076924 4355.384615384616 4733.846153846154 4052.820512820513 3956.9230769230776 4461.538461538462 4579.48717948718 4123.589743589744 
4518.461538461539 4048.717948717949 4402.051282051282 4512.307692307693 4494.358974358975 4726.666666666667 4341.538461538462 4357.948717948719 4736.923076923077 4049.7435897435903 3956.9230769230776 4464.615384615385 4575.8974358974365 4124.102564102564 
4517.948717948719 4049.7435897435903 4394.871794871796 4507.6923076923085 4494.358974358975 4727.179487179488 4342.564102564103 4354.871794871796 4736.923076923077 4053.333333333334 3952.820512820513 4458.461538461539 4576.410256410257 4122.051282051282 
4516.923076923077 4050.7692307692314 4400.000000000001 4511.282051282052 4493.846153846154 4723.589743589744 4337.948717948719 4358.974358974359 4735.384615384616 4057.435897435898 3955.8974358974365 4465.641025641026 4579.48717948718 4128.205128205129 
4521.025641025642 4054.8717948717954 4400.512820512821 4510.769230769231 4494.871794871796 4727.179487179488 4336.923076923077 4351.794871794872 4735.8974358974365 4053.8461538461543 3960.5128205128212 4466.666666666667 4582.564102564103 4128.717948717949 
4514.358974358975 4050.2564102564106 4406.666666666667 4510.769230769231 4488.717948717949 4720.512820512821 4334.871794871796 4355.8974358974365 4737.948717948719 4053.333333333334 3963.589743589744 4477.948717948719 4581.025641025642 4134.358974358975 
4515.384615384616 4050.7692307692314 4400.512820512821 4510.256410256411 4486.666666666667 4721.538461538462 4335.384615384616 4354.358974358975 4737.948717948719 4055.3846153846157 3960.5128205128212 4473.333333333334 4582.564102564103 4132.307692307693 
4520.000000000001 4052.820512820513 4397.435897435898 4511.794871794872 4491.794871794872 4727.179487179488 4335.384615384616 4350.769230769231 4737.948717948719 4053.8461538461543 3957.9487179487182 4464.615384615385 4584.615384615385 4126.153846153847 
4513.333333333334 4042.564102564103 4410.769230769231 4513.846153846154 4489.2307692307695 4715.384615384616 4328.717948717949 4358.974358974359 4739.48717948718 4054.8717948717954 3964.1025641025644 4480.512820512821 4581.025641025642 4136.410256410257 
4510.769230769231 4039.48717948718 4416.410256410257 4515.384615384616 4484.102564102564 4708.205128205129 4327.179487179487 4365.641025641026 4738.974358974359 4055.3846153846157 3966.1538461538466 4493.846153846154 4581.538461538462 4146.666666666667 
4515.384615384616 4048.717948717949 4408.717948717949 4513.333333333334 4485.128205128206 4714.871794871796 4333.333333333334 4361.538461538462 4737.435897435898 4052.820512820513 3962.564102564103 4487.179487179488 4585.641025641026 4142.051282051282 
4514.358974358975 4050.7692307692314 4406.666666666667 4510.769230769231 4487.6923076923085 4716.923076923077 4332.307692307693 4356.410256410257 4736.410256410257 4053.8461538461543 3963.076923076924 4478.974358974359 4585.128205128206 4137.948717948719 
4507.179487179488 4041.538461538462 4420.000000000001 4515.8974358974365 4482.051282051282 4707.179487179488 4323.589743589744 4366.666666666667 4738.974358974359 4055.3846153846157 3968.717948717949 4493.333333333334 4581.025641025642 4148.205128205129 
4513.333333333334 4046.1538461538466 4417.435897435898 4516.410256410257 4483.076923076924 4711.282051282052 4322.564102564103 4362.564102564103 4738.461538461539 4053.333333333334 3967.1794871794878 4496.923076923077 4584.615384615385 4151.282051282052 
4511.282051282052 4045.6410256410263 4422.051282051282 4516.410256410257 4483.589743589744 4709.743589743591 4322.564102564103 4364.615384615385 4735.8974358974365 4051.7948717948725 3968.205128205129 4503.076923076924 4585.641025641026 4153.846153846154 
4508.205128205129 4042.0512820512827 4422.564102564103 4514.871794871796 4482.564102564103 4707.6923076923085 4323.589743589744 4362.051282051282 4735.384615384616 4054.358974358975 3972.307692307693 4500.000000000001 4585.641025641026 4152.820512820514 
4507.6923076923085 4041.538461538462 4423.076923076924 4517.435897435898 4484.102564102564 4706.153846153847 4321.538461538462 4365.128205128206 4738.974358974359 4056.410256410257 3974.358974358975 4503.076923076924 4587.179487179488 4154.358974358975 
4508.717948717949 4042.564102564103 4421.025641025642 4516.410256410257 4482.564102564103 4702.564102564103 4317.948717948719 4364.615384615385 4739.48717948718 4056.410256410257 3973.8461538461543 4507.179487179488 4589.2307692307695 4157.948717948719 
4504.615384615385 4037.435897435898 4432.820512820514 4517.948717948719 4477.435897435898 4695.384615384616 4315.384615384616 4371.282051282052 4736.410256410257 4053.8461538461543 3976.410256410257 4518.461538461539 4588.717948717949 4164.102564102564 
4505.641025641026 4041.0256410256416 4429.2307692307695 4514.871794871796 4475.8974358974365 4696.923076923077 4317.948717948719 4367.179487179487 4734.871794871796 4053.8461538461543 3975.3846153846157 4515.8974358974365 4589.2307692307695 4163.589743589744 
4506.153846153847 4043.076923076924 4429.2307692307695 4516.923076923077 4475.384615384616 4696.410256410257 4313.846153846154 4370.256410256411 4737.948717948719 4053.333333333334 3975.3846153846157 4517.435897435898 4588.717948717949 4166.666666666667 
4509.2307692307695 4043.076923076924 4427.179487179487 4516.410256410257 4478.974358974359 4698.461538461539 4313.846153846154 4368.205128205129 4739.48717948718 4052.307692307693 3975.8974358974365 4511.794871794872 4588.205128205129 4163.589743589744 
4504.615384615385 4042.0512820512827 4434.358974358975 4515.384615384616 4478.461538461539 4699.48717948718 4318.461538461539 4369.743589743591 4736.923076923077 4053.333333333334 3974.8717948717954 4513.846153846154 4585.128205128206 4164.102564102564 
4506.666666666667 4046.1538461538466 4429.2307692307695 4516.410256410257 4479.48717948718 4706.666666666667 4323.076923076924 4366.666666666667 4735.8974358974365 4055.3846153846157 3969.2307692307695 4506.666666666667 4583.589743589744 4162.051282051282 
4510.769230769231 4046.1538461538466 4425.128205128206 4521.025641025642 4483.076923076924 4709.2307692307695 4324.102564102564 4366.666666666667 4735.8974358974365 4052.820512820513 3967.1794871794878 4500.000000000001 4586.666666666667 4158.974358974359 
4510.769230769231 4046.1538461538466 4424.615384615385 4520.000000000001 4484.102564102564 4708.717948717949 4324.615384615385 4366.153846153847 4735.8974358974365 4049.7435897435903 3967.692307692308 4499.48717948718 4586.153846153847 4155.8974358974365 
4508.205128205129 4046.666666666667 4423.589743589744 4515.384615384616 4482.051282051282 4708.717948717949 4326.153846153847 4364.615384615385 4735.384615384616 4050.2564102564106 3968.717948717949 4500.512820512821 4584.102564102564 4157.435897435898 
4507.6923076923085 4044.615384615385 4422.564102564103 4518.461538461539 4485.128205128206 4709.743589743591 4325.641025641026 4366.666666666667 4735.384615384616 4051.7948717948725 3969.2307692307695 4501.025641025642 4583.076923076924 4160.000000000001 
4510.256410256411 4047.1794871794878 4417.948717948719 4522.051282051282 4487.6923076923085 4712.307692307693 4324.615384615385 4364.615384615385 4735.8974358974365 4053.333333333334 3965.6410256410263 4498.974358974359 4584.102564102564 4156.923076923077 
4509.2307692307695 4048.205128205129 4421.025641025642 4521.025641025642 4483.589743589744 4712.820512820514 4325.128205128206 4365.641025641026 4736.410256410257 4052.820512820513 3965.1282051282055 4501.538461538462 4582.564102564103 4155.384615384616 
4512.307692307693 4047.1794871794878 4416.410256410257 4512.820512820514 4483.589743589744 4715.8974358974365 4324.615384615385 4362.051282051282 4735.8974358974365 4051.2820512820517 3966.1538461538466 4494.871794871796 4581.025641025642 4155.384615384616 
4511.794871794872 4045.6410256410263 4420.512820512821 4513.846153846154 4485.128205128206 4713.333333333334 4323.076923076924 4368.205128205129 4735.8974358974365 4051.2820512820517 3968.205128205129 4497.948717948719 4580.000000000001 4157.948717948719 
4513.333333333334 4050.2564102564106 4420.512820512821 4515.8974358974365 4486.666666666667 4715.384615384616 4328.717948717949 4364.102564102564 4734.871794871796 4052.307692307693 3965.6410256410263 4494.358974358975 4582.051282051282 4153.846153846154 
4510.256410256411 4047.692307692308 4426.666666666667 4519.48717948718 4486.153846153847 4712.307692307693 4330.769230769231 4364.102564102564 4735.384615384616 4050.7692307692314 3965.1282051282055 4495.8974358974365 4579.48717948718 4155.384615384616 
4510.256410256411 4048.717948717949 4420.512820512821 4517.435897435898 4489.743589743591 4712.307692307693 4329.2307692307695 4358.461538461539 4736.923076923077 4051.2820512820517 3963.076923076924 4489.743589743591 4577.435897435898 4152.820512820514 
4509.2307692307695 4048.205128205129 4421.025641025642 4516.923076923077 4489.2307692307695 4714.358974358975 4328.205128205129 4364.102564102564 4737.435897435898 4051.2820512820517 3963.589743589744 4497.435897435898 4577.948717948719 4151.282051282052 
4513.333333333334 4047.1794871794878 4414.358974358975 4515.8974358974365 4487.179487179488 4720.512820512821 4332.820512820514 4362.051282051282 4733.846153846154 4050.2564102564106 3964.615384615385 4492.307692307693 4580.000000000001 4147.6923076923085 
4513.333333333334 4044.1025641025644 4417.435897435898 4519.48717948718 4486.666666666667 4714.871794871796 4330.256410256411 4366.666666666667 4733.333333333334 4049.7435897435903 3965.6410256410263 4491.794871794872 4577.435897435898 4150.256410256411 
