4141.025641025642 3609.7435897435903 4013.8461538461543 4210.769230769231 4132.307692307693 4376.923076923077 3931.2820512820517 4001.538461538462 4349.2307692307695 3591.2820512820517 3552.307692307693 3850.2564102564106 4201.025641025642 4043.589743589744 
4163.076923076924 3628.205128205129 4031.2820512820517 4223.076923076924 4132.820512820514 4388.205128205129 3938.9743589743593 4016.9230769230776 4368.717948717949 3612.307692307693 3574.8717948717954 3870.7692307692314 4226.153846153847 4063.589743589744 
4160.512820512821 3618.9743589743593 4025.6410256410263 4213.846153846154 4114.871794871796 4376.923076923077 3920.5128205128212 4011.2820512820517 4364.102564102564 3612.820512820513 3565.6410256410263 3867.1794871794878 4217.435897435898 4060.5128205128212 
4150.256410256411 3609.7435897435903 4015.3846153846157 4203.076923076924 4116.923076923077 4362.051282051282 3901.0256410256416 4000.5128205128212 4353.846153846154 3604.615384615385 3554.3589743589746 3856.410256410257 4205.128205128206 4049.23076923077 
4154.358974358975 3620.0000000000005 4022.564102564103 4214.358974358975 4132.820512820514 4371.794871794872 3909.7435897435903 3998.461538461539 4358.461538461539 3598.9743589743593 3560.512820512821 3860.512820512821 4212.820512820514 4051.2820512820517 
4169.2307692307695 3636.9230769230776 4038.9743589743593 4232.820512820514 4143.589743589744 4394.871794871796 3932.307692307693 4012.820512820513 4373.333333333334 3609.2307692307695 3569.2307692307695 3873.8461538461543 4224.102564102564 4062.0512820512827 
4189.74358974359 3655.3846153846157 4056.9230769230776 4245.128205128206 4163.589743589744 4416.923076923077 3954.8717948717954 4038.9743589743593 4392.307692307693 3636.410256410257 3586.666666666667 3894.358974358975 4241.538461538462 4077.9487179487187 
4204.615384615385 3674.358974358975 4074.358974358975 4258.461538461539 4184.615384615385 4441.025641025642 3977.435897435898 4059.48717948718 4412.820512820514 3658.9743589743593 3611.794871794872 3913.8461538461543 4268.205128205129 4095.3846153846157 
4207.6923076923085 3688.717948717949 4082.0512820512827 4268.717948717949 4190.769230769231 4457.948717948719 3994.8717948717954 4060.0000000000005 4422.564102564103 3664.1025641025644 3618.461538461539 3917.9487179487182 4276.410256410257 4100.512820512821 
4213.846153846154 3701.0256410256416 4086.666666666667 4273.846153846154 4197.948717948719 4463.076923076924 4005.1282051282055 4055.8974358974365 4422.564102564103 3668.717948717949 3614.358974358975 3922.0512820512827 4273.846153846154 4099.48717948718 
4225.128205128206 3710.2564102564106 4096.410256410257 4278.974358974359 4213.333333333334 4468.205128205129 4012.820512820513 4063.076923076924 4428.205128205129 3685.1282051282055 3626.666666666667 3933.333333333334 4285.641025641026 4106.153846153847 
4236.410256410257 3718.461538461539 4111.794871794872 4287.6923076923085 4224.615384615385 4483.076923076924 4025.6410256410263 4084.615384615385 4445.641025641026 3700.512820512821 3646.1538461538466 3947.692307692308 4303.076923076924 4117.948717948719 
4256.923076923077 3739.48717948718 4134.358974358975 4305.641025641026 4237.948717948719 4504.615384615385 4043.076923076924 4118.461538461539 4473.333333333334 3714.8717948717954 3662.0512820512827 3971.2820512820517 4320.000000000001 4137.435897435898 
4279.48717948718 3761.538461538462 4154.871794871796 4322.564102564103 4254.358974358975 4515.8974358974365 4050.7692307692314 4143.076923076924 4497.435897435898 3738.461538461539 3676.9230769230776 3995.3846153846157 4335.384615384616 4155.8974358974365 
4298.974358974359 3776.9230769230776 4171.794871794872 4332.820512820514 4269.74358974359 4521.538461538462 4051.7948717948725 4153.333333333334 4509.743589743591 3760.512820512821 3692.820512820513 4011.2820512820517 4351.794871794872 4169.74358974359 
4322.051282051282 3797.9487179487182 4190.769230769231 4346.153846153847 4288.717948717949 4535.384615384616 4057.435897435898 4156.410256410257 4519.48717948718 3767.692307692308 3709.7435897435903 4029.23076923077 4369.743589743591 4184.102564102564 
4335.384615384616 3816.9230769230776 4207.6923076923085 4360.000000000001 4300.000000000001 4549.2307692307695 4067.692307692308 4160.000000000001 4526.666666666667 3772.307692307693 3720.512820512821 4047.1794871794878 4383.076923076924 4196.410256410257 
4344.102564102564 3827.692307692308 4220.000000000001 4370.256410256411 4304.102564102564 4560.512820512821 4083.076923076924 4172.307692307693 4535.8974358974365 3784.1025641025644 3729.2307692307695 4061.0256410256416 4394.358974358975 4209.2307692307695 
4368.205128205129 3848.717948717949 4243.076923076924 4385.641025641026 4327.6923076923085 4584.102564102564 4110.256410256411 4202.051282051282 4566.153846153847 3812.307692307693 3749.2307692307695 4084.1025641025644 4413.846153846154 4228.205128205129 
4388.205128205129 3869.2307692307695 4260.512820512821 4397.948717948719 4353.846153846154 4603.076923076924 4130.256410256411 4228.205128205129 4595.384615384616 3838.461538461539 3766.666666666667 4102.564102564103 4426.153846153847 4238.461538461539 
4385.128205128206 3871.2820512820517 4257.948717948719 4398.974358974359 4353.333333333334 4601.025641025642 4133.333333333334 4234.871794871796 4596.923076923077 3844.615384615385 3769.7435897435903 4102.564102564103 4425.641025641026 4236.410256410257 
4395.384615384616 3883.076923076924 4269.74358974359 4411.282051282052 4356.410256410257 4612.820512820514 4150.256410256411 4247.6923076923085 4605.128205128206 3855.3846153846157 3780.512820512821 4112.820512820514 4443.589743589744 4248.205128205129 
4428.205128205129 3917.435897435898 4305.128205128206 4437.948717948719 4388.717948717949 4647.6923076923085 4183.589743589744 4276.923076923077 4638.974358974359 3884.1025641025644 3811.2820512820517 4142.051282051282 4476.923076923077 4275.384615384616 
4444.615384615385 3936.9230769230776 4320.512820512821 4446.666666666667 4412.820512820514 4661.538461538462 4196.923076923077 4293.846153846154 4658.461538461539 3901.538461538462 3832.307692307693 4162.564102564103 4492.307692307693 4290.256410256411 
4445.128205128206 3935.3846153846157 4317.435897435898 4440.000000000001 4407.6923076923085 4654.358974358975 4185.128205128206 4291.794871794872 4657.948717948719 3902.0512820512827 3830.7692307692314 4166.666666666667 4493.846153846154 4289.74358974359 
4460.512820512821 3950.2564102564106 4331.282051282052 4451.794871794872 4410.769230769231 4663.076923076924 4185.641025641026 4298.974358974359 4671.282051282052 3916.410256410257 3835.3846153846157 4176.410256410257 4504.615384615385 4300.000000000001 
4485.641025641026 3981.0256410256416 4357.948717948719 4480.512820512821 4434.358974358975 4685.128205128206 4206.153846153847 4320.000000000001 4695.8974358974365 3939.48717948718 3860.512820512821 4198.461538461539 4529.2307692307695 4323.589743589744 
4504.615384615385 4000.5128205128212 4380.000000000001 4498.461538461539 4456.923076923077 4701.538461538462 4220.512820512821 4338.461538461539 4713.333333333334 3962.564102564103 3887.1794871794878 4223.076923076924 4556.410256410257 4341.538461538462 
4515.8974358974365 4006.666666666667 4393.846153846154 4501.538461538462 4467.6923076923085 4709.2307692307695 4226.153846153847 4350.769230769231 4722.051282051282 3975.3846153846157 3894.358974358975 4242.051282051282 4566.153846153847 4350.256410256411 
4521.538461538462 4012.820512820513 4398.461538461539 4506.666666666667 4472.820512820514 4715.384615384616 4239.48717948718 4359.48717948718 4725.128205128206 3977.9487179487182 3894.8717948717954 4248.717948717949 4562.564102564103 4354.871794871796 
4524.102564102564 4022.0512820512827 4402.564102564103 4511.794871794872 4479.48717948718 4728.717948717949 4257.948717948719 4369.2307692307695 4731.794871794872 3984.1025641025644 3905.6410256410263 4249.2307692307695 4566.153846153847 4357.435897435898 
4531.282051282052 4034.8717948717954 4413.846153846154 4515.8974358974365 4487.179487179488 4745.128205128206 4272.307692307693 4386.153846153847 4746.666666666667 3995.8974358974365 3917.9487179487182 4259.48717948718 4583.589743589744 4365.641025641026 
4534.871794871796 4037.435897435898 4414.358974358975 4514.358974358975 4494.358974358975 4744.102564102564 4271.282051282052 4388.205128205129 4750.256410256411 4001.538461538462 3919.48717948718 4266.153846153847 4591.282051282052 4371.282051282052 
4526.666666666667 4025.6410256410263 4401.538461538462 4504.615384615385 4491.282051282052 4734.358974358975 4263.589743589744 4376.410256410257 4742.051282051282 3995.8974358974365 3914.358974358975 4256.923076923077 4582.564102564103 4364.615384615385 
4521.538461538462 4021.538461538462 4398.974358974359 4500.512820512821 4478.974358974359 4731.794871794872 4264.615384615385 4375.384615384616 4743.076923076924 3992.307692307693 3909.2307692307695 4252.307692307693 4574.358974358975 4360.512820512821 
4517.435897435898 4018.9743589743593 4399.48717948718 4497.948717948719 4460.512820512821 4720.512820512821 4260.512820512821 4370.769230769231 4740.000000000001 3984.615384615385 3900.0000000000005 4249.74358974359 4566.666666666667 4359.48717948718 
4495.8974358974365 3991.7948717948725 4375.8974358974365 4477.948717948719 4436.923076923077 4690.256410256411 4229.74358974359 4342.051282051282 4711.282051282052 3957.435897435898 3877.435897435898 4227.6923076923085 4547.179487179488 4338.461538461539 
4474.871794871796 3968.205128205129 4352.307692307693 4460.512820512821 4426.153846153847 4668.717948717949 4204.615384615385 4317.435897435898 4686.153846153847 3935.8974358974365 3859.48717948718 4207.179487179487 4528.205128205129 4318.461538461539 
4475.8974358974365 3974.358974358975 4352.820512820514 4462.564102564103 4433.333333333334 4666.666666666667 4203.589743589744 4309.743589743591 4681.025641025642 3932.307692307693 3853.8461538461543 4204.615384615385 4523.589743589744 4316.923076923077 
4473.846153846154 3974.358974358975 4351.794871794872 4457.435897435898 4430.256410256411 4662.051282051282 4198.461538461539 4296.410256410257 4667.179487179488 3924.1025641025644 3849.2307692307695 4195.384615384616 4515.8974358974365 4313.333333333334 
4459.48717948718 3958.461538461539 4342.051282051282 4447.6923076923085 4408.717948717949 4652.820512820514 4185.128205128206 4281.538461538462 4649.2307692307695 3911.7948717948725 3842.564102564103 4184.102564102564 4505.128205128206 4305.128205128206 
4460.000000000001 3957.435897435898 4338.974358974359 4453.333333333334 4402.564102564103 4648.717948717949 4179.48717948718 4278.974358974359 4649.743589743591 3911.2820512820517 3843.076923076924 4187.179487179487 4508.717948717949 4306.666666666667 
4469.2307692307695 3967.692307692308 4341.025641025642 4457.948717948719 4414.358974358975 4644.102564102564 4174.358974358975 4281.025641025642 4654.871794871796 3914.358974358975 3845.6410256410263 4189.2307692307695 4516.410256410257 4312.307692307693 
4471.794871794872 3966.1538461538466 4341.025641025642 4453.846153846154 4412.820512820514 4641.025641025642 4172.820512820514 4284.615384615385 4655.8974358974365 3914.8717948717954 3847.1794871794878 4184.615384615385 4515.384615384616 4311.794871794872 
4467.6923076923085 3959.48717948718 4339.48717948718 4450.256410256411 4403.589743589744 4641.538461538462 4180.512820512821 4296.923076923077 4662.564102564103 3915.3846153846157 3846.1538461538466 4185.641025641026 4512.307692307693 4309.2307692307695 
4456.410256410257 3949.2307692307695 4330.769230769231 4439.48717948718 4392.307692307693 4635.8974358974365 4184.102564102564 4302.051282051282 4665.641025641026 3910.2564102564106 3836.410256410257 4183.589743589744 4507.6923076923085 4304.615384615385 
4443.589743589744 3932.307692307693 4317.435897435898 4426.153846153847 4380.512820512821 4623.076923076924 4174.358974358975 4286.153846153847 4652.820512820514 3903.076923076924 3828.717948717949 4171.794871794872 4496.923076923077 4295.384615384616 
4436.923076923077 3922.0512820512827 4311.282051282052 4423.589743589744 4376.923076923077 4616.410256410257 4168.205128205129 4270.256410256411 4636.923076923077 3894.8717948717954 3825.6410256410263 4161.538461538462 4486.666666666667 4287.6923076923085 
4432.820512820514 3920.5128205128212 4308.205128205129 4425.641025641026 4374.871794871796 4616.410256410257 4170.256410256411 4264.615384615385 4631.794871794872 3883.076923076924 3816.9230769230776 4156.923076923077 4478.974358974359 4284.615384615385 
4420.000000000001 3908.205128205129 4294.358974358975 4413.846153846154 4366.666666666667 4607.179487179488 4159.48717948718 4245.641025641026 4619.48717948718 3869.7435897435903 3801.538461538462 4142.051282051282 4468.717948717949 4271.282051282052 
4409.2307692307695 3898.461538461539 4282.051282051282 4404.102564102564 4364.615384615385 4602.564102564103 4148.717948717949 4229.74358974359 4608.205128205129 3865.1282051282055 3793.333333333334 4128.205128205129 4463.076923076924 4259.48717948718 
4420.000000000001 3914.8717948717954 4294.871794871796 4420.512820512821 4377.948717948719 4620.512820512821 4165.641025641026 4247.179487179487 4622.564102564103 3881.538461538462 3807.692307692308 4141.538461538462 4473.846153846154 4272.307692307693 
4443.589743589744 3941.0256410256416 4323.076923076924 4446.666666666667 4400.000000000001 4646.153846153847 4186.666666666667 4271.794871794872 4645.641025641026 3903.589743589744 3833.8461538461543 4168.717948717949 4496.410256410257 4293.846153846154 
4463.076923076924 3959.48717948718 4342.564102564103 4460.000000000001 4416.923076923077 4656.410256410257 4185.641025641026 4282.051282051282 4657.435897435898 3918.461538461539 3850.2564102564106 4185.641025641026 4515.384615384616 4307.6923076923085 
4475.384615384616 3972.820512820513 4349.743589743591 4464.102564102564 4418.461538461539 4656.410256410257 4187.179487179487 4299.48717948718 4672.307692307693 3934.8717948717954 3857.435897435898 4195.384615384616 4521.538461538462 4318.461538461539 
4480.000000000001 3980.0000000000005 4355.8974358974365 4469.743589743591 4426.666666666667 4661.025641025642 4201.025641025642 4320.000000000001 4687.179487179488 3947.1794871794878 3864.1025641025644 4204.615384615385 4524.102564102564 4322.051282051282 
4481.025641025642 3984.615384615385 4364.615384615385 4476.410256410257 4446.153846153847 4668.717948717949 4209.2307692307695 4327.6923076923085 4691.794871794872 3951.2820512820517 3871.2820512820517 4212.820512820514 4534.871794871796 4324.102564102564 
4485.641025641026 3989.7435897435903 4368.205128205129 4477.435897435898 4447.179487179487 4674.871794871796 4220.000000000001 4329.743589743591 4701.025641025642 3954.358974358975 3876.410256410257 4215.8974358974365 4539.48717948718 4331.282051282052 
4489.2307692307695 3990.7692307692314 4369.743589743591 4476.923076923077 4434.871794871796 4685.641025641026 4238.974358974359 4332.820512820514 4714.358974358975 3961.0256410256416 3878.461538461539 4212.820512820514 4539.48717948718 4332.820512820514 
4494.358974358975 3994.8717948717954 4377.435897435898 4486.153846153847 4438.974358974359 4700.512820512821 4251.794871794872 4336.410256410257 4721.025641025642 3969.2307692307695 3883.589743589744 4218.461538461539 4548.205128205129 4335.8974358974365 
4500.512820512821 4003.589743589744 4383.076923076924 4495.8974358974365 4456.923076923077 4703.076923076924 4249.74358974359 4341.025641025642 4720.000000000001 3971.7948717948725 3891.2820512820517 4231.282051282052 4555.384615384616 4342.564102564103 
4501.025641025642 4002.564102564103 4382.051282051282 4490.256410256411 4464.102564102564 4694.871794871796 4244.102564102564 4342.051282051282 4714.871794871796 3970.7692307692314 3890.7692307692314 4230.256410256411 4553.846153846154 4340.000000000001 
4496.410256410257 4000.0000000000005 4381.025641025642 4484.615384615385 4453.333333333334 4693.846153846154 4242.564102564103 4340.512820512821 4712.820512820514 3970.2564102564106 3887.692307692308 4224.102564102564 4554.358974358975 4337.435897435898 
4498.974358974359 4006.1538461538466 4383.589743589744 4490.256410256411 4445.641025641026 4697.435897435898 4243.076923076924 4343.589743589744 4718.461538461539 3970.2564102564106 3894.8717948717954 4234.358974358975 4564.102564102564 4346.153846153847 
4500.000000000001 4007.692307692308 4382.564102564103 4488.717948717949 4450.256410256411 4689.743589743591 4235.384615384616 4341.025641025642 4716.923076923077 3969.7435897435903 3898.461538461539 4243.589743589744 4565.128205128206 4350.256410256411 
4501.025641025642 4005.6410256410263 4382.051282051282 4486.666666666667 4453.846153846154 4680.000000000001 4226.666666666667 4333.846153846154 4710.256410256411 3973.8461538461543 3897.435897435898 4238.974358974359 4561.538461538462 4349.743589743591 
4517.435897435898 4017.435897435898 4393.846153846154 4498.974358974359 4460.512820512821 4691.282051282052 4232.820512820514 4345.641025641026 4723.076923076924 3985.6410256410263 3909.7435897435903 4247.179487179487 4573.333333333334 4360.512820512821 
4538.974358974359 4037.435897435898 4413.333333333334 4511.794871794872 4478.974358974359 4712.307692307693 4249.74358974359 4371.282051282052 4745.128205128206 4002.0512820512827 3924.1025641025644 4267.179487179487 4589.2307692307695 4375.8974358974365 
4542.564102564103 4041.538461538462 4422.051282051282 4515.384615384616 4487.6923076923085 4722.564102564103 4264.615384615385 4382.564102564103 4753.333333333334 4010.7692307692314 3924.615384615385 4271.794871794872 4588.717948717949 4378.461538461539 
4537.435897435898 4036.410256410257 4418.461538461539 4518.974358974359 4481.025641025642 4728.205128205129 4273.333333333334 4386.666666666667 4755.8974358974365 4005.1282051282055 3922.0512820512827 4267.179487179487 4588.205128205129 4376.410256410257 
4543.589743589744 4041.538461538462 4419.48717948718 4522.051282051282 4485.641025641026 4737.948717948719 4283.589743589744 4397.948717948719 4765.641025641026 4007.1794871794878 3927.692307692308 4270.769230769231 4597.948717948719 4381.025641025642 
4549.743589743591 4053.8461538461543 4427.179487179487 4526.153846153847 4506.153846153847 4746.666666666667 4293.333333333334 4405.128205128206 4775.384615384616 4024.615384615385 3934.8717948717954 4275.384615384616 4600.512820512821 4384.615384615385 
4546.666666666667 4061.538461538462 4431.282051282052 4534.358974358975 4516.923076923077 4751.282051282052 4296.410256410257 4401.538461538462 4779.48717948718 4033.333333333334 3935.8974358974365 4277.435897435898 4597.948717948719 4384.615384615385 
4551.794871794872 4070.2564102564106 4438.461538461539 4545.641025641026 4518.974358974359 4758.974358974359 4300.000000000001 4403.589743589744 4782.564102564103 4030.2564102564106 3940.0000000000005 4286.153846153847 4606.666666666667 4387.179487179487 
4569.2307692307695 4087.1794871794878 4454.358974358975 4558.461538461539 4535.384615384616 4773.333333333334 4312.820512820514 4415.384615384616 4795.384615384616 4043.076923076924 3956.9230769230776 4302.051282051282 4625.128205128206 4400.000000000001 
4589.2307692307695 4107.6923076923085 4474.358974358975 4574.358974358975 4562.051282051282 4792.307692307693 4328.717948717949 4424.615384615385 4814.358974358975 4070.7692307692314 3980.5128205128212 4323.076923076924 4648.205128205129 4420.512820512821 
4606.666666666667 4125.641025641026 4490.256410256411 4590.256410256411 4574.358974358975 4807.6923076923085 4342.051282051282 4425.128205128206 4826.153846153847 4090.2564102564106 3996.9230769230776 4345.128205128206 4667.6923076923085 4434.871794871796 
4621.025641025642 4137.948717948719 4504.615384615385 4600.000000000001 4574.358974358975 4817.948717948719 4353.846153846154 4433.846153846154 4834.871794871796 4101.025641025642 4006.1538461538466 4360.512820512821 4675.8974358974365 4442.051282051282 
4640.000000000001 4152.820512820514 4523.589743589744 4613.333333333334 4588.205128205129 4832.307692307693 4365.641025641026 4465.641025641026 4855.8974358974365 4116.923076923077 4018.9743589743593 4373.846153846154 4686.666666666667 4455.384615384616 
4664.102564102564 4175.8974358974365 4545.641025641026 4632.820512820514 4615.8974358974365 4849.743589743591 4386.153846153847 4509.2307692307695 4884.102564102564 4136.923076923077 4042.0512820512827 4395.8974358974365 4709.2307692307695 4475.384615384616 
4678.461538461539 4194.871794871796 4562.564102564103 4647.179487179488 4635.384615384616 4864.615384615386 4409.743589743591 4536.923076923077 4906.153846153847 4152.307692307693 4059.48717948718 4416.923076923077 4726.153846153847 4487.179487179488 
4673.333333333334 4192.307692307693 4562.564102564103 4642.051282051282 4630.256410256411 4866.153846153847 4411.794871794872 4533.846153846154 4905.128205128206 4147.6923076923085 4049.7435897435903 4413.333333333334 4716.923076923077 4485.128205128206 
4668.205128205129 4182.051282051282 4558.461538461539 4635.8974358974365 4616.410256410257 4859.48717948718 4401.025641025642 4522.564102564103 4891.282051282052 4131.794871794872 4037.435897435898 4402.051282051282 4704.102564102564 4481.025641025642 
4672.307692307693 4184.102564102564 4560.512820512821 4640.512820512821 4616.410256410257 4858.974358974359 4400.512820512821 4523.076923076924 4891.282051282052 4130.769230769231 4044.1025641025644 4405.128205128206 4712.307692307693 4483.076923076924 
4670.256410256411 4185.641025641026 4553.333333333334 4640.512820512821 4620.512820512821 4858.974358974359 4403.076923076924 4521.538461538462 4893.846153846154 4142.051282051282 4043.589743589744 4406.666666666667 4717.435897435898 4484.102564102564 
4662.051282051282 4174.871794871796 4542.564102564103 4631.794871794872 4615.384615384616 4855.384615384616 4402.564102564103 4503.589743589744 4882.051282051283 4138.974358974359 4034.358974358975 4397.948717948719 4710.256410256411 4476.410256410257 
4656.923076923077 4171.282051282052 4543.076923076924 4626.666666666667 4613.846153846154 4858.461538461539 4403.076923076924 4488.205128205129 4869.2307692307695 4128.717948717949 4036.410256410257 4392.820512820514 4708.717948717949 4471.282051282052 
4650.256410256411 4170.769230769231 4542.051282051282 4624.102564102564 4613.846153846154 4857.435897435898 4396.923076923077 4473.846153846154 4856.923076923077 4121.025641025642 4035.3846153846157 4387.179487179487 4705.128205128206 4467.179487179487 
4644.102564102564 4158.461538461539 4530.769230769231 4618.974358974359 4602.564102564103 4845.128205128206 4387.6923076923085 4457.948717948719 4843.076923076924 4108.717948717949 4020.5128205128212 4376.923076923077 4694.871794871796 4460.000000000001 
4646.153846153847 4155.8974358974365 4527.179487179488 4620.000000000001 4595.8974358974365 4837.435897435898 4382.564102564103 4457.435897435898 4847.6923076923085 4103.589743589744 4014.8717948717954 4374.871794871796 4689.743589743591 4458.974358974359 
4650.256410256411 4166.153846153847 4533.333333333334 4623.589743589744 4601.538461538462 4840.000000000001 4378.461538461539 4468.717948717949 4858.974358974359 4112.307692307693 4021.0256410256416 4380.512820512821 4692.307692307693 4466.666666666667 
4654.358974358975 4168.205128205129 4540.000000000001 4625.128205128206 4604.102564102564 4841.538461538462 4378.461538461539 4482.564102564103 4862.051282051283 4121.538461538462 4029.7435897435903 4388.205128205129 4700.000000000001 4472.820512820514 
4662.564102564103 4168.205128205129 4549.2307692307695 4633.333333333334 4604.102564102564 4848.717948717949 4393.846153846154 4502.564102564103 4873.846153846154 4125.641025641026 4038.9743589743593 4397.435897435898 4714.358974358975 4478.461538461539 
4674.358974358975 4183.076923076924 4560.512820512821 4651.282051282052 4626.153846153847 4868.717948717949 4417.435897435898 4528.205128205129 4900.000000000001 4144.615384615385 4052.307692307693 4409.743589743591 4725.641025641026 4487.179487179488 
4681.025641025642 4200.000000000001 4567.179487179488 4660.512820512821 4648.717948717949 4884.102564102564 4429.743589743591 4544.102564102564 4917.948717948719 4165.641025641026 4062.564102564103 4417.435897435898 4730.769230769231 4492.307692307693 
4678.461538461539 4201.025641025642 4565.641025641026 4655.384615384616 4642.564102564103 4885.128205128206 4430.256410256411 4546.666666666667 4915.8974358974365 4163.589743589744 4063.076923076924 4416.410256410257 4730.256410256411 4489.2307692307695 
4676.923076923077 4196.923076923077 4564.615384615385 4652.820512820514 4630.769230769231 4886.153846153847 4430.769230769231 4541.538461538462 4909.743589743591 4160.000000000001 4063.076923076924 4414.871794871796 4729.2307692307695 4485.128205128206 
4679.48717948718 4197.948717948719 4569.2307692307695 4657.435897435898 4639.48717948718 4889.2307692307695 4433.846153846154 4530.769230769231 4907.6923076923085 4168.205128205129 4068.717948717949 4418.974358974359 4735.8974358974365 4489.743589743591 
4676.410256410257 4195.384615384616 4568.717948717949 4655.384615384616 4645.128205128206 4881.025641025642 4428.205128205129 4512.307692307693 4897.435897435898 4163.076923076924 4067.1794871794878 4418.974358974359 4736.923076923077 4491.794871794872 
4673.846153846154 4189.74358974359 4563.076923076924 4649.743589743591 4640.000000000001 4875.384615384616 4423.076923076924 4502.564102564103 4889.2307692307695 4151.282051282052 4061.538461538462 4414.871794871796 4732.820512820514 4487.6923076923085 
4686.153846153847 4200.000000000001 4571.794871794872 4660.000000000001 4645.641025641026 4884.615384615386 4428.717948717949 4506.666666666667 4896.923076923077 4161.025641025642 4067.692307692308 4423.589743589744 4740.512820512821 4495.8974358974365 
4706.666666666667 4225.128205128206 4596.410256410257 4681.538461538462 4659.48717948718 4895.384615384616 4437.435897435898 4507.6923076923085 4908.205128205129 4177.435897435898 4083.076923076924 4442.564102564103 4757.435897435898 4516.923076923077 
4714.871794871796 4237.435897435898 4610.256410256411 4691.794871794872 4664.615384615386 4902.051282051283 4439.48717948718 4511.794871794872 4913.846153846154 4182.051282051282 4091.7948717948725 4454.871794871796 4763.589743589744 4523.589743589744 
4709.743589743591 4233.846153846154 4606.153846153847 4688.717948717949 4668.717948717949 4906.153846153847 4444.102564102564 4536.410256410257 4925.641025641026 4187.179487179487 4091.7948717948725 4454.871794871796 4762.564102564103 4518.974358974359 
4708.205128205129 4231.794871794872 4602.051282051282 4687.6923076923085 4676.923076923077 4908.717948717949 4456.923076923077 4571.282051282052 4943.076923076924 4196.410256410257 4092.820512820513 4454.358974358975 4764.102564102564 4522.564102564103 
4713.846153846154 4233.846153846154 4602.564102564103 4691.282051282052 4675.384615384616 4913.333333333334 4467.6923076923085 4591.282051282052 4953.333333333334 4200.000000000001 4096.410256410257 4458.974358974359 4764.102564102564 4525.641025641026 
4718.974358974359 4235.8974358974365 4604.615384615385 4690.256410256411 4667.6923076923085 4915.8974358974365 4469.743589743591 4591.794871794872 4955.384615384616 4199.48717948718 4098.461538461539 4460.512820512821 4766.666666666667 4525.128205128206 
4719.48717948718 4241.538461538462 4612.307692307693 4691.282051282052 4679.48717948718 4913.333333333334 4471.794871794872 4588.205128205129 4960.512820512821 4205.128205128206 4100.512820512821 4461.538461538462 4775.8974358974365 4529.743589743591 
4724.102564102564 4247.6923076923085 4621.025641025642 4700.512820512821 4695.8974358974365 4916.410256410257 4477.948717948719 4589.743589743591 4965.641025641026 4212.820512820514 4106.666666666667 4465.641025641026 4781.025641025642 4535.8974358974365 
4723.589743589744 4236.923076923077 4612.307692307693 4694.871794871796 4687.179487179488 4917.435897435898 4475.8974358974365 4578.461538461539 4953.846153846154 4202.051282051282 4101.025641025642 4460.512820512821 4772.820512820514 4527.179487179488 
4705.128205128206 4223.076923076924 4591.282051282052 4672.307692307693 4664.102564102564 4907.179487179488 4463.589743589744 4550.769230769231 4933.333333333334 4184.102564102564 4082.564102564103 4440.512820512821 4760.512820512821 4510.256410256411 
4694.871794871796 4225.128205128206 4585.128205128206 4668.205128205129 4655.384615384616 4900.000000000001 4454.358974358975 4537.948717948719 4926.153846153847 4184.615384615385 4077.435897435898 4431.794871794872 4758.461538461539 4507.6923076923085 
4709.2307692307695 4234.358974358975 4600.000000000001 4689.743589743591 4668.205128205129 4900.000000000001 4452.820512820514 4536.410256410257 4926.666666666667 4194.358974358975 4088.717948717949 4445.641025641026 4764.102564102564 4521.538461538462 
4723.076923076924 4240.000000000001 4614.871794871796 4702.564102564103 4683.589743589744 4898.461538461539 4446.153846153847 4521.025641025642 4921.538461538462 4187.6923076923085 4097.948717948719 4455.384615384616 4767.179487179488 4531.282051282052 
4723.076923076924 4243.076923076924 4617.948717948719 4698.974358974359 4681.025641025642 4901.538461538462 4441.538461538462 4511.794871794872 4918.974358974359 4178.461538461539 4100.512820512821 4454.871794871796 4768.205128205129 4528.717948717949 
4723.589743589744 4245.128205128206 4616.410256410257 4697.435897435898 4674.358974358975 4910.256410256411 4453.333333333334 4529.743589743591 4927.179487179488 4186.153846153847 4102.564102564103 4457.435897435898 4774.358974358975 4528.717948717949 
4731.794871794872 4251.282051282052 4621.538461538462 4706.666666666667 4688.717948717949 4916.923076923077 4472.307692307693 4563.076923076924 4944.102564102564 4200.000000000001 4106.153846153847 4468.205128205129 4781.538461538462 4541.025641025642 
4735.8974358974365 4259.48717948718 4628.205128205129 4716.410256410257 4703.589743589744 4922.564102564103 4483.589743589744 4592.820512820514 4962.564102564103 4209.2307692307695 4112.820512820514 4476.410256410257 4782.564102564103 4550.256410256411 
4737.948717948719 4265.641025641026 4631.282051282052 4720.512820512821 4702.564102564103 4934.358974358975 4492.820512820514 4610.256410256411 4975.8974358974365 4217.948717948719 4122.564102564103 4480.512820512821 4787.6923076923085 4549.2307692307695 
4740.512820512821 4267.6923076923085 4634.358974358975 4717.948717948719 4704.615384615386 4939.48717948718 4498.974358974359 4608.717948717949 4976.410256410257 4223.589743589744 4121.025641025642 4477.948717948719 4791.794871794872 4546.666666666667 
4736.923076923077 4260.000000000001 4633.846153846154 4710.769230769231 4707.179487179488 4934.871794871796 4497.435897435898 4595.384615384616 4969.2307692307695 4218.461538461539 4112.307692307693 4469.743589743591 4787.179487179488 4544.102564102564 
4738.974358974359 4254.358974358975 4632.820512820514 4708.717948717949 4705.128205128206 4941.025641025642 4503.076923076924 4596.410256410257 4974.358974358975 4214.871794871796 4115.384615384616 4474.358974358975 4789.2307692307695 4549.743589743591 
4751.794871794872 4266.666666666667 4640.512820512821 4718.974358974359 4717.435897435898 4957.435897435898 4518.461538461539 4609.2307692307695 4985.641025641026 4223.076923076924 4128.205128205129 4488.717948717949 4803.076923076924 4561.025641025642 
4756.923076923077 4279.48717948718 4648.717948717949 4730.256410256411 4731.794871794872 4958.974358974359 4523.589743589744 4605.641025641026 4979.48717948718 4226.666666666667 4132.307692307693 4490.256410256411 4808.717948717949 4562.051282051282 
4754.871794871796 4280.000000000001 4647.179487179488 4732.820512820514 4728.205128205129 4950.769230769231 4515.384615384616 4584.102564102564 4964.102564102564 4221.025641025642 4129.2307692307695 4484.102564102564 4804.102564102564 4557.435897435898 
4770.769230769231 4289.74358974359 4657.435897435898 4741.538461538462 4731.282051282052 4955.384615384616 4510.256410256411 4572.307692307693 4967.179487179488 4228.717948717949 4137.948717948719 4498.974358974359 4812.820512820514 4571.794871794872 
4793.846153846154 4305.641025641026 4677.948717948719 4753.846153846154 4743.589743589744 4963.076923076924 4507.179487179488 4576.410256410257 4984.102564102564 4250.256410256411 4152.307692307693 4520.512820512821 4828.717948717949 4592.820512820514 
4797.435897435898 4309.743589743591 4684.615384615386 4755.8974358974365 4742.051282051282 4960.000000000001 4502.564102564103 4590.769230769231 4993.846153846154 4262.051282051282 4162.051282051282 4525.128205128206 4837.948717948719 4595.8974358974365 
