4525.641025641026 4040.5128205128212 4389.743589743591 4518.974358974359 4498.461538461539 4731.794871794872 4322.564102564103 4383.589743589744 4735.8974358974365 4045.6410256410263 3916.9230769230776 4249.2307692307695 4595.384615384616 4391.282051282052 
4523.589743589744 4040.5128205128212 4390.769230769231 4517.435897435898 4500.000000000001 4731.794871794872 4325.128205128206 4383.076923076924 4737.948717948719 4044.615384615385 3912.820512820513 4250.769230769231 4593.846153846154 4393.846153846154 
4520.512820512821 4043.076923076924 4390.769230769231 4518.461538461539 4498.461538461539 4734.871794871796 4324.102564102564 4383.589743589744 4738.974358974359 4044.1025641025644 3913.333333333334 4250.256410256411 4592.820512820514 4394.871794871796 
4521.538461538462 4043.589743589744 4390.769230769231 4520.000000000001 4497.435897435898 4735.384615384616 4322.051282051282 4382.564102564103 4738.461538461539 4043.076923076924 3915.8974358974365 4248.205128205129 4594.871794871796 4392.307692307693 
4522.051282051282 4041.538461538462 4391.794871794872 4517.435897435898 4497.435897435898 4734.358974358975 4323.076923076924 4383.589743589744 4739.48717948718 4043.076923076924 3915.3846153846157 4249.2307692307695 4595.8974358974365 4390.769230769231 
4522.051282051282 4042.564102564103 4392.307692307693 4515.8974358974365 4497.948717948719 4734.871794871796 4323.076923076924 4387.179487179487 4737.435897435898 4044.615384615385 3913.8461538461543 4250.769230769231 4593.333333333334 4391.282051282052 
4521.538461538462 4044.615384615385 4388.717948717949 4517.435897435898 4500.000000000001 4733.846153846154 4320.512820512821 4385.641025641026 4735.8974358974365 4044.1025641025644 3912.820512820513 4249.74358974359 4592.820512820514 4390.769230769231 
4521.025641025642 4045.1282051282055 4387.6923076923085 4517.948717948719 4496.410256410257 4731.794871794872 4324.102564102564 4382.051282051282 4738.461538461539 4043.589743589744 3913.333333333334 4248.205128205129 4593.846153846154 4393.333333333334 
4520.512820512821 4042.564102564103 4388.717948717949 4518.461538461539 4492.307692307693 4732.307692307693 4324.615384615385 4384.102564102564 4737.948717948719 4044.615384615385 3914.358974358975 4248.717948717949 4595.384615384616 4394.871794871796 
4521.538461538462 4039.48717948718 4389.2307692307695 4517.948717948719 4495.8974358974365 4733.846153846154 4318.974358974359 4384.102564102564 4734.358974358975 4043.589743589744 3912.820512820513 4249.2307692307695 4595.8974358974365 4392.820512820514 
4522.051282051282 4040.5128205128212 4390.256410256411 4516.410256410257 4501.025641025642 4732.820512820514 4320.000000000001 4381.538461538462 4735.384615384616 4042.0512820512827 3910.7692307692314 4248.717948717949 4594.871794871796 4392.307692307693 
4521.025641025642 4045.1282051282055 4391.282051282052 4514.871794871796 4498.461538461539 4732.307692307693 4323.076923076924 4382.564102564103 4738.461538461539 4043.076923076924 3911.7948717948725 4249.2307692307695 4594.358974358975 4394.358974358975 
4522.051282051282 4046.1538461538466 4391.282051282052 4515.8974358974365 4496.923076923077 4734.358974358975 4321.025641025642 4383.589743589744 4737.948717948719 4043.076923076924 3913.8461538461543 4249.2307692307695 4594.358974358975 4393.846153846154 
4522.564102564103 4043.076923076924 4390.769230769231 4517.435897435898 4498.461538461539 4733.846153846154 4321.025641025642 4382.564102564103 4737.948717948719 4043.076923076924 3913.333333333334 4250.769230769231 4593.846153846154 4393.333333333334 
4521.025641025642 4041.538461538462 4390.769230769231 4516.410256410257 4497.948717948719 4732.307692307693 4323.076923076924 4384.102564102564 4740.000000000001 4044.615384615385 3913.333333333334 4252.820512820514 4594.358974358975 4393.333333333334 
4520.000000000001 4041.538461538462 4390.769230769231 4516.410256410257 4497.948717948719 4733.333333333334 4321.025641025642 4383.589743589744 4740.000000000001 4045.1282051282055 3913.8461538461543 4251.282051282052 4594.871794871796 4393.333333333334 
4523.589743589744 4043.076923076924 4390.769230769231 4521.025641025642 4498.461538461539 4734.358974358975 4322.564102564103 4381.538461538462 4736.410256410257 4043.589743589744 3913.333333333334 4248.717948717949 4594.358974358975 4393.846153846154 
4522.051282051282 4043.076923076924 4388.717948717949 4519.48717948718 4497.435897435898 4732.820512820514 4323.589743589744 4382.564102564103 4736.410256410257 4044.615384615385 3913.333333333334 4249.74358974359 4595.8974358974365 4393.333333333334 
4520.512820512821 4045.1282051282055 4390.256410256411 4515.8974358974365 4497.435897435898 4731.794871794872 4323.589743589744 4384.615384615385 4738.974358974359 4044.1025641025644 3913.333333333334 4250.256410256411 4596.923076923077 4393.846153846154 
4521.025641025642 4044.1025641025644 4391.794871794872 4516.410256410257 4499.48717948718 4732.820512820514 4325.641025641026 4386.666666666667 4739.48717948718 4042.564102564103 3912.820512820513 4248.717948717949 4594.871794871796 4394.358974358975 
4522.564102564103 4041.0256410256416 4390.256410256411 4516.410256410257 4499.48717948718 4732.820512820514 4319.48717948718 4386.153846153847 4736.410256410257 4043.589743589744 3912.820512820513 4249.2307692307695 4594.871794871796 4392.820512820514 
4521.538461538462 4041.0256410256416 4391.282051282052 4514.871794871796 4497.435897435898 4732.307692307693 4315.384615384616 4382.564102564103 4736.410256410257 4045.6410256410263 3913.8461538461543 4250.256410256411 4594.358974358975 4391.794871794872 
4521.538461538462 4044.1025641025644 4391.794871794872 4517.435897435898 4497.435897435898 4732.307692307693 4323.589743589744 4382.051282051282 4737.948717948719 4045.1282051282055 3913.333333333334 4251.282051282052 4594.358974358975 4392.307692307693 
4523.076923076924 4044.615384615385 4389.2307692307695 4516.923076923077 4497.948717948719 4732.307692307693 4326.666666666667 4386.153846153847 4737.435897435898 4042.564102564103 3912.820512820513 4250.256410256411 4594.871794871796 4391.282051282052 
4524.102564102564 4043.076923076924 4388.205128205129 4514.358974358975 4496.923076923077 4732.307692307693 4322.564102564103 4384.102564102564 4735.8974358974365 4042.564102564103 3913.8461538461543 4248.717948717949 4594.358974358975 4392.307692307693 
4522.564102564103 4041.0256410256416 4390.256410256411 4516.410256410257 4496.410256410257 4732.820512820514 4324.102564102564 4378.974358974359 4735.8974358974365 4044.1025641025644 3912.820512820513 4248.717948717949 4593.846153846154 4392.820512820514 
4521.025641025642 4042.564102564103 4392.820512820514 4517.435897435898 4497.435897435898 4732.307692307693 4326.153846153847 4380.512820512821 4736.923076923077 4044.1025641025644 3913.333333333334 4249.2307692307695 4594.358974358975 4390.256410256411 
4520.512820512821 4045.1282051282055 4392.820512820514 4515.8974358974365 4499.48717948718 4732.307692307693 4323.589743589744 4384.102564102564 4735.8974358974365 4043.076923076924 3915.3846153846157 4248.717948717949 4593.846153846154 4392.307692307693 
4520.512820512821 4044.1025641025644 4391.794871794872 4516.410256410257 4500.512820512821 4734.358974358975 4324.102564102564 4382.051282051282 4735.8974358974365 4042.564102564103 3915.3846153846157 4250.256410256411 4594.871794871796 4395.384615384616 
4521.025641025642 4042.564102564103 4390.769230769231 4516.410256410257 4500.000000000001 4734.871794871796 4324.615384615385 4380.512820512821 4736.410256410257 4042.564102564103 3912.820512820513 4250.769230769231 4596.410256410257 4393.333333333334 
4518.974358974359 4041.538461538462 4390.256410256411 4514.358974358975 4498.974358974359 4733.846153846154 4323.076923076924 4383.589743589744 4737.948717948719 4043.589743589744 3912.820512820513 4249.2307692307695 4594.871794871796 4392.820512820514 
4517.948717948719 4040.0000000000005 4388.717948717949 4516.923076923077 4498.974358974359 4733.846153846154 4322.051282051282 4383.076923076924 4737.435897435898 4043.589743589744 3913.8461538461543 4250.256410256411 4593.333333333334 4393.846153846154 
4520.000000000001 4039.48717948718 4387.179487179487 4518.974358974359 4500.000000000001 4733.333333333334 4320.512820512821 4381.538461538462 4736.410256410257 4041.538461538462 3913.8461538461543 4250.769230769231 4592.820512820514 4392.820512820514 
4523.076923076924 4041.538461538462 4387.6923076923085 4515.384615384616 4500.512820512821 4732.820512820514 4320.512820512821 4382.564102564103 4737.948717948719 4042.0512820512827 3914.358974358975 4249.74358974359 4594.871794871796 4393.333333333334 
4522.051282051282 4042.0512820512827 4386.666666666667 4514.871794871796 4499.48717948718 4732.820512820514 4323.076923076924 4384.615384615385 4737.435897435898 4044.1025641025644 3912.820512820513 4249.2307692307695 4594.871794871796 4394.871794871796 
4521.538461538462 4043.076923076924 4388.717948717949 4519.48717948718 4497.948717948719 4732.307692307693 4324.615384615385 4383.589743589744 4734.358974358975 4043.076923076924 3913.333333333334 4249.2307692307695 4592.820512820514 4393.846153846154 
4520.512820512821 4042.564102564103 4391.282051282052 4518.461538461539 4497.435897435898 4731.794871794872 4322.564102564103 4382.564102564103 4735.8974358974365 4043.076923076924 3914.358974358975 4249.2307692307695 4593.846153846154 4392.307692307693 
4521.025641025642 4042.0512820512827 4390.256410256411 4516.923076923077 4499.48717948718 4732.820512820514 4322.051282051282 4384.102564102564 4737.948717948719 4043.076923076924 3912.820512820513 4249.74358974359 4595.8974358974365 4392.820512820514 
4520.512820512821 4041.538461538462 4388.205128205129 4516.923076923077 4499.48717948718 4733.333333333334 4322.564102564103 4385.641025641026 4738.461538461539 4043.589743589744 3911.2820512820517 4249.74358974359 4594.871794871796 4394.358974358975 
4518.974358974359 4042.564102564103 4390.256410256411 4516.923076923077 4496.923076923077 4731.794871794872 4322.564102564103 4385.641025641026 4737.435897435898 4044.615384615385 3912.820512820513 4249.74358974359 4592.820512820514 4396.410256410257 
4520.000000000001 4043.076923076924 4389.743589743591 4516.923076923077 4498.461538461539 4733.333333333334 4323.589743589744 4384.102564102564 4737.435897435898 4043.589743589744 3913.333333333334 4250.256410256411 4594.871794871796 4394.358974358975 
4522.564102564103 4042.0512820512827 4387.179487179487 4517.435897435898 4499.48717948718 4734.358974358975 4323.589743589744 4382.564102564103 4736.923076923077 4042.0512820512827 3912.820512820513 4250.256410256411 4595.8974358974365 4391.282051282052 
4521.538461538462 4040.0000000000005 4388.717948717949 4515.384615384616 4497.948717948719 4734.358974358975 4321.538461538462 4382.051282051282 4735.384615384616 4044.1025641025644 3913.8461538461543 4249.74358974359 4593.846153846154 4391.282051282052 
4520.000000000001 4040.5128205128212 4389.743589743591 4514.871794871796 4497.948717948719 4734.871794871796 4321.538461538462 4383.076923076924 4734.871794871796 4044.1025641025644 3912.820512820513 4249.2307692307695 4592.820512820514 4392.820512820514 
4521.025641025642 4042.0512820512827 4388.717948717949 4516.923076923077 4500.000000000001 4734.871794871796 4324.102564102564 4384.615384615385 4735.384615384616 4043.076923076924 3910.7692307692314 4249.2307692307695 4593.333333333334 4393.846153846154 
4522.051282051282 4041.538461538462 4386.666666666667 4515.384615384616 4500.000000000001 4733.333333333334 4324.615384615385 4384.102564102564 4735.8974358974365 4045.6410256410263 3911.2820512820517 4249.74358974359 4594.358974358975 4392.820512820514 
4521.025641025642 4043.076923076924 4386.153846153847 4513.333333333334 4499.48717948718 4733.333333333334 4324.102564102564 4382.564102564103 4735.384615384616 4045.1282051282055 3912.820512820513 4249.74358974359 4594.871794871796 4393.846153846154 
4518.974358974359 4043.589743589744 4388.205128205129 4515.8974358974365 4498.974358974359 4733.846153846154 4323.076923076924 4382.564102564103 4736.923076923077 4043.076923076924 3914.358974358975 4248.717948717949 4593.846153846154 4394.871794871796 
4519.48717948718 4042.0512820512827 4390.769230769231 4518.461538461539 4498.461538461539 4732.820512820514 4322.564102564103 4383.589743589744 4737.948717948719 4043.076923076924 3914.358974358975 4249.74358974359 4593.333333333334 4393.333333333334 
4520.000000000001 4040.0000000000005 4390.256410256411 4516.410256410257 4499.48717948718 4732.820512820514 4324.615384615385 4385.128205128206 4737.948717948719 4044.1025641025644 3913.8461538461543 4250.256410256411 4593.846153846154 4391.794871794872 
4521.538461538462 4040.0000000000005 4387.6923076923085 4514.871794871796 4499.48717948718 4732.307692307693 4322.051282051282 4384.615384615385 4737.948717948719 4043.076923076924 3913.8461538461543 4249.2307692307695 4593.846153846154 4394.358974358975 
4521.025641025642 4040.0000000000005 4386.153846153847 4516.410256410257 4497.435897435898 4731.282051282052 4316.410256410257 4383.589743589744 4737.948717948719 4042.0512820512827 3914.358974358975 4248.717948717949 4592.820512820514 4393.846153846154 
4521.538461538462 4042.0512820512827 4390.256410256411 4516.923076923077 4500.000000000001 4732.820512820514 4321.538461538462 4383.589743589744 4737.435897435898 4041.538461538462 3913.333333333334 4249.74358974359 4593.846153846154 4391.282051282052 
4523.076923076924 4041.538461538462 4393.333333333334 4516.410256410257 4501.538461538462 4734.358974358975 4331.794871794872 4385.128205128206 4738.461538461539 4042.564102564103 3913.333333333334 4249.74358974359 4594.871794871796 4392.307692307693 
4524.102564102564 4042.0512820512827 4388.717948717949 4517.435897435898 4495.8974358974365 4733.333333333334 4328.717948717949 4385.641025641026 4739.48717948718 4044.1025641025644 3912.307692307693 4248.717948717949 4594.871794871796 4393.846153846154 
4521.025641025642 4044.1025641025644 4382.564102564103 4516.410256410257 4495.384615384616 4732.820512820514 4320.512820512821 4384.615384615385 4737.948717948719 4044.1025641025644 3910.7692307692314 4249.2307692307695 4594.358974358975 4392.820512820514 
4521.025641025642 4043.076923076924 4386.153846153847 4515.384615384616 4499.48717948718 4732.820512820514 4320.512820512821 4382.564102564103 4735.8974358974365 4044.1025641025644 3912.307692307693 4249.74358974359 4596.410256410257 4394.871794871796 
4523.589743589744 4040.0000000000005 4392.307692307693 4516.923076923077 4497.435897435898 4733.333333333334 4323.589743589744 4382.051282051282 4735.8974358974365 4042.0512820512827 3914.358974358975 4249.2307692307695 4594.358974358975 4398.461538461539 
4522.051282051282 4041.0256410256416 4394.358974358975 4517.435897435898 4496.923076923077 4734.871794871796 4326.153846153847 4384.102564102564 4736.410256410257 4040.5128205128212 3913.333333333334 4249.2307692307695 4590.769230769231 4395.8974358974365 
4521.025641025642 4042.564102564103 4391.794871794872 4514.871794871796 4501.538461538462 4735.8974358974365 4325.128205128206 4384.615384615385 4736.410256410257 4042.0512820512827 3912.820512820513 4249.74358974359 4591.794871794872 4392.307692307693 
4521.025641025642 4042.564102564103 4389.743589743591 4515.384615384616 4501.538461538462 4733.846153846154 4320.000000000001 4385.128205128206 4736.410256410257 4043.589743589744 3912.820512820513 4249.2307692307695 4595.8974358974365 4393.333333333334 
4521.025641025642 4041.0256410256416 4388.205128205129 4515.8974358974365 4500.000000000001 4731.794871794872 4318.974358974359 4385.128205128206 4736.410256410257 4042.564102564103 3912.820512820513 4249.74358974359 4595.384615384616 4392.307692307693 
4520.512820512821 4038.9743589743593 4387.179487179487 4514.358974358975 4502.564102564103 4732.820512820514 4320.000000000001 4382.564102564103 4738.461538461539 4041.0256410256416 3912.307692307693 4250.256410256411 4592.820512820514 4390.769230769231 
4523.076923076924 4040.0000000000005 4389.2307692307695 4516.410256410257 4501.538461538462 4733.846153846154 4319.48717948718 4378.461538461539 4737.948717948719 4041.0256410256416 3913.8461538461543 4248.717948717949 4593.333333333334 4393.846153846154 
4524.102564102564 4041.538461538462 4391.282051282052 4519.48717948718 4500.512820512821 4732.820512820514 4321.538461538462 4381.025641025642 4736.923076923077 4043.589743589744 3912.820512820513 4247.6923076923085 4594.871794871796 4397.435897435898 
4523.076923076924 4041.538461538462 4390.256410256411 4516.923076923077 4502.051282051282 4732.820512820514 4323.076923076924 4385.128205128206 4737.435897435898 4045.6410256410263 3912.307692307693 4249.74358974359 4594.871794871796 4393.846153846154 
4520.000000000001 4042.564102564103 4387.6923076923085 4514.871794871796 4497.948717948719 4733.333333333334 4320.000000000001 4382.564102564103 4737.435897435898 4044.615384615385 3914.358974358975 4250.256410256411 4594.358974358975 4388.717948717949 
4517.948717948719 4043.589743589744 4389.2307692307695 4517.948717948719 4495.8974358974365 4733.333333333334 4322.051282051282 4378.974358974359 4735.8974358974365 4044.1025641025644 3913.8461538461543 4250.256410256411 4595.384615384616 4390.769230769231 
4516.410256410257 4041.0256410256416 4392.307692307693 4516.410256410257 4498.461538461539 4733.333333333334 4325.128205128206 4381.538461538462 4737.435897435898 4044.615384615385 3912.820512820513 4250.256410256411 4594.871794871796 4395.384615384616 
4520.000000000001 4041.538461538462 4392.820512820514 4514.871794871796 4496.410256410257 4733.333333333334 4320.512820512821 4383.076923076924 4739.48717948718 4043.076923076924 3914.358974358975 4249.74358974359 4593.846153846154 4395.8974358974365 
4521.538461538462 4043.076923076924 4390.769230769231 4516.410256410257 4494.358974358975 4732.820512820514 4318.974358974359 4383.589743589744 4736.410256410257 4042.564102564103 3914.358974358975 4250.256410256411 4592.820512820514 4392.820512820514 
4518.974358974359 4042.564102564103 4390.769230769231 4515.8974358974365 4500.000000000001 4732.820512820514 4323.076923076924 4384.102564102564 4734.358974358975 4043.076923076924 3912.820512820513 4250.769230769231 4592.820512820514 4391.794871794872 
4517.948717948719 4038.9743589743593 4390.769230769231 4515.384615384616 4502.564102564103 4732.307692307693 4324.102564102564 4385.641025641026 4737.948717948719 4042.564102564103 3913.333333333334 4250.256410256411 4591.282051282052 4392.307692307693 
4520.512820512821 4038.9743589743593 4391.282051282052 4517.435897435898 4500.512820512821 4731.794871794872 4323.589743589744 4384.615384615385 4740.512820512821 4042.564102564103 3913.333333333334 4250.256410256411 4591.794871794872 4392.820512820514 
4521.025641025642 4040.0000000000005 4390.256410256411 4517.435897435898 4500.512820512821 4732.820512820514 4324.102564102564 4382.051282051282 4737.435897435898 4044.1025641025644 3912.820512820513 4249.74358974359 4595.8974358974365 4391.794871794872 
4518.974358974359 4039.48717948718 4387.6923076923085 4514.358974358975 4500.000000000001 4733.846153846154 4323.589743589744 4382.051282051282 4734.871794871796 4045.1282051282055 3913.333333333334 4248.717948717949 4596.410256410257 4390.769230769231 
4520.512820512821 4042.0512820512827 4387.6923076923085 4515.8974358974365 4498.974358974359 4733.333333333334 4323.589743589744 4384.102564102564 4736.923076923077 4044.1025641025644 3913.333333333334 4248.717948717949 4594.358974358975 4392.820512820514 
4521.538461538462 4045.1282051282055 4389.2307692307695 4518.461538461539 4498.461538461539 4733.846153846154 4323.076923076924 4386.153846153847 4738.461538461539 4043.589743589744 3913.333333333334 4249.2307692307695 4594.871794871796 4395.8974358974365 
4521.538461538462 4042.564102564103 4388.205128205129 4516.410256410257 4496.923076923077 4733.846153846154 4322.051282051282 4386.153846153847 4736.923076923077 4044.1025641025644 3913.333333333334 4249.2307692307695 4595.8974358974365 4395.384615384616 
4520.000000000001 4042.0512820512827 4387.6923076923085 4514.358974358975 4496.923076923077 4733.333333333334 4323.076923076924 4385.128205128206 4737.435897435898 4045.1282051282055 3913.333333333334 4249.2307692307695 4594.871794871796 4394.871794871796 
4520.512820512821 4047.692307692308 4388.717948717949 4516.410256410257 4500.000000000001 4733.333333333334 4324.615384615385 4384.615384615385 4736.410256410257 4043.589743589744 3912.820512820513 4249.2307692307695 4593.333333333334 4396.923076923077 
4522.051282051282 4047.1794871794878 4386.666666666667 4516.923076923077 4499.48717948718 4733.846153846154 4324.615384615385 4384.615384615385 4736.410256410257 4043.076923076924 3913.333333333334 4248.717948717949 4594.358974358975 4396.410256410257 
4523.076923076924 4042.564102564103 4386.153846153847 4515.384615384616 4496.923076923077 4733.333333333334 4324.102564102564 4385.128205128206 4737.435897435898 4043.076923076924 3913.8461538461543 4248.717948717949 4594.358974358975 4394.358974358975 
4521.025641025642 4040.5128205128212 4386.666666666667 4515.8974358974365 4495.384615384616 4733.846153846154 4324.102564102564 4385.128205128206 4737.948717948719 4043.076923076924 3912.820512820513 4250.256410256411 4593.333333333334 4395.384615384616 
4520.000000000001 4042.564102564103 4388.717948717949 4518.974358974359 4499.48717948718 4733.846153846154 4325.128205128206 4383.076923076924 4736.923076923077 4043.589743589744 3912.820512820513 4249.74358974359 4593.333333333334 4395.384615384616 
4519.48717948718 4041.0256410256416 4389.743589743591 4519.48717948718 4500.512820512821 4733.333333333334 4323.589743589744 4382.051282051282 4737.948717948719 4045.1282051282055 3913.333333333334 4247.179487179487 4595.384615384616 4395.8974358974365 
4519.48717948718 4039.48717948718 4388.717948717949 4518.974358974359 4497.948717948719 4733.333333333334 4317.435897435898 4383.076923076924 4737.435897435898 4045.6410256410263 3913.333333333334 4246.666666666667 4595.384615384616 4396.410256410257 
4518.974358974359 4040.5128205128212 4386.153846153847 4516.923076923077 4499.48717948718 4733.846153846154 4316.410256410257 4383.076923076924 4735.384615384616 4042.0512820512827 3912.820512820513 4249.2307692307695 4592.820512820514 4392.307692307693 
4518.974358974359 4044.615384615385 4387.6923076923085 4514.871794871796 4501.025641025642 4732.820512820514 4321.538461538462 4380.000000000001 4735.8974358974365 4039.48717948718 3913.333333333334 4249.74358974359 4592.307692307693 4392.307692307693 
4518.974358974359 4044.1025641025644 4390.256410256411 4516.410256410257 4498.974358974359 4733.333333333334 4323.076923076924 4381.025641025642 4737.435897435898 4042.0512820512827 3912.820512820513 4249.2307692307695 4592.307692307693 4395.8974358974365 
4522.051282051282 4040.5128205128212 4390.769230769231 4517.948717948719 4497.435897435898 4733.846153846154 4323.076923076924 4385.641025641026 4737.435897435898 4044.1025641025644 3914.358974358975 4249.74358974359 4593.333333333334 4395.8974358974365 
4523.589743589744 4042.0512820512827 4389.743589743591 4516.923076923077 4498.974358974359 4733.846153846154 4323.076923076924 4384.102564102564 4737.948717948719 4042.564102564103 3915.3846153846157 4250.256410256411 4594.871794871796 4394.871794871796 
4520.000000000001 4044.1025641025644 4387.6923076923085 4515.384615384616 4498.974358974359 4734.871794871796 4320.512820512821 4381.538461538462 4738.461538461539 4041.538461538462 3913.333333333334 4248.717948717949 4595.384615384616 4394.871794871796 
4517.435897435898 4041.538461538462 4386.666666666667 4515.384615384616 4497.948717948719 4733.846153846154 4319.48717948718 4383.589743589744 4737.435897435898 4043.589743589744 3912.820512820513 4249.2307692307695 4595.384615384616 4392.820512820514 
4518.974358974359 4038.9743589743593 4386.666666666667 4515.8974358974365 4498.974358974359 4731.794871794872 4323.076923076924 4386.666666666667 4737.435897435898 4044.1025641025644 3913.333333333334 4249.74358974359 4595.384615384616 4393.333333333334 
4521.025641025642 4041.538461538462 4387.6923076923085 4516.923076923077 4499.48717948718 4733.333333333334 4324.615384615385 4384.615384615385 4738.974358974359 4043.589743589744 3913.8461538461543 4249.2307692307695 4594.871794871796 4395.384615384616 
4520.512820512821 4042.564102564103 4388.205128205129 4516.923076923077 4499.48717948718 4733.846153846154 4324.615384615385 4383.589743589744 4738.461538461539 4042.564102564103 3914.8717948717954 4250.256410256411 4594.358974358975 4391.794871794872 
4522.564102564103 4041.0256410256416 4388.717948717949 4515.8974358974365 4500.000000000001 4731.794871794872 4324.615384615385 4382.564102564103 4735.8974358974365 4042.564102564103 3915.8974358974365 4251.282051282052 4594.358974358975 4390.256410256411 
4521.538461538462 4038.9743589743593 4386.666666666667 4515.384615384616 4501.538461538462 4732.820512820514 4323.589743589744 4383.076923076924 4735.384615384616 4044.1025641025644 3914.8717948717954 4249.74358974359 4594.871794871796 4391.282051282052 
4520.000000000001 4041.538461538462 4387.179487179487 4516.410256410257 4501.538461538462 4734.358974358975 4322.051282051282 4384.615384615385 4735.384615384616 4044.1025641025644 3912.820512820513 4248.717948717949 4596.923076923077 4392.307692307693 
4520.000000000001 4044.1025641025644 4388.205128205129 4515.384615384616 4501.538461538462 4733.333333333334 4322.564102564103 4385.641025641026 4735.8974358974365 4042.0512820512827 3912.307692307693 4249.2307692307695 4595.8974358974365 4394.871794871796 
4521.025641025642 4043.076923076924 4388.205128205129 4514.871794871796 4501.538461538462 4732.820512820514 4323.589743589744 4384.615384615385 4736.410256410257 4041.538461538462 3913.8461538461543 4249.2307692307695 4593.846153846154 4394.358974358975 
4521.538461538462 4041.538461538462 4390.769230769231 4514.871794871796 4498.461538461539 4733.846153846154 4323.589743589744 4383.589743589744 4737.435897435898 4041.538461538462 3913.8461538461543 4248.717948717949 4594.871794871796 4392.307692307693 
4523.076923076924 4045.1282051282055 4391.794871794872 4515.384615384616 4496.923076923077 4733.846153846154 4323.076923076924 4382.051282051282 4737.948717948719 4041.0256410256416 3911.7948717948725 4249.2307692307695 4597.435897435898 4394.358974358975 
4520.512820512821 4046.1538461538466 4388.717948717949 4516.410256410257 4497.435897435898 4733.333333333334 4323.589743589744 4382.051282051282 4737.435897435898 4040.0000000000005 3914.358974358975 4249.74358974359 4595.384615384616 4395.8974358974365 
4518.974358974359 4044.615384615385 4388.717948717949 4516.410256410257 4497.435897435898 4733.333333333334 4324.102564102564 4382.051282051282 4735.8974358974365 4042.0512820512827 3917.435897435898 4249.2307692307695 4592.820512820514 4393.846153846154 
4520.000000000001 4044.1025641025644 4389.2307692307695 4515.8974358974365 4498.974358974359 4733.846153846154 4323.076923076924 4380.512820512821 4735.384615384616 4045.1282051282055 3914.8717948717954 4249.2307692307695 4594.358974358975 4392.820512820514 
4521.025641025642 4042.564102564103 4387.6923076923085 4518.461538461539 4500.512820512821 4733.846153846154 4322.051282051282 4383.589743589744 4737.948717948719 4045.1282051282055 3912.307692307693 4249.74358974359 4595.384615384616 4392.307692307693 
4521.025641025642 4040.5128205128212 4387.6923076923085 4518.974358974359 4499.48717948718 4733.333333333334 4322.051282051282 4386.153846153847 4739.48717948718 4042.564102564103 3912.820512820513 4250.256410256411 4595.384615384616 4393.846153846154 
4522.051282051282 4042.564102564103 4387.6923076923085 4517.435897435898 4496.923076923077 4733.333333333334 4321.025641025642 4384.102564102564 4735.8974358974365 4043.076923076924 3913.333333333334 4249.74358974359 4595.384615384616 4395.8974358974365 
4521.538461538462 4045.1282051282055 4387.6923076923085 4517.948717948719 4498.461538461539 4733.846153846154 4321.025641025642 4383.589743589744 4734.871794871796 4045.6410256410263 3913.333333333334 4248.717948717949 4594.871794871796 4394.871794871796 
4517.948717948719 4042.564102564103 4389.2307692307695 4518.461538461539 4499.48717948718 4733.846153846154 4323.589743589744 4384.615384615385 4737.948717948719 4043.589743589744 3913.333333333334 4248.717948717949 4593.333333333334 4393.333333333334 
4518.974358974359 4039.48717948718 4389.2307692307695 4516.410256410257 4498.461538461539 4733.333333333334 4322.564102564103 4381.538461538462 4736.923076923077 4041.538461538462 3914.358974358975 4248.717948717949 4594.871794871796 4393.846153846154 
4523.076923076924 4042.564102564103 4388.205128205129 4516.410256410257 4499.48717948718 4734.358974358975 4320.512820512821 4382.051282051282 4736.410256410257 4044.615384615385 3913.8461538461543 4248.717948717949 4597.435897435898 4394.871794871796 
4523.589743589744 4048.205128205129 4389.743589743591 4516.923076923077 4501.025641025642 4734.871794871796 4323.076923076924 4384.615384615385 4737.435897435898 4044.1025641025644 3911.7948717948725 4249.2307692307695 4596.410256410257 4394.358974358975 
4520.000000000001 4045.1282051282055 4388.205128205129 4515.8974358974365 4500.512820512821 4733.333333333334 4324.615384615385 4382.564102564103 4737.948717948719 4042.0512820512827 3910.7692307692314 4249.2307692307695 4594.358974358975 4393.333333333334 
4520.000000000001 4040.0000000000005 4387.6923076923085 4517.948717948719 4500.000000000001 4732.820512820514 4322.051282051282 4382.051282051282 4737.435897435898 4042.0512820512827 3912.820512820513 4248.717948717949 4594.358974358975 4392.307692307693 
4518.974358974359 4042.564102564103 4389.743589743591 4518.461538461539 4498.974358974359 4734.358974358975 4321.025641025642 4383.076923076924 4738.974358974359 4042.0512820512827 3913.8461538461543 4248.205128205129 4594.871794871796 4393.333333333334 
4518.461538461539 4048.205128205129 4391.794871794872 4516.410256410257 4498.461538461539 4733.333333333334 4318.974358974359 4382.564102564103 4736.923076923077 4043.076923076924 3912.820512820513 4248.205128205129 4593.846153846154 4393.333333333334 
4521.025641025642 4046.1538461538466 4390.256410256411 4516.923076923077 4498.974358974359 4732.820512820514 4317.948717948719 4385.128205128206 4734.871794871796 4045.6410256410263 3912.820512820513 4249.2307692307695 4594.358974358975 4392.307692307693 
4522.051282051282 4043.076923076924 4389.2307692307695 4516.410256410257 4500.000000000001 4734.358974358975 4322.564102564103 4385.128205128206 4735.8974358974365 4044.1025641025644 3914.358974358975 4250.769230769231 4595.384615384616 4394.358974358975 
4520.512820512821 4042.564102564103 4389.743589743591 4516.410256410257 4500.000000000001 4734.871794871796 4324.615384615385 4381.025641025642 4736.410256410257 4042.0512820512827 3913.8461538461543 4249.2307692307695 4593.333333333334 4393.846153846154 
4521.538461538462 4042.564102564103 4389.2307692307695 4520.000000000001 4500.000000000001 4733.846153846154 4321.538461538462 4380.000000000001 4734.871794871796 4043.076923076924 3912.820512820513 4248.717948717949 4592.820512820514 4392.307692307693 
4521.538461538462 4041.538461538462 4388.205128205129 4522.051282051282 4498.461538461539 4733.333333333334 4322.051282051282 4383.076923076924 4734.358974358975 4043.076923076924 3913.8461538461543 4249.74358974359 4593.846153846154 4392.307692307693 
4518.461538461539 4041.538461538462 4390.769230769231 4518.974358974359 4498.461538461539 4732.820512820514 4322.564102564103 4383.589743589744 4735.384615384616 4042.0512820512827 3913.8461538461543 4249.74358974359 4594.358974358975 4393.846153846154 
4518.974358974359 4042.0512820512827 4393.846153846154 4516.923076923077 4499.48717948718 4733.333333333334 4317.948717948719 4382.051282051282 4737.948717948719 4043.076923076924 3912.820512820513 4248.205128205129 4594.358974358975 4395.384615384616 
4522.051282051282 4041.0256410256416 4390.256410256411 4519.48717948718 4500.000000000001 4734.358974358975 4316.923076923077 4384.102564102564 4740.000000000001 4042.564102564103 3913.8461538461543 4249.2307692307695 4594.358974358975 4395.384615384616 
4524.615384615385 4041.538461538462 4389.743589743591 4520.000000000001 4499.48717948718 4733.846153846154 4321.538461538462 4384.615384615385 4737.948717948719 4042.0512820512827 3911.7948717948725 4250.769230769231 4594.871794871796 4392.820512820514 
