4277.948717948719 3798.461538461539 4154.358974358975 4313.333333333334 4270.256410256411 4526.153846153847 4060.5128205128212 4120.512820512821 4492.307692307693 3771.2820512820517 3672.307692307693 4005.6410256410263 4351.794871794872 4144.102564102564 
4289.74358974359 3811.2820512820517 4163.589743589744 4325.128205128206 4276.923076923077 4538.461538461539 4066.666666666667 4132.307692307693 4503.076923076924 3776.9230769230776 3682.564102564103 4021.0256410256416 4363.589743589744 4156.410256410257 
4309.743589743591 3831.2820512820517 4179.48717948718 4336.410256410257 4293.333333333334 4548.205128205129 4079.48717948718 4149.2307692307695 4517.948717948719 3798.9743589743593 3702.564102564103 4045.1282051282055 4386.153846153847 4175.384615384616 
4323.076923076924 3846.1538461538466 4187.6923076923085 4342.564102564103 4300.000000000001 4552.307692307693 4085.1282051282055 4158.974358974359 4528.205128205129 3813.8461538461543 3716.410256410257 4055.3846153846157 4402.051282051282 4185.128205128206 
4323.076923076924 3848.205128205129 4188.717948717949 4346.666666666667 4295.8974358974365 4554.358974358975 4079.48717948718 4161.025641025642 4534.871794871796 3816.410256410257 3715.3846153846157 4050.7692307692314 4396.410256410257 4181.538461538462 
4320.000000000001 3847.692307692308 4193.846153846154 4350.256410256411 4301.025641025642 4557.435897435898 4080.5128205128212 4167.6923076923085 4537.948717948719 3818.9743589743593 3713.333333333334 4050.7692307692314 4391.282051282052 4181.025641025642 
4319.48717948718 3849.7435897435903 4194.871794871796 4350.769230769231 4306.666666666667 4557.435897435898 4083.589743589744 4172.307692307693 4538.461538461539 3817.435897435898 3715.3846153846157 4052.307692307693 4395.8974358974365 4185.128205128206 
4314.871794871796 3847.692307692308 4186.666666666667 4346.153846153847 4298.461538461539 4548.717948717949 4073.333333333334 4167.179487179487 4537.435897435898 3811.2820512820517 3712.307692307693 4049.23076923077 4394.358974358975 4184.102564102564 
4302.051282051282 3835.3846153846157 4177.435897435898 4332.820512820514 4286.153846153847 4531.794871794872 4055.8974358974365 4157.435897435898 4531.282051282052 3802.564102564103 3705.6410256410263 4044.615384615385 4383.589743589744 4174.871794871796 
4287.6923076923085 3817.9487179487182 4167.6923076923085 4318.974358974359 4275.8974358974365 4514.358974358975 4041.538461538462 4146.153846153847 4517.948717948719 3789.7435897435903 3693.333333333334 4033.333333333334 4369.2307692307695 4162.564102564103 
4290.256410256411 3809.2307692307695 4166.666666666667 4317.435897435898 4265.128205128206 4506.666666666667 4037.9487179487182 4138.974358974359 4507.6923076923085 3784.615384615385 3688.205128205129 4025.6410256410263 4362.051282051282 4161.538461538462 
4300.512820512821 3811.7948717948725 4171.794871794872 4322.564102564103 4268.205128205129 4507.6923076923085 4044.615384615385 4137.435897435898 4509.743589743591 3784.615384615385 3695.8974358974365 4033.8461538461543 4370.769230769231 4171.794871794872 
4298.461538461539 3812.307692307693 4172.820512820514 4320.000000000001 4277.948717948719 4507.6923076923085 4050.7692307692314 4131.794871794872 4507.6923076923085 3780.0000000000005 3696.410256410257 4037.9487179487182 4372.820512820514 4170.769230769231 
4293.846153846154 3807.692307692308 4172.820512820514 4315.8974358974365 4272.307692307693 4513.846153846154 4058.461538461539 4128.205128205129 4498.974358974359 3777.435897435898 3689.7435897435903 4032.820512820513 4361.538461538462 4162.051282051282 
4302.564102564103 3818.9743589743593 4178.974358974359 4327.179487179487 4270.769230769231 4530.256410256411 4069.23076923077 4140.512820512821 4507.179487179488 3785.1282051282055 3697.9487179487182 4041.538461538462 4368.717948717949 4169.74358974359 
4310.769230769231 3834.8717948717954 4183.589743589744 4338.974358974359 4280.000000000001 4535.8974358974365 4071.7948717948725 4151.794871794872 4524.615384615385 3793.333333333334 3710.2564102564106 4049.7435897435903 4385.641025641026 4177.435897435898 
4305.128205128206 3827.692307692308 4181.025641025642 4333.333333333334 4283.076923076924 4526.153846153847 4067.1794871794878 4153.846153846154 4525.641025641026 3797.435897435898 3704.1025641025644 4042.0512820512827 4380.000000000001 4168.717948717949 
4301.025641025642 3815.8974358974365 4181.025641025642 4328.717948717949 4286.153846153847 4526.666666666667 4069.7435897435903 4156.410256410257 4524.102564102564 3800.0000000000005 3700.512820512821 4039.48717948718 4372.820512820514 4167.6923076923085 
4314.871794871796 3832.307692307693 4188.717948717949 4342.051282051282 4294.358974358975 4542.564102564103 4080.5128205128212 4166.153846153847 4536.923076923077 3806.1538461538466 3714.8717948717954 4050.7692307692314 4385.128205128206 4176.410256410257 
4329.743589743591 3848.717948717949 4196.923076923077 4352.820512820514 4297.435897435898 4550.256410256411 4086.666666666667 4175.384615384616 4545.641025641026 3817.9487179487182 3721.538461538462 4058.9743589743593 4393.333333333334 4181.538461538462 
4318.461538461539 3828.205128205129 4194.358974358975 4340.000000000001 4293.333333333334 4540.000000000001 4079.48717948718 4169.2307692307695 4537.948717948719 3816.410256410257 3712.820512820513 4055.8974358974365 4382.564102564103 4181.025641025642 
4300.512820512821 3804.615384615385 4183.076923076924 4324.615384615385 4281.538461538462 4528.717948717949 4062.0512820512827 4149.2307692307695 4523.589743589744 3794.8717948717954 3701.0256410256416 4045.6410256410263 4370.769230769231 4173.846153846154 
4302.564102564103 3809.2307692307695 4176.923076923077 4324.615384615385 4266.153846153847 4522.564102564103 4046.666666666667 4132.307692307693 4509.743589743591 3778.461538461539 3694.358974358975 4037.9487179487182 4365.128205128206 4169.2307692307695 
4310.256410256411 3819.48717948718 4175.384615384616 4330.256410256411 4270.769230769231 4508.717948717949 4032.307692307693 4124.615384615385 4498.974358974359 3776.410256410257 3690.2564102564106 4033.8461538461543 4363.076923076924 4170.256410256411 
4311.794871794872 3827.1794871794878 4176.923076923077 4333.846153846154 4285.641025641026 4496.923076923077 4025.1282051282055 4123.076923076924 4493.846153846154 3774.358974358975 3691.2820512820517 4032.820512820513 4366.666666666667 4172.820512820514 
4324.102564102564 3844.615384615385 4185.641025641026 4345.641025641026 4289.74358974359 4509.2307692307695 4035.8974358974365 4132.820512820514 4503.076923076924 3780.0000000000005 3702.564102564103 4041.0256410256416 4377.948717948719 4180.512820512821 
4336.410256410257 3855.3846153846157 4193.333333333334 4353.846153846154 4284.102564102564 4531.282051282052 4054.8717948717954 4144.102564102564 4515.384615384616 3791.2820512820517 3711.794871794872 4049.7435897435903 4387.6923076923085 4187.6923076923085 
4330.769230769231 3847.1794871794878 4189.74358974359 4348.717948717949 4284.102564102564 4539.48717948718 4067.1794871794878 4146.666666666667 4516.923076923077 3795.3846153846157 3708.205128205129 4047.692307692308 4386.153846153847 4183.076923076924 
4328.717948717949 3845.1282051282055 4191.794871794872 4348.205128205129 4304.102564102564 4547.179487179488 4083.076923076924 4153.333333333334 4524.102564102564 3803.589743589744 3709.2307692307695 4047.692307692308 4385.128205128206 4185.641025641026 
4341.025641025642 3856.9230769230776 4207.6923076923085 4360.512820512821 4323.589743589744 4566.666666666667 4101.538461538462 4171.794871794872 4544.102564102564 3821.538461538462 3723.589743589744 4060.5128205128212 4395.384615384616 4201.538461538462 
4339.48717948718 3854.8717948717954 4207.6923076923085 4359.48717948718 4313.846153846154 4569.743589743591 4102.564102564103 4182.564102564103 4549.2307692307695 3823.589743589744 3725.1282051282055 4066.1538461538466 4400.000000000001 4201.538461538462 
4333.333333333334 3846.1538461538466 4200.512820512821 4353.333333333334 4301.025641025642 4555.384615384616 4092.820512820513 4182.564102564103 4546.666666666667 3819.48717948718 3722.0512820512827 4066.666666666667 4397.948717948719 4197.948717948719 
4353.846153846154 3862.564102564103 4217.435897435898 4368.717948717949 4317.435897435898 4554.871794871796 4093.8461538461543 4193.333333333334 4561.538461538462 3838.461538461539 3744.1025641025644 4082.564102564103 4415.384615384616 4215.384615384616 
4389.2307692307695 3894.8717948717954 4251.794871794872 4393.333333333334 4339.48717948718 4574.358974358975 4109.74358974359 4216.923076923077 4585.128205128206 3867.1794871794878 3771.794871794872 4113.333333333334 4443.589743589744 4241.025641025642 
4405.128205128206 3907.692307692308 4271.794871794872 4407.179487179487 4345.128205128206 4592.820512820514 4122.564102564103 4227.6923076923085 4595.8974358974365 3873.8461538461543 3781.538461538462 4133.846153846154 4454.358974358975 4258.974358974359 
4394.871794871796 3899.48717948718 4266.666666666667 4403.589743589744 4346.666666666667 4587.6923076923085 4118.461538461539 4216.410256410257 4591.282051282052 3858.9743589743593 3776.410256410257 4127.179487179487 4449.2307692307695 4258.974358974359 
4381.025641025642 3886.1538461538466 4253.333333333334 4390.769230769231 4343.589743589744 4574.358974358975 4109.74358974359 4202.564102564103 4580.000000000001 3846.666666666667 3763.076923076924 4113.333333333334 4440.000000000001 4244.102564102564 
4380.512820512821 3881.538461538462 4252.307692307693 4387.6923076923085 4341.538461538462 4578.974358974359 4107.6923076923085 4198.974358974359 4575.8974358974365 3849.2307692307695 3759.48717948718 4111.794871794872 4437.435897435898 4237.435897435898 
4390.256410256411 3893.333333333334 4265.641025641026 4398.461538461539 4356.923076923077 4597.435897435898 4120.000000000001 4204.102564102564 4587.179487179488 3863.589743589744 3776.9230769230776 4120.512820512821 4450.769230769231 4248.717948717949 
4402.051282051282 3916.9230769230776 4276.923076923077 4412.820512820514 4377.435897435898 4613.846153846154 4141.538461538462 4216.410256410257 4603.589743589744 3885.1282051282055 3794.8717948717954 4131.282051282052 4467.6923076923085 4257.435897435898 
4415.8974358974365 3938.9743589743593 4284.102564102564 4426.666666666667 4385.641025641026 4630.256410256411 4162.564102564103 4233.333333333334 4618.974358974359 3904.1025641025644 3801.538461538462 4147.179487179487 4476.410256410257 4263.589743589744 
4423.589743589744 3946.1538461538466 4294.358974358975 4435.384615384616 4387.6923076923085 4638.974358974359 4174.358974358975 4249.74358974359 4632.820512820514 3915.3846153846157 3808.717948717949 4160.512820512821 4476.923076923077 4272.820512820514 
4429.2307692307695 3944.1025641025644 4308.717948717949 4437.948717948719 4397.948717948719 4640.000000000001 4184.102564102564 4270.769230769231 4642.564102564103 3922.564102564103 3813.333333333334 4167.179487179487 4478.974358974359 4280.512820512821 
4448.205128205129 3958.461538461539 4328.205128205129 4451.794871794872 4422.051282051282 4653.333333333334 4200.000000000001 4298.461538461539 4660.512820512821 3930.7692307692314 3825.1282051282055 4183.076923076924 4494.871794871796 4293.846153846154 
4464.102564102564 3980.5128205128212 4344.102564102564 4467.179487179487 4447.6923076923085 4667.179487179488 4215.384615384616 4318.974358974359 4682.564102564103 3940.5128205128212 3846.666666666667 4205.128205128206 4513.846153846154 4308.717948717949 
4457.948717948719 3981.0256410256416 4346.666666666667 4466.666666666667 4447.6923076923085 4667.179487179488 4219.48717948718 4326.153846153847 4688.717948717949 3950.7692307692314 3855.8974358974365 4211.794871794872 4515.8974358974365 4313.333333333334 
4448.205128205129 3970.7692307692314 4342.051282051282 4462.564102564103 4436.410256410257 4666.153846153847 4211.282051282052 4323.589743589744 4682.564102564103 3953.333333333334 3849.2307692307695 4206.153846153847 4509.743589743591 4307.6923076923085 
4445.641025641026 3969.2307692307695 4334.358974358975 4457.948717948719 4448.205128205129 4665.128205128206 4200.000000000001 4309.743589743591 4677.435897435898 3947.1794871794878 3838.461538461539 4195.384615384616 4505.128205128206 4293.846153846154 
4442.564102564103 3972.820512820513 4328.717948717949 4458.461538461539 4469.2307692307695 4666.153846153847 4199.48717948718 4298.461538461539 4675.8974358974365 3946.1538461538466 3832.820512820513 4183.076923076924 4499.48717948718 4282.564102564103 
4438.974358974359 3975.8974358974365 4326.153846153847 4461.538461538462 4470.769230769231 4672.820512820514 4202.051282051282 4292.820512820514 4669.743589743591 3943.076923076924 3828.717948717949 4175.384615384616 4496.410256410257 4278.974358974359 
4435.8974358974365 3972.307692307693 4322.051282051282 4456.923076923077 4453.846153846154 4672.820512820514 4197.948717948719 4282.564102564103 4657.435897435898 3932.820512820513 3818.9743589743593 4167.179487179487 4490.769230769231 4267.179487179487 
4430.256410256411 3963.076923076924 4317.435897435898 4447.6923076923085 4444.615384615385 4660.000000000001 4189.2307692307695 4271.794871794872 4646.153846153847 3918.461538461539 3803.589743589744 4157.435897435898 4477.435897435898 4252.820512820514 
4426.666666666667 3953.8461538461543 4314.358974358975 4445.128205128206 4452.307692307693 4644.615384615385 4182.051282051282 4264.102564102564 4632.820512820514 3898.461538461539 3798.461538461539 4158.461538461539 4469.743589743591 4257.435897435898 
4426.666666666667 3946.1538461538466 4313.846153846154 4444.102564102564 4447.179487179487 4630.769230769231 4174.358974358975 4257.435897435898 4620.000000000001 3886.1538461538466 3804.615384615385 4166.666666666667 4473.333333333334 4270.256410256411 
4428.205128205129 3940.5128205128212 4313.333333333334 4440.000000000001 4424.615384615385 4623.076923076924 4172.820512820514 4262.564102564103 4623.076923076924 3893.8461538461543 3810.7692307692314 4172.307692307693 4478.974358974359 4274.871794871796 
4426.666666666667 3935.3846153846157 4310.256410256411 4435.384615384616 4413.333333333334 4620.000000000001 4174.358974358975 4269.2307692307695 4630.769230769231 3898.461538461539 3809.7435897435903 4169.2307692307695 4477.435897435898 4276.410256410257 
4409.2307692307695 3919.48717948718 4294.871794871796 4417.948717948719 4413.846153846154 4605.128205128206 4163.076923076924 4255.8974358974365 4621.538461538462 3884.615384615385 3793.333333333334 4152.307692307693 4462.564102564103 4265.128205128206 
4387.6923076923085 3901.0256410256416 4278.461538461539 4402.051282051282 4412.307692307693 4593.333333333334 4152.820512820514 4245.128205128206 4609.743589743591 3874.358974358975 3781.538461538462 4136.410256410257 4449.743589743591 4243.589743589744 
4377.435897435898 3897.9487179487182 4272.307692307693 4400.512820512821 4403.076923076924 4596.923076923077 4149.74358974359 4248.205128205129 4609.743589743591 3873.333333333334 3780.512820512821 4130.256410256411 4446.153846153847 4233.846153846154 
4370.256410256411 3894.8717948717954 4264.615384615385 4396.410256410257 4389.743589743591 4596.410256410257 4137.948717948719 4245.128205128206 4606.153846153847 3869.7435897435903 3772.307692307693 4121.538461538462 4437.435897435898 4228.717948717949 
4357.435897435898 3881.0256410256416 4248.717948717949 4387.179487179487 4380.000000000001 4582.564102564103 4119.48717948718 4224.615384615385 4589.2307692307695 3855.8974358974365 3753.8461538461543 4104.615384615385 4421.025641025642 4214.358974358975 
4346.666666666667 3870.2564102564106 4234.871794871796 4381.538461538462 4375.8974358974365 4569.2307692307695 4105.641025641026 4200.512820512821 4568.717948717949 3834.8717948717954 3738.9743589743593 4087.692307692308 4409.743589743591 4198.974358974359 
4339.48717948718 3866.1538461538466 4228.717948717949 4377.435897435898 4373.333333333334 4557.948717948719 4094.8717948717954 4185.641025641026 4553.846153846154 3818.461538461539 3732.307692307693 4077.9487179487187 4404.102564102564 4192.820512820514 
4341.025641025642 3864.1025641025644 4228.717948717949 4376.410256410257 4368.205128205129 4549.2307692307695 4087.692307692308 4177.435897435898 4545.641025641026 3815.8974358974365 3731.794871794872 4080.5128205128212 4402.564102564103 4194.358974358975 
4343.589743589744 3860.512820512821 4229.2307692307695 4375.8974358974365 4356.923076923077 4541.538461538462 4081.538461538462 4161.538461538462 4532.307692307693 3810.2564102564106 3730.7692307692314 4081.0256410256416 4401.025641025642 4197.948717948719 
4337.435897435898 3853.333333333334 4222.051282051282 4367.179487179487 4347.6923076923085 4529.743589743591 4076.410256410257 4148.717948717949 4520.512820512821 3797.9487179487182 3726.666666666667 4073.333333333334 4394.871794871796 4198.461538461539 
4328.717948717949 3846.1538461538466 4212.820512820514 4358.974358974359 4345.641025641026 4527.6923076923085 4081.538461538462 4154.358974358975 4522.564102564103 3797.9487179487182 3723.076923076924 4068.717948717949 4389.2307692307695 4191.282051282052 
4321.538461538462 3840.0000000000005 4206.153846153847 4356.410256410257 4342.051282051282 4534.871794871796 4084.1025641025644 4158.974358974359 4526.153846153847 3799.48717948718 3716.9230769230776 4062.0512820512827 4387.179487179487 4183.076923076924 
4320.000000000001 3839.48717948718 4203.589743589744 4354.358974358975 4341.025641025642 4538.461538461539 4081.538461538462 4165.128205128206 4534.358974358975 3801.538461538462 3716.9230769230776 4058.461538461539 4390.256410256411 4185.128205128206 
4326.153846153847 3841.538461538462 4207.6923076923085 4355.384615384616 4347.179487179487 4541.538461538462 4086.666666666667 4184.615384615385 4553.333333333334 3814.8717948717954 3731.2820512820517 4070.7692307692314 4402.564102564103 4196.923076923077 
4324.102564102564 3835.3846153846157 4206.153846153847 4353.333333333334 4350.769230769231 4540.512820512821 4089.7435897435903 4190.256410256411 4556.410256410257 3819.48717948718 3732.820512820513 4074.358974358975 4405.641025641026 4197.435897435898 
4315.384615384616 3829.7435897435903 4196.923076923077 4345.641025641026 4346.153846153847 4532.307692307693 4079.48717948718 4174.871794871796 4538.974358974359 3805.1282051282055 3717.9487179487182 4061.0256410256416 4393.846153846154 4185.128205128206 
4311.282051282052 3830.2564102564106 4189.2307692307695 4340.512820512821 4338.974358974359 4525.128205128206 4068.717948717949 4164.615384615385 4531.282051282052 3798.461538461539 3711.2820512820517 4050.7692307692314 4383.076923076924 4176.410256410257 
4304.615384615385 3821.538461538462 4182.564102564103 4335.8974358974365 4328.205128205129 4515.8974358974365 4058.9743589743593 4156.410256410257 4525.128205128206 3794.8717948717954 3703.589743589744 4042.0512820512827 4374.871794871796 4169.74358974359 
4297.435897435898 3808.717948717949 4180.512820512821 4329.2307692307695 4319.48717948718 4507.6923076923085 4051.2820512820517 4147.6923076923085 4508.717948717949 3777.9487179487182 3690.7692307692314 4035.3846153846157 4368.205128205129 4165.128205128206 
4304.615384615385 3810.2564102564106 4188.205128205129 4333.333333333334 4322.051282051282 4511.282051282052 4056.410256410257 4146.153846153847 4504.102564102564 3772.307692307693 3694.8717948717954 4043.076923076924 4371.794871794872 4172.307692307693 
4314.871794871796 3820.0000000000005 4195.384615384616 4342.051282051282 4330.256410256411 4516.923076923077 4059.48717948718 4140.000000000001 4508.717948717949 3784.615384615385 3707.692307692308 4051.7948717948725 4379.48717948718 4182.564102564103 
4313.333333333334 3821.538461538462 4194.358974358975 4341.025641025642 4334.358974358975 4513.333333333334 4050.2564102564106 4125.641025641026 4502.051282051282 3783.076923076924 3706.1538461538466 4049.23076923077 4375.8974358974365 4180.512820512821 
4312.307692307693 3821.538461538462 4193.846153846154 4343.076923076924 4333.333333333334 4516.923076923077 4051.7948717948725 4122.051282051282 4496.923076923077 3775.8974358974365 3703.076923076924 4049.7435897435903 4369.2307692307695 4175.384615384616 
4313.333333333334 3824.1025641025644 4195.384615384616 4349.743589743591 4335.384615384616 4523.076923076924 4064.615384615385 4134.358974358975 4503.076923076924 3778.9743589743593 3705.1282051282055 4049.7435897435903 4368.205128205129 4175.384615384616 
4317.435897435898 3828.205128205129 4200.000000000001 4352.307692307693 4344.102564102564 4530.769230769231 4074.8717948717954 4153.333333333334 4515.384615384616 3789.7435897435903 3708.717948717949 4051.7948717948725 4375.384615384616 4180.512820512821 
4325.128205128206 3837.435897435898 4206.666666666667 4355.384615384616 4353.333333333334 4543.589743589744 4083.076923076924 4168.205128205129 4529.2307692307695 3803.076923076924 3716.9230769230776 4062.564102564103 4385.128205128206 4190.256410256411 
4331.282051282052 3848.205128205129 4209.2307692307695 4363.589743589744 4356.410256410257 4548.205128205129 4087.1794871794878 4174.358974358975 4540.512820512821 3814.358974358975 3725.1282051282055 4069.7435897435903 4392.307692307693 4195.8974358974365 
4333.333333333334 3851.7948717948725 4210.256410256411 4368.205128205129 4350.769230769231 4542.051282051282 4082.0512820512827 4178.461538461539 4548.717948717949 3816.9230769230776 3727.1794871794878 4069.7435897435903 4397.948717948719 4195.384615384616 
4332.820512820514 3846.666666666667 4211.794871794872 4365.641025641026 4346.666666666667 4533.846153846154 4077.435897435898 4179.48717948718 4548.717948717949 3812.307692307693 3723.589743589744 4066.666666666667 4394.871794871796 4193.333333333334 
4333.333333333334 3844.1025641025644 4210.256410256411 4363.076923076924 4345.641025641026 4529.2307692307695 4078.9743589743593 4175.384615384616 4541.025641025642 3807.1794871794878 3720.512820512821 4064.1025641025644 4389.743589743591 4193.333333333334 
4332.307692307693 3843.076923076924 4209.2307692307695 4360.000000000001 4347.6923076923085 4531.282051282052 4077.9487179487187 4169.74358974359 4537.948717948719 3805.1282051282055 3719.48717948718 4063.076923076924 4392.307692307693 4192.820512820514 
4324.102564102564 3834.358974358975 4202.564102564103 4350.769230769231 4344.102564102564 4529.743589743591 4069.7435897435903 4154.358974358975 4533.846153846154 3800.512820512821 3717.9487179487182 4058.461538461539 4390.769230769231 4190.256410256411 
4317.435897435898 3826.666666666667 4191.794871794872 4345.641025641026 4332.820512820514 4521.025641025642 4059.48717948718 4133.846153846154 4520.512820512821 3789.2307692307695 3713.333333333334 4051.2820512820517 4381.538461538462 4187.179487179487 
4329.743589743591 3838.461538461539 4202.564102564103 4358.461538461539 4342.051282051282 4527.179487179488 4063.589743589744 4137.435897435898 4522.564102564103 3795.8974358974365 3723.076923076924 4062.0512820512827 4390.256410256411 4197.435897435898 
4346.666666666667 3858.9743589743593 4225.128205128206 4375.384615384616 4362.051282051282 4546.153846153847 4080.5128205128212 4155.384615384616 4539.48717948718 3820.512820512821 3741.538461538462 4083.076923076924 4411.282051282052 4216.923076923077 
4350.256410256411 3864.615384615385 4228.205128205129 4378.461538461539 4364.102564102564 4551.282051282052 4088.717948717949 4159.48717948718 4541.538461538462 3823.589743589744 3748.717948717949 4087.1794871794878 4417.435897435898 4223.589743589744 
4357.435897435898 3867.1794871794878 4229.2307692307695 4382.051282051282 4368.205128205129 4557.435897435898 4101.025641025642 4173.333333333334 4545.128205128206 3818.461538461539 3753.333333333334 4090.7692307692314 4422.051282051282 4225.128205128206 
4374.358974358975 3885.1282051282055 4247.6923076923085 4396.410256410257 4390.769230769231 4578.461538461539 4125.128205128206 4214.358974358975 4572.820512820514 3843.076923076924 3768.205128205129 4108.717948717949 4439.48717948718 4238.461538461539 
4384.102564102564 3902.564102564103 4263.589743589744 4408.205128205129 4398.461538461539 4591.794871794872 4136.410256410257 4236.410256410257 4592.820512820514 3872.820512820513 3781.0256410256416 4121.538461538462 4452.307692307693 4248.717948717949 
4389.2307692307695 3912.307692307693 4268.717948717949 4412.307692307693 4392.820512820514 4596.410256410257 4137.435897435898 4232.307692307693 4597.435897435898 3876.9230769230776 3786.666666666667 4124.615384615385 4460.000000000001 4248.205128205129 
4392.307692307693 3917.435897435898 4266.153846153847 4411.282051282052 4403.589743589744 4602.051282051282 4144.102564102564 4232.820512820514 4602.051282051282 3871.2820512820517 3786.666666666667 4123.589743589744 4465.128205128206 4246.153846153847 
4389.743589743591 3918.461538461539 4261.538461538462 4410.769230769231 4416.410256410257 4602.051282051282 4144.615384615385 4231.794871794872 4598.974358974359 3872.820512820513 3781.538461538462 4119.48717948718 4460.512820512821 4244.615384615385 
4389.743589743591 3920.5128205128212 4266.666666666667 4415.384615384616 4418.974358974359 4597.435897435898 4137.435897435898 4223.589743589744 4594.358974358975 3875.3846153846157 3778.9743589743593 4120.000000000001 4454.358974358975 4243.076923076924 
4396.923076923077 3925.1282051282055 4275.384615384616 4419.48717948718 4417.435897435898 4599.48717948718 4140.512820512821 4226.666666666667 4603.589743589744 3876.410256410257 3787.1794871794878 4127.6923076923085 4462.051282051282 4249.2307692307695 
4405.128205128206 3930.7692307692314 4277.435897435898 4420.512820512821 4416.410256410257 4606.153846153847 4147.179487179487 4233.333333333334 4612.307692307693 3880.512820512821 3798.461538461539 4134.358974358975 4476.923076923077 4256.923076923077 
4408.717948717949 3935.8974358974365 4278.974358974359 4424.102564102564 4423.076923076924 4605.128205128206 4142.051282051282 4229.74358974359 4611.794871794872 3889.2307692307695 3804.615384615385 4137.435897435898 4482.564102564103 4261.538461538462 
4405.128205128206 3933.333333333334 4281.538461538462 4423.589743589744 4426.153846153847 4596.923076923077 4133.333333333334 4225.128205128206 4607.6923076923085 3892.307692307693 3804.1025641025644 4139.48717948718 4477.948717948719 4261.538461538462 
4402.564102564103 3925.6410256410263 4281.538461538462 4417.435897435898 4411.282051282052 4595.384615384616 4138.461538461539 4234.871794871796 4605.641025641026 3883.589743589744 3803.589743589744 4146.666666666667 4475.384615384616 4263.589743589744 
4404.102564102564 3922.564102564103 4282.564102564103 4416.923076923077 4405.128205128206 4598.461538461539 4150.256410256411 4246.666666666667 4609.743589743591 3875.8974358974365 3802.564102564103 4150.769230769231 4475.8974358974365 4266.153846153847 
4404.615384615385 3926.1538461538466 4281.025641025642 4422.564102564103 4421.025641025642 4601.538461538462 4154.871794871796 4250.256410256411 4614.358974358975 3879.48717948718 3800.0000000000005 4143.076923076924 4472.307692307693 4263.076923076924 
4408.717948717949 3931.7948717948725 4283.076923076924 4428.717948717949 4431.282051282052 4610.256410256411 4158.461538461539 4253.846153846154 4615.384615384616 3888.205128205129 3803.076923076924 4142.564102564103 4473.846153846154 4262.564102564103 
4410.256410256411 3930.2564102564106 4287.6923076923085 4427.179487179487 4422.051282051282 4614.871794871796 4156.923076923077 4252.307692307693 4612.820512820514 3889.2307692307695 3800.512820512821 4146.153846153847 4475.8974358974365 4263.589743589744 
4404.615384615385 3923.589743589744 4285.641025641026 4420.000000000001 4413.846153846154 4607.179487179488 4149.2307692307695 4242.051282051282 4611.282051282052 3886.1538461538466 3792.820512820513 4137.948717948719 4468.205128205129 4260.000000000001 
4413.333333333334 3930.2564102564106 4292.307692307693 4426.153846153847 4417.948717948719 4611.794871794872 4153.846153846154 4246.666666666667 4620.000000000001 3888.717948717949 3802.0512820512827 4143.076923076924 4474.871794871796 4266.153846153847 
4442.051282051282 3953.8461538461543 4316.923076923077 4451.282051282052 4445.128205128206 4633.333333333334 4176.410256410257 4274.871794871796 4644.102564102564 3907.692307692308 3827.692307692308 4173.846153846154 4502.564102564103 4292.307692307693 
4464.102564102564 3973.333333333334 4338.461538461539 4468.205128205129 4471.282051282052 4649.743589743591 4196.410256410257 4288.205128205129 4662.051282051282 3933.333333333334 3844.1025641025644 4196.410256410257 4520.000000000001 4311.794871794872 
4475.384615384616 3987.1794871794878 4350.769230769231 4475.384615384616 4472.307692307693 4666.153846153847 4205.641025641026 4286.666666666667 4669.743589743591 3946.666666666667 3856.410256410257 4207.179487179487 4527.179487179488 4318.461538461539 
4480.512820512821 3997.435897435898 4357.948717948719 4481.025641025642 4475.384615384616 4680.512820512821 4212.307692307693 4294.358974358975 4677.435897435898 3948.205128205129 3868.205128205129 4217.948717948719 4538.461538461539 4326.153846153847 
4470.769230769231 3987.1794871794878 4350.256410256411 4474.871794871796 4486.153846153847 4671.282051282052 4207.6923076923085 4292.307692307693 4675.8974358974365 3945.1282051282055 3861.0256410256416 4213.846153846154 4536.410256410257 4324.102564102564 
4460.000000000001 3970.2564102564106 4338.461538461539 4464.102564102564 4475.8974358974365 4653.846153846154 4200.000000000001 4278.974358974359 4667.179487179488 3937.9487179487182 3849.2307692307695 4202.051282051282 4523.076923076924 4314.358974358975 
4467.6923076923085 3979.48717948718 4347.179487179487 4469.2307692307695 4465.128205128206 4659.48717948718 4206.153846153847 4291.794871794872 4672.307692307693 3941.538461538462 3857.435897435898 4208.205128205129 4525.128205128206 4316.923076923077 
4483.589743589744 3998.9743589743593 4363.076923076924 4484.102564102564 4487.179487179488 4678.461538461539 4222.051282051282 4321.025641025642 4688.717948717949 3957.9487179487182 3868.717948717949 4222.051282051282 4536.410256410257 4327.6923076923085 
4484.615384615385 3999.48717948718 4365.641025641026 4489.2307692307695 4506.666666666667 4685.641025641026 4230.769230769231 4331.794871794872 4696.923076923077 3961.0256410256416 3864.615384615385 4222.564102564103 4533.846153846154 4326.666666666667 
4475.8974358974365 3995.3846153846157 4362.564102564103 4486.666666666667 4500.000000000001 4685.641025641026 4233.333333333334 4329.743589743591 4695.384615384616 3956.410256410257 3860.0000000000005 4215.8974358974365 4526.153846153847 4320.512820512821 
4482.564102564103 4006.1538461538466 4367.6923076923085 4494.358974358975 4502.051282051282 4693.333333333334 4239.48717948718 4333.846153846154 4698.974358974359 3964.1025641025644 3869.2307692307695 4220.000000000001 4534.358974358975 4326.666666666667 
4507.179487179488 4025.1282051282055 4387.179487179487 4512.307692307693 4521.025641025642 4711.282051282052 4253.333333333334 4347.179487179487 4715.384615384616 3980.5128205128212 3885.6410256410263 4241.025641025642 4556.923076923077 4345.641025641026 
4520.512820512821 4037.435897435898 4403.589743589744 4519.48717948718 4527.6923076923085 4720.512820512821 4266.153846153847 4358.974358974359 4730.769230769231 3992.307692307693 3896.410256410257 4258.461538461539 4569.2307692307695 4356.410256410257 
4516.410256410257 4035.8974358974365 4402.564102564103 4514.871794871796 4524.615384615385 4716.410256410257 4265.128205128206 4359.48717948718 4731.794871794872 3998.461538461539 3897.9487179487182 4258.974358974359 4568.717948717949 4356.410256410257 
4522.051282051282 4038.9743589743593 4400.512820512821 4521.025641025642 4534.871794871796 4714.358974358975 4258.974358974359 4355.8974358974365 4731.282051282052 4003.076923076924 3901.0256410256416 4261.025641025642 4573.333333333334 4362.564102564103 
4540.512820512821 4055.8974358974365 4413.846153846154 4535.8974358974365 4545.128205128206 4724.102564102564 4265.641025641026 4359.48717948718 4742.051282051282 4012.820512820513 3912.820512820513 4276.923076923077 4588.205128205129 4372.307692307693 
4546.153846153847 4062.564102564103 4424.615384615385 4539.48717948718 4540.512820512821 4731.794871794872 4272.307692307693 4361.025641025642 4750.769230769231 4022.564102564103 3923.589743589744 4286.666666666667 4598.974358974359 4374.871794871796 
4534.871794871796 4051.7948717948725 4418.974358974359 4529.2307692307695 4534.871794871796 4729.743589743591 4267.179487179487 4356.410256410257 4746.153846153847 4019.48717948718 3918.461538461539 4279.48717948718 4591.794871794872 4370.769230769231 
