4515.384615384616 4048.717948717949 4398.461538461539 4504.102564102564 4489.2307692307695 4720.000000000001 4329.743589743591 4360.512820512821 4741.538461538462 4053.333333333334 3954.358974358975 4349.743589743591 4590.256410256411 4254.358974358975 
4516.410256410257 4048.205128205129 4392.820512820514 4502.564102564103 4486.666666666667 4721.538461538462 4332.307692307693 4356.410256410257 4741.025641025642 4053.8461538461543 3954.358974358975 4342.564102564103 4589.2307692307695 4250.256410256411 
4515.384615384616 4046.1538461538466 4394.871794871796 4505.128205128206 4488.205128205129 4721.538461538462 4334.358974358975 4356.410256410257 4741.025641025642 4053.8461538461543 3956.410256410257 4342.051282051282 4587.6923076923085 4249.2307692307695 
4516.410256410257 4047.692307692308 4397.435897435898 4505.128205128206 4488.205128205129 4720.000000000001 4329.743589743591 4353.333333333334 4741.538461538462 4055.8974358974365 3958.461538461539 4347.179487179487 4589.743589743591 4252.820512820514 
4515.384615384616 4045.6410256410263 4392.820512820514 4505.128205128206 4489.2307692307695 4723.076923076924 4338.461538461539 4355.384615384616 4740.512820512821 4055.8974358974365 3955.8974358974365 4337.948717948719 4581.025641025642 4242.051282051282 
4517.948717948719 4047.1794871794878 4377.435897435898 4502.564102564103 4494.871794871796 4731.794871794872 4353.333333333334 4345.128205128206 4737.435897435898 4053.8461538461543 3948.717948717949 4314.358974358975 4575.8974358974365 4221.538461538462 
4513.846153846154 4044.1025641025644 4392.307692307693 4506.666666666667 4492.307692307693 4725.641025641026 4342.564102564103 4351.282051282052 4737.435897435898 4054.8717948717954 3951.2820512820517 4335.8974358974365 4581.025641025642 4234.358974358975 
4512.820512820514 4046.1538461538466 4401.538461538462 4503.589743589744 4487.6923076923085 4720.512820512821 4328.717948717949 4355.8974358974365 4737.948717948719 4055.3846153846157 3957.435897435898 4354.358974358975 4588.717948717949 4253.333333333334 
4511.794871794872 4046.666666666667 4406.153846153847 4506.153846153847 4484.615384615385 4714.871794871796 4326.666666666667 4360.000000000001 4737.948717948719 4054.8717948717954 3959.48717948718 4356.923076923077 4589.743589743591 4259.48717948718 
4516.923076923077 4050.2564102564106 4403.589743589744 4508.717948717949 4482.564102564103 4714.358974358975 4326.666666666667 4355.384615384616 4737.948717948719 4054.8717948717954 3960.0000000000005 4354.871794871796 4593.333333333334 4262.051282051282 
4513.846153846154 4048.717948717949 4411.794871794872 4510.769230769231 4480.512820512821 4712.307692307693 4320.512820512821 4362.051282051282 4739.48717948718 4053.8461538461543 3964.615384615385 4370.256410256411 4594.358974358975 4271.794871794872 
4514.358974358975 4050.2564102564106 4406.153846153847 4508.205128205129 4485.128205128206 4719.48717948718 4325.641025641026 4358.461538461539 4737.948717948719 4053.8461538461543 3961.538461538462 4358.461538461539 4590.256410256411 4262.564102564103 
4516.410256410257 4047.692307692308 4407.6923076923085 4508.205128205129 4484.615384615385 4718.974358974359 4330.256410256411 4357.435897435898 4737.435897435898 4055.3846153846157 3958.9743589743593 4355.384615384616 4586.666666666667 4257.948717948719 
4517.948717948719 4049.23076923077 4408.717948717949 4506.666666666667 4483.589743589744 4716.923076923077 4328.717948717949 4357.948717948719 4738.461538461539 4055.8974358974365 3961.0256410256416 4363.076923076924 4592.307692307693 4262.051282051282 
4513.333333333334 4052.307692307693 4410.256410256411 4510.256410256411 4486.153846153847 4717.435897435898 4326.153846153847 4360.000000000001 4736.923076923077 4054.8717948717954 3962.564102564103 4365.641025641026 4593.333333333334 4265.128205128206 
4511.282051282052 4051.2820512820517 4410.256410256411 4511.794871794872 4488.205128205129 4724.615384615386 4330.769230769231 4355.384615384616 4735.384615384616 4054.358974358975 3957.9487179487182 4358.974358974359 4586.153846153847 4260.512820512821 
4512.307692307693 4049.7435897435903 4402.051282051282 4508.717948717949 4489.2307692307695 4727.6923076923085 4338.974358974359 4353.333333333334 4735.8974358974365 4054.358974358975 3953.8461538461543 4351.282051282052 4581.538461538462 4251.282051282052 
4512.307692307693 4051.2820512820517 4401.025641025642 4508.717948717949 4487.179487179488 4722.564102564103 4335.8974358974365 4359.48717948718 4735.384615384616 4052.820512820513 3956.410256410257 4353.846153846154 4582.564102564103 4252.820512820514 
4513.846153846154 4053.333333333334 4401.025641025642 4510.256410256411 4489.2307692307695 4724.102564102564 4334.358974358975 4356.410256410257 4734.871794871796 4051.7948717948725 3955.8974358974365 4351.794871794872 4581.025641025642 4254.871794871796 
4511.794871794872 4051.2820512820517 4403.076923076924 4512.820512820514 4492.820512820514 4725.641025641026 4335.384615384616 4357.948717948719 4736.923076923077 4053.8461538461543 3952.820512820513 4354.358974358975 4580.000000000001 4258.974358974359 
4511.794871794872 4052.820512820513 4398.461538461539 4511.794871794872 4492.820512820514 4725.128205128206 4337.948717948719 4356.923076923077 4737.435897435898 4053.8461538461543 3952.820512820513 4349.743589743591 4582.051282051282 4257.948717948719 
4511.794871794872 4050.7692307692314 4404.615384615385 4512.820512820514 4492.307692307693 4722.051282051282 4335.8974358974365 4363.589743589744 4736.410256410257 4050.7692307692314 3955.3846153846157 4355.384615384616 4578.974358974359 4260.000000000001 
4515.384615384616 4053.333333333334 4401.538461538462 4511.282051282052 4498.461538461539 4726.666666666667 4337.948717948719 4355.8974358974365 4736.410256410257 4050.2564102564106 3951.2820512820517 4352.820512820514 4578.974358974359 4258.461538461539 
4511.794871794872 4052.307692307693 4404.615384615385 4514.358974358975 4497.948717948719 4725.641025641026 4338.461538461539 4361.025641025642 4734.358974358975 4051.7948717948725 3949.2307692307695 4356.923076923077 4577.435897435898 4260.512820512821 
4513.846153846154 4054.358974358975 4401.025641025642 4512.820512820514 4492.307692307693 4729.2307692307695 4342.564102564103 4360.000000000001 4731.282051282052 4051.7948717948725 3949.2307692307695 4349.743589743591 4579.48717948718 4258.461538461539 
4512.820512820514 4053.8461538461543 4404.102564102564 4515.8974358974365 4492.820512820514 4728.205128205129 4342.051282051282 4364.615384615385 4731.794871794872 4051.2820512820517 3949.7435897435903 4353.846153846154 4578.461538461539 4261.025641025642 
4515.8974358974365 4055.3846153846157 4401.025641025642 4515.8974358974365 4498.461538461539 4729.743589743591 4338.461538461539 4362.564102564103 4735.384615384616 4051.2820512820517 3947.1794871794878 4351.794871794872 4576.410256410257 4262.051282051282 
4515.384615384616 4053.333333333334 4407.6923076923085 4518.461538461539 4496.410256410257 4729.743589743591 4338.974358974359 4365.128205128206 4735.8974358974365 4049.7435897435903 3946.666666666667 4352.307692307693 4572.820512820514 4262.564102564103 
4515.8974358974365 4056.9230769230776 4405.128205128206 4518.461538461539 4494.871794871796 4731.282051282052 4346.666666666667 4364.615384615385 4732.307692307693 4049.7435897435903 3945.1282051282055 4348.717948717949 4574.358974358975 4262.051282051282 
4514.358974358975 4058.9743589743593 4405.641025641026 4521.538461538462 4498.461538461539 4731.282051282052 4349.2307692307695 4371.282051282052 4731.282051282052 4049.23076923077 3942.564102564103 4356.410256410257 4574.358974358975 4270.256410256411 
4515.384615384616 4062.564102564103 4405.128205128206 4525.641025641026 4504.102564102564 4736.923076923077 4348.205128205129 4374.871794871796 4729.2307692307695 4048.717948717949 3937.435897435898 4358.974358974359 4569.743589743591 4276.923076923077 
4514.358974358975 4068.717948717949 4408.717948717949 4529.2307692307695 4507.6923076923085 4740.000000000001 4349.2307692307695 4375.8974358974365 4726.153846153847 4047.1794871794878 3932.307692307693 4355.8974358974365 4564.615384615385 4278.974358974359 
4514.871794871796 4075.8974358974365 4411.794871794872 4532.820512820514 4511.794871794872 4740.512820512821 4352.307692307693 4381.025641025642 4725.128205128206 4044.615384615385 3927.692307692308 4358.974358974359 4560.512820512821 4284.615384615385 
4518.461538461539 4081.538461538462 4408.717948717949 4539.48717948718 4516.923076923077 4747.179487179488 4357.948717948719 4386.666666666667 4722.051282051282 4041.538461538462 3918.9743589743593 4361.025641025642 4555.384615384616 4294.871794871796 
4517.435897435898 4084.615384615385 4410.769230769231 4548.205128205129 4520.000000000001 4754.871794871796 4362.564102564103 4393.846153846154 4719.48717948718 4039.48717948718 3911.7948717948725 4361.025641025642 4548.717948717949 4304.102564102564 
4517.435897435898 4088.717948717949 4407.6923076923085 4547.6923076923085 4523.076923076924 4758.461538461539 4365.641025641026 4392.307692307693 4720.512820512821 4038.9743589743593 3907.1794871794878 4352.307692307693 4547.179487179488 4301.538461538462 
4519.48717948718 4089.23076923077 4405.641025641026 4545.641025641026 4524.615384615385 4756.923076923077 4367.179487179487 4394.358974358975 4721.025641025642 4039.48717948718 3903.589743589744 4350.769230769231 4548.717948717949 4302.051282051282 
4523.076923076924 4090.2564102564106 4395.384615384616 4542.564102564103 4524.615384615385 4761.538461538462 4365.641025641026 4391.794871794872 4719.48717948718 4040.0000000000005 3901.538461538462 4344.102564102564 4552.820512820514 4301.538461538462 
4521.025641025642 4084.615384615385 4396.410256410257 4543.589743589744 4520.000000000001 4759.48717948718 4360.000000000001 4397.435897435898 4722.564102564103 4040.5128205128212 3904.1025641025644 4343.589743589744 4553.333333333334 4300.512820512821 
4526.153846153847 4085.1282051282055 4389.743589743591 4539.48717948718 4518.974358974359 4758.461538461539 4360.512820512821 4389.2307692307695 4725.641025641026 4043.076923076924 3902.564102564103 4331.282051282052 4555.384615384616 4292.307692307693 
4525.641025641026 4084.1025641025644 4392.820512820514 4536.923076923077 4516.410256410257 4752.307692307693 4359.48717948718 4390.256410256411 4727.6923076923085 4044.1025641025644 3904.615384615385 4332.820512820514 4557.435897435898 4289.2307692307695 
4527.179487179488 4084.1025641025644 4385.641025641026 4530.256410256411 4514.871794871796 4749.743589743591 4355.384615384616 4388.205128205129 4730.256410256411 4044.1025641025644 3909.2307692307695 4329.2307692307695 4564.102564102564 4286.153846153847 
4523.589743589744 4078.461538461539 4385.128205128206 4527.6923076923085 4511.794871794872 4745.128205128206 4350.256410256411 4388.205128205129 4731.282051282052 4046.666666666667 3911.7948717948725 4330.769230769231 4565.641025641026 4284.615384615385 
4525.128205128206 4076.410256410257 4381.538461538462 4522.051282051282 4510.256410256411 4747.6923076923085 4349.743589743591 4382.051282051282 4732.307692307693 4047.692307692308 3914.358974358975 4324.615384615385 4566.666666666667 4276.923076923077 
4523.589743589744 4071.7948717948725 4385.641025641026 4520.512820512821 4507.179487179488 4743.076923076924 4345.641025641026 4385.641025641026 4733.846153846154 4048.205128205129 3920.5128205128212 4326.666666666667 4571.794871794872 4274.871794871796 
4523.076923076924 4068.205128205129 4382.051282051282 4515.384615384616 4505.128205128206 4739.48717948718 4344.102564102564 4381.538461538462 4735.8974358974365 4050.7692307692314 3923.589743589744 4323.589743589744 4577.948717948719 4274.358974358975 
4520.000000000001 4065.6410256410263 4383.076923076924 4512.820512820514 4502.564102564103 4736.410256410257 4343.076923076924 4377.948717948719 4736.923076923077 4050.7692307692314 3927.1794871794878 4324.615384615385 4575.8974358974365 4271.282051282052 
4520.512820512821 4064.1025641025644 4383.589743589744 4513.333333333334 4500.000000000001 4736.410256410257 4340.512820512821 4374.358974358975 4736.410256410257 4049.7435897435903 3930.2564102564106 4325.641025641026 4576.410256410257 4266.666666666667 
4521.538461538462 4063.076923076924 4385.641025641026 4513.333333333334 4499.48717948718 4735.8974358974365 4338.974358974359 4372.307692307693 4738.974358974359 4049.7435897435903 3932.307692307693 4325.641025641026 4580.512820512821 4266.666666666667 
4520.512820512821 4062.0512820512827 4387.6923076923085 4509.2307692307695 4500.000000000001 4733.846153846154 4337.435897435898 4374.871794871796 4741.538461538462 4051.7948717948725 3936.9230769230776 4326.666666666667 4577.948717948719 4267.179487179487 
4520.512820512821 4060.5128205128212 4386.153846153847 4508.205128205129 4498.974358974359 4733.333333333334 4337.435897435898 4371.794871794872 4737.948717948719 4052.307692307693 3940.0000000000005 4327.6923076923085 4575.8974358974365 4262.564102564103 
4518.974358974359 4056.9230769230776 4390.769230769231 4512.820512820514 4495.384615384616 4731.282051282052 4336.923076923077 4369.743589743591 4736.410256410257 4051.7948717948725 3939.48717948718 4333.333333333334 4578.974358974359 4260.512820512821 
4517.948717948719 4058.461538461539 4389.2307692307695 4508.717948717949 4495.384615384616 4729.2307692307695 4337.435897435898 4365.641025641026 4741.025641025642 4051.7948717948725 3941.0256410256416 4329.743589743591 4581.025641025642 4258.461538461539 
4515.8974358974365 4055.8974358974365 4393.846153846154 4505.641025641026 4493.846153846154 4724.615384615386 4333.846153846154 4371.282051282052 4744.102564102564 4052.307692307693 3946.666666666667 4333.846153846154 4580.512820512821 4261.538461538462 
4517.948717948719 4054.8717948717954 4389.2307692307695 4504.615384615385 4491.794871794872 4728.717948717949 4336.410256410257 4364.615384615385 4741.538461538462 4054.358974358975 3947.1794871794878 4330.769230769231 4583.589743589744 4258.461538461539 
4514.871794871796 4051.7948717948725 4393.333333333334 4505.641025641026 4490.769230769231 4726.666666666667 4336.923076923077 4367.6923076923085 4741.025641025642 4053.8461538461543 3947.1794871794878 4335.8974358974365 4583.589743589744 4258.461538461539 
4518.461538461539 4051.7948717948725 4389.2307692307695 4504.102564102564 4490.769230769231 4725.641025641026 4334.358974358975 4364.615384615385 4741.538461538462 4054.358974358975 3948.205128205129 4331.794871794872 4586.153846153847 4255.8974358974365 
4517.948717948719 4049.23076923077 4395.384615384616 4507.6923076923085 4488.717948717949 4724.102564102564 4332.307692307693 4365.641025641026 4740.512820512821 4055.8974358974365 3950.2564102564106 4337.948717948719 4587.6923076923085 4260.000000000001 
4518.461538461539 4051.7948717948725 4391.282051282052 4504.102564102564 4489.743589743591 4726.153846153847 4332.820512820514 4359.48717948718 4740.000000000001 4055.3846153846157 3950.7692307692314 4335.384615384616 4589.743589743591 4257.435897435898 
4512.820512820514 4050.2564102564106 4393.846153846154 4501.538461538462 4488.717948717949 4720.512820512821 4330.256410256411 4363.589743589744 4741.025641025642 4053.333333333334 3952.820512820513 4340.512820512821 4587.6923076923085 4255.384615384616 
4515.8974358974365 4049.7435897435903 4391.794871794872 4500.512820512821 4488.717948717949 4720.000000000001 4333.846153846154 4361.538461538462 4741.025641025642 4055.3846153846157 3953.333333333334 4336.410256410257 4587.6923076923085 4252.307692307693 
4517.435897435898 4047.692307692308 4395.8974358974365 4505.128205128206 4487.6923076923085 4720.512820512821 4334.358974358975 4360.512820512821 4738.974358974359 4055.8974358974365 3955.3846153846157 4340.000000000001 4587.6923076923085 4256.410256410257 
4517.948717948719 4047.1794871794878 4395.8974358974365 4503.076923076924 4484.615384615385 4721.538461538462 4331.282051282052 4358.461538461539 4738.974358974359 4055.3846153846157 3956.9230769230776 4340.000000000001 4588.205128205129 4255.384615384616 
4514.871794871796 4046.666666666667 4397.948717948719 4503.076923076924 4483.076923076924 4717.435897435898 4327.6923076923085 4357.435897435898 4741.538461538462 4055.8974358974365 3957.9487179487182 4340.512820512821 4589.743589743591 4251.794871794872 
4514.358974358975 4046.666666666667 4397.435897435898 4505.128205128206 4484.615384615385 4717.948717948719 4327.179487179487 4354.871794871796 4742.564102564103 4055.8974358974365 3958.461538461539 4341.025641025642 4591.794871794872 4249.74358974359 
4514.358974358975 4045.1282051282055 4394.871794871796 4502.564102564103 4484.102564102564 4718.974358974359 4325.128205128206 4353.846153846154 4741.538461538462 4057.435897435898 3960.5128205128212 4340.512820512821 4592.820512820514 4248.205128205129 
4513.846153846154 4043.589743589744 4395.384615384616 4497.948717948719 4482.051282051282 4712.820512820514 4325.128205128206 4353.846153846154 4742.564102564103 4058.9743589743593 3963.076923076924 4343.076923076924 4593.333333333334 4248.205128205129 
4514.871794871796 4042.0512820512827 4394.871794871796 4496.410256410257 4481.538461538462 4712.307692307693 4327.179487179487 4347.6923076923085 4742.564102564103 4057.9487179487182 3964.1025641025644 4342.564102564103 4594.358974358975 4245.128205128206 
4512.820512820514 4038.9743589743593 4399.48717948718 4498.974358974359 4480.000000000001 4714.871794871796 4325.641025641026 4349.2307692307695 4741.538461538462 4056.9230769230776 3966.1538461538466 4347.179487179487 4595.384615384616 4247.179487179487 
4513.846153846154 4040.5128205128212 4395.384615384616 4496.410256410257 4480.512820512821 4715.8974358974365 4326.666666666667 4348.717948717949 4742.564102564103 4056.410256410257 3969.2307692307695 4344.615384615385 4597.948717948719 4246.666666666667 
4511.282051282052 4037.435897435898 4401.025641025642 4497.948717948719 4478.974358974359 4709.743589743591 4326.153846153847 4352.307692307693 4741.538461538462 4055.3846153846157 3972.307692307693 4350.256410256411 4598.974358974359 4247.6923076923085 
4512.820512820514 4036.9230769230776 4398.974358974359 4497.435897435898 4478.974358974359 4712.820512820514 4325.641025641026 4344.102564102564 4737.948717948719 4055.8974358974365 3969.2307692307695 4346.153846153847 4598.974358974359 4245.641025641026 
4512.307692307693 4034.358974358975 4403.076923076924 4499.48717948718 4481.025641025642 4712.307692307693 4321.025641025642 4349.2307692307695 4740.512820512821 4055.8974358974365 3969.7435897435903 4350.769230769231 4596.410256410257 4248.717948717949 
4515.8974358974365 4037.435897435898 4398.974358974359 4497.435897435898 4483.589743589744 4712.307692307693 4323.076923076924 4349.2307692307695 4743.076923076924 4056.410256410257 3969.7435897435903 4347.179487179487 4595.8974358974365 4245.128205128206 
4513.333333333334 4037.435897435898 4404.102564102564 4498.461538461539 4479.48717948718 4709.2307692307695 4323.589743589744 4350.769230769231 4740.000000000001 4057.9487179487182 3969.7435897435903 4353.846153846154 4592.307692307693 4244.615384615385 
4514.358974358975 4040.5128205128212 4401.025641025642 4498.461538461539 4480.512820512821 4713.846153846154 4325.641025641026 4342.564102564103 4738.974358974359 4056.410256410257 3970.2564102564106 4350.256410256411 4594.358974358975 4245.128205128206 
4513.333333333334 4039.48717948718 4404.615384615385 4500.000000000001 4482.564102564103 4712.820512820514 4326.666666666667 4347.6923076923085 4742.051282051282 4054.358974358975 3971.2820512820517 4352.307692307693 4595.8974358974365 4246.153846153847 
4514.358974358975 4037.9487179487182 4401.538461538462 4498.461538461539 4480.000000000001 4711.794871794872 4327.179487179487 4346.153846153847 4742.051282051282 4056.9230769230776 3970.7692307692314 4349.2307692307695 4594.871794871796 4240.512820512821 
4511.794871794872 4034.8717948717954 4403.076923076924 4500.000000000001 4476.410256410257 4710.256410256411 4323.589743589744 4343.589743589744 4742.564102564103 4058.461538461539 3973.8461538461543 4353.846153846154 4594.358974358975 4241.538461538462 
4511.794871794872 4035.8974358974365 4401.538461538462 4496.410256410257 4476.923076923077 4712.820512820514 4322.564102564103 4340.512820512821 4743.589743589744 4057.435897435898 3975.3846153846157 4351.794871794872 4598.461538461539 4242.051282051282 
4510.256410256411 4035.8974358974365 4403.076923076924 4493.846153846154 4476.410256410257 4709.743589743591 4320.512820512821 4340.512820512821 4742.564102564103 4057.435897435898 3975.8974358974365 4351.282051282052 4599.48717948718 4237.948717948719 
4509.743589743591 4032.307692307693 4402.564102564103 4493.846153846154 4475.8974358974365 4706.153846153847 4318.461538461539 4341.538461538462 4743.589743589744 4057.435897435898 3980.5128205128212 4350.256410256411 4596.410256410257 4233.846153846154 
4510.769230769231 4028.717948717949 4401.538461538462 4491.282051282052 4474.871794871796 4706.153846153847 4320.000000000001 4337.948717948719 4744.615384615386 4058.9743589743593 3984.1025641025644 4347.179487179487 4600.000000000001 4233.333333333334 
4510.256410256411 4025.6410256410263 4401.538461538462 4490.769230769231 4471.282051282052 4702.051282051282 4320.000000000001 4335.384615384616 4744.615384615386 4062.0512820512827 3983.076923076924 4349.743589743591 4605.641025641026 4230.769230769231 
4508.717948717949 4025.1282051282055 4399.48717948718 4488.717948717949 4471.282051282052 4700.000000000001 4317.948717948719 4330.769230769231 4746.666666666667 4062.564102564103 3984.1025641025644 4350.256410256411 4606.153846153847 4225.128205128206 
4505.641025641026 4024.615384615385 4405.641025641026 4488.717948717949 4470.769230769231 4699.48717948718 4317.435897435898 4335.8974358974365 4748.205128205129 4060.0000000000005 3989.23076923077 4354.871794871796 4602.564102564103 4226.666666666667 
4509.743589743591 4025.6410256410263 4399.48717948718 4485.641025641026 4469.743589743591 4701.025641025642 4318.974358974359 4328.205128205129 4745.641025641026 4061.538461538462 3989.7435897435903 4349.743589743591 4608.205128205129 4222.564102564103 
4508.205128205129 4022.0512820512827 4403.076923076924 4486.666666666667 4465.641025641026 4696.410256410257 4316.410256410257 4329.2307692307695 4746.153846153847 4063.589743589744 3991.2820512820517 4357.948717948719 4613.846153846154 4223.589743589744 
4509.2307692307695 4023.589743589744 4406.153846153847 4486.666666666667 4466.153846153847 4700.512820512821 4320.512820512821 4329.2307692307695 4746.153846153847 4060.0000000000005 3991.7948717948725 4358.974358974359 4608.717948717949 4226.153846153847 
4505.641025641026 4024.1025641025644 4416.410256410257 4495.384615384616 4470.769230769231 4702.564102564103 4323.589743589744 4338.461538461539 4739.48717948718 4055.3846153846157 3990.7692307692314 4369.2307692307695 4595.384615384616 4234.871794871796 
4508.717948717949 4033.333333333334 4413.846153846154 4499.48717948718 4478.974358974359 4705.641025641026 4324.615384615385 4335.8974358974365 4736.410256410257 4056.9230769230776 3986.1538461538466 4368.717948717949 4594.358974358975 4237.435897435898 
4507.6923076923085 4036.410256410257 4423.589743589744 4504.615384615385 4480.000000000001 4704.102564102564 4326.153846153847 4340.000000000001 4739.48717948718 4058.9743589743593 3982.564102564103 4374.358974358975 4595.384615384616 4243.589743589744 
4508.717948717949 4038.9743589743593 4420.512820512821 4507.179487179488 4481.025641025642 4710.769230769231 4333.333333333334 4340.000000000001 4738.461538461539 4057.9487179487182 3977.9487179487182 4371.282051282052 4590.769230769231 4246.153846153847 
4504.102564102564 4037.9487179487182 4416.410256410257 4508.205128205129 4483.076923076924 4713.333333333334 4332.820512820514 4345.128205128206 4735.384615384616 4055.8974358974365 3974.358974358975 4373.333333333334 4584.102564102564 4248.717948717949 
4505.128205128206 4041.0256410256416 4415.384615384616 4506.153846153847 4484.615384615385 4715.384615384616 4331.282051282052 4341.538461538462 4735.384615384616 4055.3846153846157 3971.7948717948725 4369.2307692307695 4584.102564102564 4246.666666666667 
4507.179487179488 4042.0512820512827 4421.538461538462 4510.769230769231 4484.102564102564 4714.871794871796 4333.846153846154 4345.641025641026 4735.8974358974365 4053.333333333334 3969.2307692307695 4369.2307692307695 4582.051282051282 4250.256410256411 
4509.2307692307695 4045.6410256410263 4416.923076923077 4514.358974358975 4487.179487179488 4720.512820512821 4337.948717948719 4350.769230769231 4733.846153846154 4051.7948717948725 3963.589743589744 4367.6923076923085 4580.512820512821 4255.8974358974365 
4507.179487179488 4050.2564102564106 4413.846153846154 4515.8974358974365 4492.307692307693 4723.589743589744 4340.000000000001 4351.282051282052 4732.307692307693 4050.7692307692314 3960.0000000000005 4365.641025641026 4579.48717948718 4256.923076923077 
4507.179487179488 4050.2564102564106 4416.923076923077 4518.461538461539 4492.820512820514 4722.051282051282 4342.564102564103 4351.794871794872 4731.794871794872 4051.2820512820517 3958.461538461539 4366.666666666667 4576.923076923077 4257.948717948719 
4509.743589743591 4051.7948717948725 4415.8974358974365 4517.948717948719 4492.820512820514 4725.641025641026 4343.589743589744 4352.820512820514 4731.794871794872 4050.7692307692314 3954.8717948717954 4364.102564102564 4576.410256410257 4259.48717948718 
4509.2307692307695 4054.358974358975 4414.358974358975 4517.435897435898 4494.358974358975 4728.717948717949 4340.000000000001 4355.8974358974365 4731.794871794872 4050.2564102564106 3952.307692307693 4361.025641025642 4574.871794871796 4261.025641025642 
4511.282051282052 4056.410256410257 4410.256410256411 4515.384615384616 4496.410256410257 4728.205128205129 4341.025641025642 4351.282051282052 4731.282051282052 4050.7692307692314 3951.2820512820517 4354.871794871796 4574.871794871796 4258.974358974359 
4511.282051282052 4053.333333333334 4415.384615384616 4520.000000000001 4494.871794871796 4723.589743589744 4342.051282051282 4357.948717948719 4731.794871794872 4050.7692307692314 3951.2820512820517 4360.000000000001 4576.410256410257 4262.564102564103 
4513.846153846154 4056.410256410257 4409.2307692307695 4519.48717948718 4496.923076923077 4728.205128205129 4344.102564102564 4355.8974358974365 4731.282051282052 4049.7435897435903 3948.717948717949 4354.358974358975 4578.974358974359 4259.48717948718 
4512.307692307693 4056.9230769230776 4410.769230769231 4519.48717948718 4498.461538461539 4728.717948717949 4343.076923076924 4360.512820512821 4731.282051282052 4048.205128205129 3949.2307692307695 4357.435897435898 4576.410256410257 4262.564102564103 
4515.384615384616 4056.9230769230776 4405.128205128206 4516.923076923077 4497.435897435898 4729.743589743591 4343.076923076924 4355.384615384616 4731.282051282052 4048.717948717949 3947.1794871794878 4351.794871794872 4576.410256410257 4264.615384615385 
4512.820512820514 4052.307692307693 4407.179487179487 4521.025641025642 4493.333333333334 4728.717948717949 4342.051282051282 4361.025641025642 4730.256410256411 4050.7692307692314 3945.6410256410263 4357.435897435898 4576.923076923077 4265.641025641026 
4514.871794871796 4054.358974358975 4400.512820512821 4517.948717948719 4493.333333333334 4732.307692307693 4346.666666666667 4358.974358974359 4730.769230769231 4048.717948717949 3943.589743589744 4352.307692307693 4578.974358974359 4261.025641025642 
4514.358974358975 4054.8717948717954 4408.205128205129 4517.435897435898 4494.358974358975 4729.2307692307695 4346.666666666667 4363.589743589744 4733.333333333334 4046.1538461538466 3945.1282051282055 4354.871794871796 4574.871794871796 4265.128205128206 
4515.8974358974365 4057.9487179487182 4406.666666666667 4515.8974358974365 4496.410256410257 4730.769230769231 4343.589743589744 4358.974358974359 4732.820512820514 4048.717948717949 3948.717948717949 4350.256410256411 4574.871794871796 4265.641025641026 
4513.333333333334 4056.9230769230776 4406.666666666667 4519.48717948718 4495.8974358974365 4730.256410256411 4340.512820512821 4359.48717948718 4731.794871794872 4050.2564102564106 3950.2564102564106 4354.871794871796 4577.435897435898 4265.128205128206 
4514.871794871796 4058.9743589743593 4404.102564102564 4520.000000000001 4496.923076923077 4732.820512820514 4342.564102564103 4360.512820512821 4732.820512820514 4050.2564102564106 3946.1538461538466 4352.820512820514 4576.410256410257 4263.589743589744 
4515.384615384616 4059.48717948718 4406.153846153847 4520.000000000001 4496.410256410257 4731.794871794872 4343.589743589744 4363.589743589744 4733.846153846154 4050.7692307692314 3944.615384615385 4350.256410256411 4574.358974358975 4266.666666666667 
4515.8974358974365 4058.461538461539 4405.641025641026 4518.461538461539 4497.948717948719 4732.307692307693 4342.051282051282 4363.076923076924 4733.846153846154 4049.7435897435903 3945.1282051282055 4350.769230769231 4577.948717948719 4269.2307692307695 
4516.410256410257 4058.461538461539 4405.128205128206 4517.435897435898 4500.512820512821 4730.769230769231 4340.512820512821 4360.512820512821 4732.820512820514 4048.717948717949 3945.6410256410263 4352.820512820514 4578.974358974359 4272.307692307693 
4516.410256410257 4058.461538461539 4407.6923076923085 4517.435897435898 4498.974358974359 4728.205128205129 4341.025641025642 4364.102564102564 4731.282051282052 4048.717948717949 3944.615384615385 4353.846153846154 4576.923076923077 4272.820512820514 
4515.8974358974365 4059.48717948718 4404.615384615385 4518.974358974359 4497.948717948719 4730.769230769231 4342.564102564103 4362.051282051282 4730.256410256411 4047.692307692308 3942.564102564103 4350.769230769231 4579.48717948718 4270.769230769231 
4513.333333333334 4058.9743589743593 4404.615384615385 4522.051282051282 4498.461538461539 4729.2307692307695 4341.025641025642 4365.128205128206 4732.307692307693 4048.205128205129 3943.076923076924 4353.846153846154 4582.051282051282 4273.846153846154 
4518.974358974359 4063.076923076924 4400.000000000001 4519.48717948718 4498.461538461539 4731.794871794872 4342.564102564103 4363.076923076924 4733.846153846154 4051.2820512820517 3943.589743589744 4348.205128205129 4580.512820512821 4273.333333333334 
4517.948717948719 4062.0512820512827 4406.666666666667 4520.000000000001 4497.435897435898 4731.282051282052 4343.076923076924 4365.128205128206 4733.333333333334 4051.7948717948725 3944.1025641025644 4350.769230769231 4575.8974358974365 4273.333333333334 
4519.48717948718 4061.0256410256416 4399.48717948718 4516.923076923077 4498.461538461539 4734.358974358975 4343.589743589744 4358.461538461539 4732.820512820514 4051.7948717948725 3942.0512820512827 4345.128205128206 4580.000000000001 4268.717948717949 
4517.948717948719 4056.410256410257 4401.025641025642 4516.410256410257 4496.410256410257 4728.717948717949 4339.48717948718 4362.564102564103 4735.384615384616 4052.820512820513 3944.1025641025644 4347.179487179487 4584.102564102564 4268.205128205129 
4519.48717948718 4057.435897435898 4397.948717948719 4513.333333333334 4495.384615384616 4729.2307692307695 4341.025641025642 4358.974358974359 4736.923076923077 4051.7948717948725 3943.589743589744 4342.051282051282 4583.589743589744 4263.589743589744 
4516.923076923077 4056.9230769230776 4401.538461538462 4515.8974358974365 4494.871794871796 4729.2307692307695 4342.051282051282 4364.102564102564 4736.923076923077 4050.7692307692314 3945.6410256410263 4348.717948717949 4580.000000000001 4265.641025641026 
4522.051282051282 4058.461538461539 4395.8974358974365 4511.794871794872 4495.8974358974365 4730.256410256411 4340.000000000001 4361.538461538462 4736.410256410257 4051.2820512820517 3947.1794871794878 4342.564102564103 4584.102564102564 4265.128205128206 
4519.48717948718 4052.820512820513 4400.512820512821 4513.333333333334 4494.871794871796 4726.666666666667 4336.410256410257 4363.589743589744 4735.384615384616 4050.7692307692314 3947.692307692308 4345.128205128206 4583.076923076924 4267.179487179487 
4516.410256410257 4053.8461538461543 4398.974358974359 4514.358974358975 4495.384615384616 4728.717948717949 4341.538461538462 4358.461538461539 4734.358974358975 4050.2564102564106 3947.692307692308 4343.076923076924 4579.48717948718 4266.666666666667 
4514.871794871796 4055.8974358974365 4399.48717948718 4514.871794871796 4494.871794871796 4727.179487179488 4343.589743589744 4361.025641025642 4734.358974358975 4050.7692307692314 3949.2307692307695 4344.102564102564 4580.000000000001 4267.179487179487 
