4524.102564102564 4042.0512820512827 4399.48717948718 4521.025641025642 4496.923076923077 4733.846153846154 4325.128205128206 4383.076923076924 4735.8974358974365 4042.0512820512827 3911.7948717948725 4249.74358974359 4593.846153846154 4394.358974358975 
4523.589743589744 4043.076923076924 4396.410256410257 4518.461538461539 4497.948717948719 4733.333333333334 4321.538461538462 4385.128205128206 4735.8974358974365 4042.0512820512827 3913.333333333334 4249.74358974359 4592.307692307693 4394.871794871796 
4521.025641025642 4045.1282051282055 4392.820512820514 4519.48717948718 4496.410256410257 4731.794871794872 4320.512820512821 4382.051282051282 4735.8974358974365 4041.538461538462 3916.410256410257 4249.2307692307695 4592.820512820514 4393.846153846154 
4518.974358974359 4043.076923076924 4393.333333333334 4519.48717948718 4493.846153846154 4732.820512820514 4324.102564102564 4380.512820512821 4735.8974358974365 4040.5128205128212 3915.8974358974365 4249.2307692307695 4594.871794871796 4391.794871794872 
4518.974358974359 4041.538461538462 4397.435897435898 4516.923076923077 4495.384615384616 4733.846153846154 4324.102564102564 4380.512820512821 4735.384615384616 4041.538461538462 3912.307692307693 4249.74358974359 4594.871794871796 4391.282051282052 
4518.974358974359 4042.0512820512827 4396.923076923077 4516.410256410257 4497.435897435898 4733.333333333334 4317.948717948719 4382.564102564103 4735.8974358974365 4043.589743589744 3913.8461538461543 4250.256410256411 4593.333333333334 4392.307692307693 
4522.051282051282 4043.076923076924 4396.410256410257 4517.435897435898 4496.923076923077 4732.307692307693 4318.974358974359 4383.589743589744 4735.8974358974365 4044.1025641025644 3916.9230769230776 4250.256410256411 4593.846153846154 4392.307692307693 
4520.512820512821 4040.0000000000005 4395.384615384616 4515.384615384616 4497.948717948719 4730.769230769231 4326.666666666667 4383.589743589744 4736.923076923077 4045.6410256410263 3914.358974358975 4250.769230769231 4594.871794871796 4391.282051282052 
4517.948717948719 4038.9743589743593 4392.307692307693 4513.846153846154 4494.871794871796 4729.2307692307695 4325.128205128206 4384.102564102564 4736.923076923077 4045.6410256410263 3914.8717948717954 4250.769230769231 4595.8974358974365 4394.358974358975 
4520.000000000001 4040.5128205128212 4391.282051282052 4516.410256410257 4492.307692307693 4729.743589743591 4321.025641025642 4386.666666666667 4735.8974358974365 4043.076923076924 3916.410256410257 4249.74358974359 4594.871794871796 4395.8974358974365 
4522.564102564103 4040.5128205128212 4394.358974358975 4515.8974358974365 4493.333333333334 4729.743589743591 4322.564102564103 4386.153846153847 4736.923076923077 4043.076923076924 3914.358974358975 4248.717948717949 4594.871794871796 4394.871794871796 
4520.512820512821 4040.0000000000005 4396.410256410257 4515.384615384616 4494.358974358975 4729.2307692307695 4322.051282051282 4382.564102564103 4738.461538461539 4044.1025641025644 3913.333333333334 4249.74358974359 4594.358974358975 4394.358974358975 
4522.564102564103 4041.538461538462 4396.410256410257 4517.435897435898 4492.820512820514 4730.256410256411 4321.538461538462 4383.076923076924 4737.435897435898 4043.076923076924 3913.8461538461543 4251.282051282052 4592.820512820514 4395.384615384616 
4527.6923076923085 4041.538461538462 4396.923076923077 4517.435897435898 4492.307692307693 4731.794871794872 4324.102564102564 4385.641025641026 4735.384615384616 4043.076923076924 3912.820512820513 4250.769230769231 4593.846153846154 4394.358974358975 
4525.641025641026 4040.0000000000005 4398.974358974359 4515.8974358974365 4493.846153846154 4732.307692307693 4323.076923076924 4384.102564102564 4736.410256410257 4044.1025641025644 3914.8717948717954 4249.74358974359 4595.384615384616 4392.307692307693 
4524.615384615385 4040.0000000000005 4398.461538461539 4515.384615384616 4496.410256410257 4732.820512820514 4321.538461538462 4382.051282051282 4737.435897435898 4043.589743589744 3917.435897435898 4249.74358974359 4595.384615384616 4392.307692307693 
4528.717948717949 4041.538461538462 4400.512820512821 4517.435897435898 4496.923076923077 4732.307692307693 4324.615384615385 4382.564102564103 4736.410256410257 4042.0512820512827 3913.333333333334 4251.794871794872 4594.358974358975 4393.333333333334 
4529.743589743591 4041.538461538462 4405.641025641026 4518.974358974359 4495.8974358974365 4730.769230769231 4323.589743589744 4382.051282051282 4735.384615384616 4042.0512820512827 3912.820512820513 4251.794871794872 4594.358974358975 4392.307692307693 
4528.717948717949 4041.538461538462 4404.102564102564 4520.512820512821 4495.384615384616 4730.769230769231 4323.076923076924 4381.538461538462 4736.923076923077 4042.0512820512827 3914.8717948717954 4251.794871794872 4595.8974358974365 4390.769230769231 
4531.282051282052 4042.564102564103 4404.102564102564 4520.000000000001 4493.333333333334 4730.769230769231 4324.102564102564 4382.564102564103 4737.435897435898 4043.589743589744 3914.358974358975 4251.794871794872 4595.384615384616 4391.794871794872 
4531.794871794872 4042.564102564103 4411.282051282052 4520.000000000001 4492.307692307693 4731.794871794872 4320.512820512821 4378.461538461539 4733.846153846154 4044.1025641025644 3913.8461538461543 4255.384615384616 4592.307692307693 4392.307692307693 
4531.282051282052 4044.615384615385 4413.846153846154 4520.512820512821 4493.333333333334 4732.307692307693 4320.512820512821 4375.384615384616 4731.282051282052 4043.076923076924 3913.333333333334 4255.8974358974365 4589.743589743591 4390.769230769231 
4532.820512820514 4045.6410256410263 4409.2307692307695 4522.564102564103 4493.333333333334 4728.205128205129 4321.538461538462 4378.461538461539 4733.846153846154 4042.0512820512827 3912.820512820513 4255.384615384616 4591.282051282052 4392.820512820514 
4535.8974358974365 4042.564102564103 4411.794871794872 4525.128205128206 4491.794871794872 4726.153846153847 4321.025641025642 4378.974358974359 4734.358974358975 4042.0512820512827 3913.333333333334 4256.410256410257 4593.846153846154 4395.384615384616 
4537.948717948719 4041.0256410256416 4415.8974358974365 4523.076923076924 4491.794871794872 4725.641025641026 4322.564102564103 4377.948717948719 4733.333333333334 4044.1025641025644 3913.333333333334 4255.384615384616 4593.333333333334 4393.846153846154 
4537.948717948719 4045.6410256410263 4416.410256410257 4521.025641025642 4492.820512820514 4726.153846153847 4324.102564102564 4376.923076923077 4735.384615384616 4044.1025641025644 3913.333333333334 4254.358974358975 4593.333333333334 4393.333333333334 
4532.307692307693 4046.1538461538466 4417.435897435898 4522.564102564103 4493.846153846154 4727.179487179488 4323.076923076924 4376.410256410257 4735.384615384616 4041.538461538462 3913.8461538461543 4255.384615384616 4594.871794871796 4393.846153846154 
4531.282051282052 4043.589743589744 4416.923076923077 4526.153846153847 4493.333333333334 4727.179487179488 4322.564102564103 4378.461538461539 4733.333333333334 4041.0256410256416 3915.8974358974365 4259.48717948718 4594.871794871796 4392.820512820514 
4532.820512820514 4044.615384615385 4413.846153846154 4524.615384615385 4493.846153846154 4728.717948717949 4323.589743589744 4381.025641025642 4734.871794871796 4042.564102564103 3916.9230769230776 4257.435897435898 4591.794871794872 4392.307692307693 
4530.256410256411 4045.1282051282055 4412.820512820514 4522.564102564103 4493.333333333334 4732.307692307693 4321.538461538462 4378.974358974359 4735.384615384616 4041.538461538462 3914.358974358975 4254.358974358975 4593.333333333334 4394.358974358975 
4528.205128205129 4042.564102564103 4411.794871794872 4523.076923076924 4491.282051282052 4733.846153846154 4323.076923076924 4377.435897435898 4735.384615384616 4040.5128205128212 3912.820512820513 4254.871794871796 4596.410256410257 4393.333333333334 
4529.2307692307695 4042.564102564103 4409.2307692307695 4522.051282051282 4493.333333333334 4731.794871794872 4324.102564102564 4381.025641025642 4735.8974358974365 4044.615384615385 3913.8461538461543 4252.820512820514 4594.358974358975 4391.794871794872 
4530.256410256411 4044.1025641025644 4407.6923076923085 4521.025641025642 4494.358974358975 4732.820512820514 4324.102564102564 4383.076923076924 4735.384615384616 4045.6410256410263 3913.333333333334 4251.282051282052 4592.820512820514 4392.820512820514 
4528.717948717949 4042.0512820512827 4407.6923076923085 4520.512820512821 4491.282051282052 4731.282051282052 4323.076923076924 4383.589743589744 4735.384615384616 4041.0256410256416 3913.333333333334 4250.256410256411 4592.820512820514 4394.358974358975 
4527.6923076923085 4041.538461538462 4407.6923076923085 4519.48717948718 4494.358974358975 4730.256410256411 4323.589743589744 4380.512820512821 4735.8974358974365 4041.538461538462 3914.358974358975 4252.307692307693 4593.333333333334 4393.846153846154 
4527.179487179488 4044.1025641025644 4405.641025641026 4518.461538461539 4500.000000000001 4731.794871794872 4323.076923076924 4380.000000000001 4735.8974358974365 4045.1282051282055 3913.8461538461543 4250.769230769231 4594.871794871796 4391.794871794872 
4527.6923076923085 4043.076923076924 4403.589743589744 4520.512820512821 4496.410256410257 4731.794871794872 4322.564102564103 4382.564102564103 4736.410256410257 4044.1025641025644 3912.820512820513 4249.74358974359 4593.846153846154 4392.307692307693 
4526.666666666667 4041.0256410256416 4403.076923076924 4519.48717948718 4493.333333333334 4732.820512820514 4326.153846153847 4382.564102564103 4735.8974358974365 4043.076923076924 3912.820512820513 4250.256410256411 4590.769230769231 4392.307692307693 
4526.153846153847 4043.589743589744 4405.641025641026 4519.48717948718 4497.948717948719 4732.820512820514 4327.179487179487 4380.512820512821 4735.384615384616 4044.1025641025644 3913.8461538461543 4251.794871794872 4591.794871794872 4391.282051282052 
4524.102564102564 4045.1282051282055 4405.641025641026 4520.512820512821 4497.948717948719 4731.282051282052 4324.102564102564 4382.564102564103 4737.435897435898 4042.564102564103 3914.358974358975 4250.769230769231 4594.871794871796 4392.307692307693 
4524.102564102564 4043.076923076924 4401.025641025642 4520.000000000001 4496.410256410257 4730.769230769231 4323.076923076924 4383.589743589744 4736.410256410257 4041.538461538462 3913.333333333334 4249.74358974359 4593.333333333334 4392.820512820514 
4527.179487179488 4041.538461538462 4399.48717948718 4518.461538461539 4499.48717948718 4732.307692307693 4324.102564102564 4381.538461538462 4735.384615384616 4042.0512820512827 3912.307692307693 4251.282051282052 4592.820512820514 4390.769230769231 
4529.743589743591 4043.076923076924 4402.564102564103 4521.025641025642 4494.871794871796 4732.820512820514 4323.076923076924 4381.025641025642 4735.8974358974365 4042.0512820512827 3913.333333333334 4249.74358974359 4593.846153846154 4391.794871794872 
4527.179487179488 4044.1025641025644 4403.589743589744 4522.051282051282 4489.743589743591 4732.820512820514 4321.538461538462 4382.051282051282 4736.410256410257 4045.1282051282055 3913.333333333334 4249.2307692307695 4592.820512820514 4393.333333333334 
4526.666666666667 4045.6410256410263 4404.102564102564 4522.051282051282 4496.410256410257 4732.820512820514 4321.025641025642 4381.538461538462 4734.871794871796 4045.6410256410263 3911.2820512820517 4250.769230769231 4592.307692307693 4392.307692307693 
4527.6923076923085 4044.1025641025644 4404.102564102564 4522.564102564103 4499.48717948718 4732.820512820514 4322.564102564103 4381.538461538462 4735.384615384616 4042.0512820512827 3911.7948717948725 4250.256410256411 4593.846153846154 4393.846153846154 
4525.641025641026 4040.5128205128212 4400.512820512821 4522.564102564103 4494.358974358975 4732.820512820514 4325.641025641026 4381.538461538462 4735.8974358974365 4043.589743589744 3913.333333333334 4249.74358974359 4593.333333333334 4394.871794871796 
4524.102564102564 4042.564102564103 4397.948717948719 4522.564102564103 4495.384615384616 4732.820512820514 4324.102564102564 4381.025641025642 4734.871794871796 4046.1538461538466 3913.333333333334 4250.769230769231 4591.282051282052 4391.282051282052 
4523.589743589744 4044.615384615385 4398.461538461539 4520.512820512821 4500.512820512821 4732.820512820514 4322.564102564103 4382.051282051282 4736.410256410257 4042.564102564103 3912.307692307693 4250.256410256411 4592.307692307693 4389.2307692307695 
4520.512820512821 4041.538461538462 4395.8974358974365 4518.974358974359 4498.974358974359 4732.307692307693 4323.076923076924 4380.512820512821 4736.410256410257 4042.0512820512827 3912.820512820513 4248.717948717949 4594.358974358975 4392.307692307693 
4515.8974358974365 4040.5128205128212 4390.256410256411 4517.435897435898 4495.8974358974365 4732.820512820514 4321.538461538462 4383.076923076924 4736.410256410257 4045.1282051282055 3913.8461538461543 4249.2307692307695 4595.384615384616 4394.358974358975 
4516.923076923077 4043.076923076924 4391.282051282052 4515.8974358974365 4496.410256410257 4733.333333333334 4320.512820512821 4386.153846153847 4736.410256410257 4043.076923076924 3913.333333333334 4249.2307692307695 4595.384615384616 4393.846153846154 
4518.461538461539 4041.538461538462 4391.794871794872 4514.358974358975 4496.923076923077 4732.820512820514 4323.589743589744 4385.641025641026 4737.948717948719 4042.0512820512827 3913.333333333334 4248.717948717949 4593.846153846154 4392.820512820514 
4516.410256410257 4039.48717948718 4385.641025641026 4514.871794871796 4497.948717948719 4732.820512820514 4321.538461538462 4383.589743589744 4738.461538461539 4045.6410256410263 3913.8461538461543 4249.2307692307695 4594.871794871796 4392.307692307693 
4512.820512820514 4038.461538461539 4377.435897435898 4513.333333333334 4498.461538461539 4733.333333333334 4318.974358974359 4385.128205128206 4738.974358974359 4045.1282051282055 3912.820512820513 4248.717948717949 4596.923076923077 4393.333333333334 
4512.307692307693 4038.461538461539 4378.974358974359 4513.333333333334 4500.000000000001 4735.384615384616 4325.641025641026 4385.641025641026 4739.48717948718 4042.0512820512827 3912.820512820513 4247.179487179487 4595.384615384616 4394.871794871796 
4512.307692307693 4040.0000000000005 4381.538461538462 4515.384615384616 4500.000000000001 4735.8974358974365 4333.333333333334 4385.128205128206 4739.48717948718 4043.076923076924 3912.820512820513 4248.205128205129 4592.820512820514 4392.307692307693 
4513.333333333334 4040.0000000000005 4377.435897435898 4513.846153846154 4501.025641025642 4733.846153846154 4328.205128205129 4386.153846153847 4738.461538461539 4044.615384615385 3912.820512820513 4249.2307692307695 4595.384615384616 4391.282051282052 
4512.820512820514 4038.461538461539 4374.871794871796 4512.307692307693 4501.025641025642 4733.333333333334 4321.025641025642 4387.179487179487 4740.000000000001 4044.1025641025644 3912.820512820513 4248.205128205129 4600.512820512821 4394.358974358975 
4513.846153846154 4041.538461538462 4377.948717948719 4513.846153846154 4501.025641025642 4733.846153846154 4321.538461538462 4386.666666666667 4741.538461538462 4043.589743589744 3914.358974358975 4247.179487179487 4600.000000000001 4394.871794871796 
4515.384615384616 4042.0512820512827 4381.025641025642 4514.871794871796 4502.564102564103 4733.846153846154 4325.128205128206 4386.666666666667 4738.461538461539 4044.1025641025644 3913.8461538461543 4249.2307692307695 4592.820512820514 4392.307692307693 
4516.923076923077 4037.9487179487182 4383.589743589744 4514.871794871796 4501.538461538462 4734.358974358975 4325.641025641026 4387.179487179487 4736.923076923077 4043.589743589744 3912.820512820513 4248.717948717949 4591.794871794872 4392.820512820514 
4516.410256410257 4040.0000000000005 4383.589743589744 4513.846153846154 4500.000000000001 4734.358974358975 4324.102564102564 4386.666666666667 4740.000000000001 4042.564102564103 3912.820512820513 4248.205128205129 4595.8974358974365 4395.384615384616 
4515.8974358974365 4043.076923076924 4380.000000000001 4513.333333333334 4501.025641025642 4732.307692307693 4322.051282051282 4386.153846153847 4738.461538461539 4044.615384615385 3913.333333333334 4250.256410256411 4595.8974358974365 4392.820512820514 
4515.8974358974365 4038.9743589743593 4377.435897435898 4513.846153846154 4503.589743589744 4732.307692307693 4322.051282051282 4385.641025641026 4735.384615384616 4046.666666666667 3914.358974358975 4248.717948717949 4595.8974358974365 4390.256410256411 
4514.358974358975 4037.435897435898 4378.461538461539 4513.846153846154 4500.512820512821 4733.333333333334 4318.974358974359 4385.128205128206 4737.948717948719 4045.1282051282055 3914.358974358975 4245.641025641026 4597.435897435898 4392.307692307693 
4515.8974358974365 4041.0256410256416 4377.948717948719 4514.358974358975 4499.48717948718 4733.333333333334 4313.846153846154 4385.641025641026 4738.974358974359 4042.564102564103 3913.333333333334 4246.153846153847 4595.8974358974365 4395.384615384616 
4516.410256410257 4040.5128205128212 4376.410256410257 4513.333333333334 4504.615384615385 4733.846153846154 4314.871794871796 4385.641025641026 4738.461538461539 4044.1025641025644 3913.8461538461543 4246.666666666667 4594.871794871796 4394.871794871796 
4515.384615384616 4038.9743589743593 4377.435897435898 4512.820512820514 4505.641025641026 4733.846153846154 4320.000000000001 4385.641025641026 4740.512820512821 4045.1282051282055 3914.8717948717954 4247.179487179487 4595.384615384616 4392.307692307693 
4517.948717948719 4041.0256410256416 4378.461538461539 4513.333333333334 4500.512820512821 4733.333333333334 4318.974358974359 4385.641025641026 4741.025641025642 4043.589743589744 3913.8461538461543 4248.717948717949 4593.846153846154 4390.769230769231 
4521.025641025642 4043.589743589744 4378.974358974359 4514.871794871796 4498.461538461539 4733.846153846154 4318.974358974359 4384.615384615385 4738.974358974359 4044.1025641025644 3912.820512820513 4249.2307692307695 4594.358974358975 4393.333333333334 
4516.923076923077 4042.564102564103 4380.512820512821 4514.871794871796 4501.025641025642 4733.846153846154 4322.564102564103 4384.102564102564 4740.512820512821 4046.1538461538466 3913.8461538461543 4249.2307692307695 4596.923076923077 4394.871794871796 
4516.410256410257 4042.0512820512827 4383.076923076924 4514.871794871796 4500.512820512821 4733.333333333334 4324.102564102564 4385.128205128206 4739.48717948718 4044.615384615385 3913.8461538461543 4249.2307692307695 4596.923076923077 4392.820512820514 
4520.000000000001 4038.9743589743593 4382.564102564103 4514.358974358975 4500.512820512821 4733.846153846154 4324.102564102564 4385.128205128206 4737.435897435898 4041.538461538462 3913.333333333334 4249.74358974359 4595.8974358974365 4391.282051282052 
4519.48717948718 4038.461538461539 4385.641025641026 4513.333333333334 4502.564102564103 4734.358974358975 4322.051282051282 4383.076923076924 4736.923076923077 4042.564102564103 3913.333333333334 4249.2307692307695 4595.8974358974365 4392.820512820514 
4519.48717948718 4043.076923076924 4392.307692307693 4515.384615384616 4500.000000000001 4732.820512820514 4323.076923076924 4384.102564102564 4737.435897435898 4044.1025641025644 3914.358974358975 4250.256410256411 4594.358974358975 4392.307692307693 
4523.076923076924 4043.076923076924 4393.846153846154 4517.948717948719 4497.435897435898 4732.307692307693 4327.179487179487 4386.153846153847 4737.435897435898 4043.589743589744 3913.8461538461543 4250.769230769231 4593.846153846154 4393.846153846154 
4522.564102564103 4038.461538461539 4391.794871794872 4517.948717948719 4497.435897435898 4733.333333333334 4325.128205128206 4383.076923076924 4737.948717948719 4043.076923076924 3911.7948717948725 4251.282051282052 4594.871794871796 4395.384615384616 
4522.564102564103 4041.0256410256416 4394.358974358975 4517.948717948719 4498.974358974359 4732.820512820514 4321.025641025642 4381.025641025642 4736.410256410257 4043.076923076924 3915.8974358974365 4249.74358974359 4595.8974358974365 4391.282051282052 
4525.641025641026 4047.692307692308 4395.384615384616 4516.923076923077 4497.948717948719 4732.307692307693 4324.102564102564 4384.102564102564 4735.384615384616 4042.0512820512827 3920.0000000000005 4248.717948717949 4593.846153846154 4392.307692307693 
4524.102564102564 4045.6410256410263 4394.358974358975 4519.48717948718 4496.410256410257 4733.333333333334 4326.153846153847 4386.153846153847 4736.410256410257 4042.564102564103 3914.358974358975 4249.2307692307695 4594.358974358975 4397.435897435898 
4523.589743589744 4043.076923076924 4394.871794871796 4523.589743589744 4498.461538461539 4733.333333333334 4324.102564102564 4384.102564102564 4736.410256410257 4044.615384615385 3911.7948717948725 4248.717948717949 4595.384615384616 4393.846153846154 
4524.102564102564 4043.589743589744 4394.358974358975 4520.512820512821 4498.974358974359 4733.333333333334 4325.641025641026 4383.076923076924 4737.435897435898 4043.076923076924 3916.410256410257 4249.2307692307695 4592.820512820514 4390.256410256411 
4523.589743589744 4042.564102564103 4393.846153846154 4515.8974358974365 4497.948717948719 4732.820512820514 4326.153846153847 4382.051282051282 4736.410256410257 4040.0000000000005 3915.3846153846157 4249.2307692307695 4592.307692307693 4393.333333333334 
4522.051282051282 4041.538461538462 4396.410256410257 4517.435897435898 4495.8974358974365 4731.794871794872 4322.564102564103 4381.025641025642 4734.871794871796 4041.0256410256416 3911.2820512820517 4249.2307692307695 4595.8974358974365 4393.846153846154 
4522.051282051282 4042.0512820512827 4398.974358974359 4518.974358974359 4492.820512820514 4732.820512820514 4322.564102564103 4381.025641025642 4735.384615384616 4044.1025641025644 3913.333333333334 4251.282051282052 4595.384615384616 4393.333333333334 
4521.538461538462 4042.0512820512827 4396.410256410257 4517.435897435898 4492.307692307693 4734.358974358975 4325.128205128206 4381.538461538462 4736.923076923077 4043.589743589744 3914.8717948717954 4250.769230769231 4591.794871794872 4394.871794871796 
4524.102564102564 4044.1025641025644 4396.410256410257 4518.974358974359 4497.435897435898 4732.307692307693 4326.153846153847 4382.564102564103 4735.384615384616 4041.538461538462 3913.333333333334 4248.717948717949 4594.358974358975 4394.358974358975 
4525.128205128206 4044.615384615385 4398.974358974359 4519.48717948718 4497.948717948719 4732.307692307693 4323.589743589744 4383.589743589744 4734.871794871796 4041.0256410256416 3912.820512820513 4249.74358974359 4594.358974358975 4393.333333333334 
4524.102564102564 4043.589743589744 4398.974358974359 4517.435897435898 4495.8974358974365 4733.846153846154 4318.461538461539 4381.025641025642 4735.8974358974365 4042.564102564103 3913.8461538461543 4251.282051282052 4591.282051282052 4394.358974358975 
4522.564102564103 4043.589743589744 4397.435897435898 4515.8974358974365 4498.461538461539 4733.333333333334 4315.8974358974365 4381.025641025642 4735.384615384616 4043.589743589744 3913.8461538461543 4249.2307692307695 4593.333333333334 4392.307692307693 
4521.538461538462 4043.589743589744 4396.923076923077 4517.435897435898 4500.512820512821 4732.820512820514 4321.538461538462 4383.076923076924 4736.410256410257 4042.0512820512827 3913.333333333334 4251.282051282052 4595.8974358974365 4391.282051282052 
4521.025641025642 4041.538461538462 4396.410256410257 4518.461538461539 4497.435897435898 4733.846153846154 4324.615384615385 4382.564102564103 4737.948717948719 4041.538461538462 3913.333333333334 4254.358974358975 4592.820512820514 4393.333333333334 
4524.102564102564 4041.538461538462 4393.846153846154 4517.435897435898 4496.923076923077 4733.333333333334 4319.48717948718 4383.076923076924 4734.871794871796 4043.589743589744 3913.8461538461543 4252.820512820514 4591.282051282052 4394.358974358975 
4524.102564102564 4042.0512820512827 4391.794871794872 4516.923076923077 4497.435897435898 4732.307692307693 4316.410256410257 4384.102564102564 4734.871794871796 4045.1282051282055 3913.8461538461543 4250.256410256411 4594.358974358975 4393.333333333334 
4518.974358974359 4041.538461538462 4391.282051282052 4515.8974358974365 4499.48717948718 4732.820512820514 4320.512820512821 4384.102564102564 4738.974358974359 4044.615384615385 3913.333333333334 4249.74358974359 4595.384615384616 4391.282051282052 
4516.923076923077 4042.0512820512827 4390.769230769231 4515.384615384616 4501.025641025642 4733.333333333334 4323.076923076924 4384.102564102564 4738.974358974359 4043.589743589744 3912.820512820513 4249.2307692307695 4592.820512820514 4391.282051282052 
4518.974358974359 4042.0512820512827 4391.794871794872 4515.8974358974365 4499.48717948718 4733.846153846154 4322.051282051282 4385.641025641026 4736.410256410257 4043.589743589744 3914.358974358975 4248.717948717949 4592.307692307693 4393.846153846154 
4521.025641025642 4042.0512820512827 4395.384615384616 4519.48717948718 4497.435897435898 4733.846153846154 4322.564102564103 4384.102564102564 4737.435897435898 4043.076923076924 3914.8717948717954 4248.717948717949 4594.358974358975 4394.358974358975 
4520.512820512821 4043.589743589744 4393.846153846154 4518.461538461539 4497.948717948719 4733.333333333334 4323.076923076924 4383.076923076924 4738.974358974359 4042.564102564103 3912.820512820513 4249.2307692307695 4594.871794871796 4391.794871794872 
4519.48717948718 4042.0512820512827 4390.769230769231 4515.384615384616 4499.48717948718 4732.820512820514 4322.051282051282 4383.076923076924 4736.410256410257 4042.0512820512827 3912.820512820513 4249.2307692307695 4594.871794871796 4390.769230769231 
4517.948717948719 4038.9743589743593 4391.282051282052 4516.410256410257 4498.974358974359 4733.333333333334 4322.564102564103 4384.102564102564 4734.358974358975 4042.0512820512827 3914.8717948717954 4248.717948717949 4596.410256410257 4390.769230769231 
4519.48717948718 4040.5128205128212 4390.256410256411 4516.923076923077 4496.410256410257 4733.333333333334 4324.102564102564 4383.589743589744 4734.871794871796 4043.589743589744 3913.8461538461543 4250.769230769231 4596.410256410257 4392.307692307693 
4518.974358974359 4041.538461538462 4384.615384615385 4514.358974358975 4497.435897435898 4733.846153846154 4324.102564102564 4383.076923076924 4737.948717948719 4044.615384615385 3913.8461538461543 4251.282051282052 4594.871794871796 4394.358974358975 
4517.948717948719 4040.0000000000005 4383.076923076924 4514.358974358975 4501.025641025642 4734.871794871796 4323.076923076924 4384.615384615385 4738.461538461539 4042.0512820512827 3913.333333333334 4249.2307692307695 4595.384615384616 4393.846153846154 
4517.435897435898 4040.5128205128212 4383.076923076924 4516.923076923077 4501.538461538462 4734.871794871796 4323.589743589744 4386.666666666667 4737.435897435898 4043.076923076924 3911.7948717948725 4248.717948717949 4594.871794871796 4391.794871794872 
4516.410256410257 4041.538461538462 4383.076923076924 4517.435897435898 4499.48717948718 4733.846153846154 4324.615384615385 4387.179487179487 4736.923076923077 4046.666666666667 3915.8974358974365 4249.2307692307695 4594.358974358975 4392.307692307693 
4514.358974358975 4039.48717948718 4380.512820512821 4514.871794871796 4500.000000000001 4733.846153846154 4325.641025641026 4387.6923076923085 4740.000000000001 4046.666666666667 3917.9487179487182 4248.717948717949 4595.8974358974365 4393.846153846154 
4515.384615384616 4040.5128205128212 4378.974358974359 4514.358974358975 4501.538461538462 4734.358974358975 4321.538461538462 4387.179487179487 4743.589743589744 4044.1025641025644 3913.8461538461543 4247.6923076923085 4597.435897435898 4393.846153846154 
4514.358974358975 4041.538461538462 4381.025641025642 4514.358974358975 4500.000000000001 4735.384615384616 4316.410256410257 4385.641025641026 4742.051282051282 4043.589743589744 3912.307692307693 4248.205128205129 4597.435897435898 4393.333333333334 
4513.333333333334 4038.9743589743593 4381.538461538462 4514.358974358975 4498.974358974359 4734.871794871796 4320.000000000001 4386.666666666667 4737.435897435898 4044.615384615385 3913.333333333334 4249.2307692307695 4595.8974358974365 4394.358974358975 
4517.948717948719 4038.461538461539 4378.974358974359 4512.820512820514 4500.000000000001 4732.307692307693 4324.615384615385 4388.205128205129 4736.923076923077 4043.589743589744 3911.7948717948725 4249.2307692307695 4594.871794871796 4393.846153846154 
4519.48717948718 4040.5128205128212 4379.48717948718 4513.846153846154 4501.025641025642 4733.333333333334 4324.102564102564 4386.666666666667 4738.461538461539 4041.538461538462 3911.7948717948725 4247.179487179487 4595.8974358974365 4392.307692307693 
4514.871794871796 4041.0256410256416 4380.000000000001 4516.410256410257 4500.000000000001 4735.384615384616 4323.589743589744 4385.128205128206 4737.435897435898 4042.564102564103 3913.8461538461543 4249.2307692307695 4594.871794871796 4393.846153846154 
4512.820512820514 4041.0256410256416 4378.461538461539 4516.923076923077 4500.000000000001 4734.358974358975 4323.589743589744 4386.153846153847 4736.923076923077 4044.1025641025644 3913.333333333334 4250.256410256411 4592.820512820514 4395.384615384616 
4517.435897435898 4041.538461538462 4380.000000000001 4515.8974358974365 4500.000000000001 4732.820512820514 4320.000000000001 4387.179487179487 4737.435897435898 4043.076923076924 3913.333333333334 4248.205128205129 4593.333333333334 4394.871794871796 
4516.923076923077 4041.538461538462 4383.076923076924 4515.384615384616 4498.974358974359 4733.846153846154 4321.025641025642 4385.641025641026 4737.948717948719 4043.076923076924 3913.8461538461543 4246.666666666667 4594.871794871796 4392.820512820514 
4515.384615384616 4041.0256410256416 4383.589743589744 4515.384615384616 4498.974358974359 4734.358974358975 4324.615384615385 4384.102564102564 4736.923076923077 4044.1025641025644 3913.8461538461543 4249.2307692307695 4594.358974358975 4391.794871794872 
4517.948717948719 4040.0000000000005 4385.641025641026 4515.384615384616 4500.000000000001 4733.333333333334 4321.025641025642 4385.641025641026 4735.384615384616 4043.076923076924 3913.8461538461543 4249.2307692307695 4595.8974358974365 4393.333333333334 
4520.512820512821 4041.0256410256416 4385.641025641026 4516.410256410257 4499.48717948718 4734.358974358975 4318.974358974359 4386.153846153847 4735.8974358974365 4041.0256410256416 3913.8461538461543 4248.205128205129 4595.8974358974365 4393.333333333334 
4518.461538461539 4041.0256410256416 4381.025641025642 4516.923076923077 4498.461538461539 4734.871794871796 4321.538461538462 4385.128205128206 4737.948717948719 4042.564102564103 3913.333333333334 4248.717948717949 4594.871794871796 4391.794871794872 
4518.461538461539 4041.538461538462 4381.538461538462 4515.8974358974365 4498.461538461539 4734.358974358975 4323.589743589744 4384.102564102564 4736.410256410257 4043.589743589744 3912.307692307693 4249.2307692307695 4595.384615384616 4393.846153846154 
4520.512820512821 4043.589743589744 4388.205128205129 4515.8974358974365 4500.000000000001 4733.846153846154 4324.102564102564 4383.589743589744 4735.8974358974365 4043.589743589744 3911.7948717948725 4249.2307692307695 4594.358974358975 4396.923076923077 
4521.538461538462 4047.1794871794878 4391.794871794872 4517.948717948719 4500.000000000001 4733.846153846154 4322.564102564103 4383.589743589744 4737.948717948719 4044.1025641025644 3911.2820512820517 4249.74358974359 4593.333333333334 4396.410256410257 
4521.538461538462 4045.6410256410263 4389.2307692307695 4518.461538461539 4498.461538461539 4733.846153846154 4320.512820512821 4384.102564102564 4737.948717948719 4043.589743589744 3912.307692307693 4249.74358974359 4593.846153846154 4393.846153846154 
4523.076923076924 4043.589743589744 4390.256410256411 4518.974358974359 4500.000000000001 4732.820512820514 4322.051282051282 4382.564102564103 4735.384615384616 4041.538461538462 3911.7948717948725 4248.717948717949 4593.846153846154 4393.846153846154 
4523.076923076924 4045.6410256410263 4393.846153846154 4518.974358974359 4500.512820512821 4732.820512820514 4322.564102564103 4382.051282051282 4734.358974358975 4040.5128205128212 3912.307692307693 4248.717948717949 4590.769230769231 4392.307692307693 
4522.564102564103 4047.1794871794878 4393.846153846154 4518.974358974359 4496.410256410257 4734.871794871796 4321.025641025642 4383.076923076924 4734.871794871796 4043.076923076924 3912.820512820513 4249.2307692307695 4592.307692307693 4392.307692307693 
