4522.564102564103 4051.7948717948725 4388.717948717949 4525.128205128206 4497.435897435898 4734.871794871796 4316.923076923077 4380.000000000001 4737.435897435898 4043.076923076924 3912.307692307693 4247.179487179487 4594.871794871796 4401.025641025642 
4522.564102564103 4050.7692307692314 4387.179487179487 4526.666666666667 4497.435897435898 4735.384615384616 4312.820512820514 4378.974358974359 4735.384615384616 4042.0512820512827 3911.2820512820517 4248.717948717949 4594.871794871796 4397.948717948719 
4521.538461538462 4048.717948717949 4388.717948717949 4524.615384615385 4498.461538461539 4734.871794871796 4312.820512820514 4381.538461538462 4736.923076923077 4042.564102564103 3911.7948717948725 4249.2307692307695 4593.846153846154 4398.461538461539 
4519.48717948718 4048.205128205129 4387.6923076923085 4520.512820512821 4498.974358974359 4734.871794871796 4317.435897435898 4383.589743589744 4737.948717948719 4043.076923076924 3913.8461538461543 4248.717948717949 4593.846153846154 4399.48717948718 
4518.974358974359 4047.1794871794878 4386.153846153847 4522.051282051282 4495.384615384616 4735.384615384616 4315.8974358974365 4383.076923076924 4735.384615384616 4042.564102564103 3912.820512820513 4249.2307692307695 4594.871794871796 4399.48717948718 
4518.461538461539 4044.1025641025644 4386.666666666667 4522.564102564103 4494.358974358975 4734.358974358975 4315.384615384616 4382.564102564103 4736.410256410257 4044.1025641025644 3910.7692307692314 4249.74358974359 4594.871794871796 4397.435897435898 
4518.974358974359 4043.076923076924 4388.717948717949 4520.512820512821 4500.512820512821 4732.820512820514 4321.538461538462 4383.076923076924 4737.948717948719 4044.1025641025644 3912.820512820513 4248.717948717949 4595.8974358974365 4394.871794871796 
4520.512820512821 4043.589743589744 4388.717948717949 4520.000000000001 4502.051282051282 4732.820512820514 4323.589743589744 4383.076923076924 4733.846153846154 4042.564102564103 3913.333333333334 4248.717948717949 4594.871794871796 4393.846153846154 
4520.512820512821 4044.1025641025644 4389.743589743591 4519.48717948718 4496.923076923077 4733.333333333334 4321.025641025642 4382.564102564103 4733.333333333334 4043.589743589744 3911.7948717948725 4248.717948717949 4591.794871794872 4393.846153846154 
4517.948717948719 4041.0256410256416 4390.769230769231 4516.410256410257 4495.384615384616 4733.333333333334 4320.512820512821 4382.051282051282 4737.948717948719 4045.6410256410263 3913.333333333334 4248.717948717949 4593.333333333334 4395.384615384616 
4520.000000000001 4038.9743589743593 4389.2307692307695 4513.333333333334 4497.948717948719 4732.820512820514 4321.538461538462 4384.102564102564 4737.948717948719 4044.1025641025644 3913.333333333334 4249.74358974359 4595.8974358974365 4395.384615384616 
4521.538461538462 4039.48717948718 4386.666666666667 4514.871794871796 4499.48717948718 4731.794871794872 4324.615384615385 4384.615384615385 4735.384615384616 4043.076923076924 3911.2820512820517 4250.256410256411 4594.871794871796 4393.846153846154 
4516.410256410257 4036.410256410257 4386.153846153847 4515.8974358974365 4500.000000000001 4732.307692307693 4324.102564102564 4385.128205128206 4737.948717948719 4044.615384615385 3911.7948717948725 4249.2307692307695 4593.333333333334 4392.820512820514 
4513.333333333334 4036.410256410257 4388.205128205129 4515.384615384616 4500.000000000001 4733.333333333334 4321.538461538462 4387.179487179487 4738.461538461539 4043.076923076924 3914.358974358975 4249.74358974359 4593.333333333334 4392.820512820514 
4515.384615384616 4038.461538461539 4386.153846153847 4514.358974358975 4497.948717948719 4732.820512820514 4323.076923076924 4388.205128205129 4737.948717948719 4041.538461538462 3914.8717948717954 4250.256410256411 4594.358974358975 4392.307692307693 
4517.948717948719 4036.410256410257 4386.666666666667 4514.358974358975 4497.435897435898 4731.282051282052 4325.641025641026 4387.179487179487 4737.435897435898 4043.589743589744 3911.7948717948725 4249.74358974359 4594.871794871796 4389.743589743591 
4517.435897435898 4033.8461538461543 4386.666666666667 4515.384615384616 4496.410256410257 4732.307692307693 4325.128205128206 4386.666666666667 4737.948717948719 4045.1282051282055 3913.8461538461543 4250.256410256411 4594.871794871796 4387.6923076923085 
4516.410256410257 4035.8974358974365 4385.641025641026 4512.307692307693 4495.8974358974365 4733.333333333334 4328.205128205129 4386.153846153847 4738.461538461539 4045.1282051282055 3916.9230769230776 4251.282051282052 4595.384615384616 4385.128205128206 
4515.384615384616 4032.307692307693 4385.128205128206 4506.153846153847 4496.410256410257 4731.282051282052 4328.205128205129 4387.6923076923085 4739.48717948718 4045.6410256410263 3916.410256410257 4250.769230769231 4595.384615384616 4385.128205128206 
4517.948717948719 4027.692307692308 4385.641025641026 4506.666666666667 4496.923076923077 4728.717948717949 4325.128205128206 4389.743589743591 4740.512820512821 4044.1025641025644 3915.3846153846157 4249.2307692307695 4596.923076923077 4384.102564102564 
4515.8974358974365 4029.23076923077 4384.102564102564 4509.2307692307695 4496.923076923077 4725.128205128206 4325.641025641026 4389.743589743591 4742.051282051282 4044.615384615385 3915.8974358974365 4249.2307692307695 4595.384615384616 4383.076923076924 
4511.282051282052 4028.717948717949 4383.076923076924 4507.179487179488 4494.358974358975 4724.615384615386 4325.128205128206 4389.2307692307695 4740.512820512821 4045.1282051282055 3916.9230769230776 4250.769230769231 4594.358974358975 4385.128205128206 
4511.282051282052 4026.666666666667 4383.076923076924 4503.076923076924 4494.871794871796 4725.641025641026 4329.2307692307695 4390.256410256411 4739.48717948718 4043.076923076924 3915.3846153846157 4250.769230769231 4597.435897435898 4383.589743589744 
4512.820512820514 4028.717948717949 4380.512820512821 4504.102564102564 4493.333333333334 4726.666666666667 4333.333333333334 4389.2307692307695 4743.076923076924 4044.1025641025644 3913.333333333334 4248.717948717949 4597.948717948719 4383.589743589744 
4509.743589743591 4029.23076923077 4381.025641025642 4506.153846153847 4490.769230769231 4728.205128205129 4328.717948717949 4389.2307692307695 4742.564102564103 4045.1282051282055 3913.333333333334 4247.6923076923085 4594.358974358975 4386.153846153847 
4509.2307692307695 4028.205128205129 4384.615384615385 4507.179487179488 4494.871794871796 4731.282051282052 4327.179487179487 4390.769230769231 4740.000000000001 4044.615384615385 3913.8461538461543 4248.717948717949 4594.871794871796 4386.666666666667 
4510.769230769231 4027.1794871794878 4382.564102564103 4504.102564102564 4499.48717948718 4732.820512820514 4330.256410256411 4391.282051282052 4741.025641025642 4045.1282051282055 3913.8461538461543 4249.2307692307695 4594.871794871796 4385.128205128206 
4508.717948717949 4026.1538461538466 4378.974358974359 4503.076923076924 4496.923076923077 4732.307692307693 4331.282051282052 4390.256410256411 4742.051282051282 4044.1025641025644 3912.820512820513 4249.2307692307695 4593.333333333334 4385.641025641026 
4506.666666666667 4027.1794871794878 4378.461538461539 4505.128205128206 4496.410256410257 4733.333333333334 4329.2307692307695 4389.743589743591 4741.025641025642 4043.589743589744 3914.8717948717954 4248.205128205129 4594.871794871796 4386.153846153847 
4505.128205128206 4028.205128205129 4378.974358974359 4505.128205128206 4498.974358974359 4732.307692307693 4330.256410256411 4390.256410256411 4742.051282051282 4045.1282051282055 3913.8461538461543 4247.6923076923085 4595.8974358974365 4382.564102564103 
4507.6923076923085 4028.205128205129 4378.974358974359 4504.102564102564 4498.974358974359 4732.820512820514 4330.769230769231 4390.256410256411 4740.512820512821 4044.1025641025644 3912.307692307693 4249.2307692307695 4594.871794871796 4382.051282051282 
4509.743589743591 4029.7435897435903 4378.461538461539 4504.615384615385 4498.461538461539 4732.820512820514 4329.743589743591 4390.256410256411 4737.948717948719 4043.589743589744 3912.307692307693 4250.256410256411 4595.8974358974365 4385.128205128206 
4508.205128205129 4032.820512820513 4378.974358974359 4504.615384615385 4498.974358974359 4731.794871794872 4330.256410256411 4389.743589743591 4737.948717948719 4044.1025641025644 3913.333333333334 4249.74358974359 4596.410256410257 4387.6923076923085 
4507.6923076923085 4033.333333333334 4380.000000000001 4505.128205128206 4498.461538461539 4731.794871794872 4330.256410256411 4388.717948717949 4739.48717948718 4042.564102564103 3913.333333333334 4248.717948717949 4596.410256410257 4387.6923076923085 
4509.2307692307695 4032.307692307693 4382.564102564103 4508.205128205129 4499.48717948718 4731.794871794872 4330.769230769231 4387.6923076923085 4740.512820512821 4042.564102564103 3913.333333333334 4248.717948717949 4596.923076923077 4388.717948717949 
4509.2307692307695 4029.23076923077 4382.564102564103 4506.666666666667 4500.000000000001 4731.794871794872 4330.769230769231 4388.205128205129 4741.538461538462 4045.1282051282055 3913.8461538461543 4249.2307692307695 4593.846153846154 4386.666666666667 
4513.333333333334 4028.205128205129 4383.589743589744 4506.153846153847 4499.48717948718 4732.820512820514 4328.205128205129 4389.743589743591 4740.000000000001 4044.1025641025644 3914.358974358975 4250.256410256411 4593.846153846154 4385.641025641026 
4513.846153846154 4030.2564102564106 4384.615384615385 4509.2307692307695 4498.461538461539 4732.307692307693 4327.6923076923085 4388.205128205129 4741.025641025642 4042.564102564103 3913.333333333334 4249.2307692307695 4595.8974358974365 4387.6923076923085 
4512.820512820514 4031.7948717948725 4386.153846153847 4510.769230769231 4497.435897435898 4730.769230769231 4329.743589743591 4384.615384615385 4740.512820512821 4044.615384615385 3914.358974358975 4248.205128205129 4594.871794871796 4388.205128205129 
4514.358974358975 4031.2820512820517 4387.179487179487 4512.307692307693 4498.461538461539 4732.307692307693 4329.743589743591 4384.102564102564 4736.410256410257 4045.1282051282055 3914.8717948717954 4249.2307692307695 4592.820512820514 4387.6923076923085 
4515.8974358974365 4035.3846153846157 4387.6923076923085 4514.358974358975 4497.948717948719 4733.846153846154 4328.205128205129 4387.179487179487 4737.435897435898 4044.1025641025644 3913.8461538461543 4250.256410256411 4593.846153846154 4390.769230769231 
4512.820512820514 4036.410256410257 4386.153846153847 4512.820512820514 4496.923076923077 4733.333333333334 4329.743589743591 4387.6923076923085 4742.051282051282 4042.564102564103 3912.820512820513 4249.74358974359 4594.871794871796 4389.743589743591 
4511.794871794872 4033.8461538461543 4387.179487179487 4509.743589743591 4498.461538461539 4732.820512820514 4331.282051282052 4386.153846153847 4740.000000000001 4042.564102564103 3913.8461538461543 4249.74358974359 4594.358974358975 4386.666666666667 
4513.846153846154 4033.333333333334 4386.153846153847 4513.333333333334 4500.000000000001 4733.333333333334 4328.717948717949 4387.179487179487 4735.384615384616 4043.076923076924 3912.820512820513 4249.2307692307695 4592.820512820514 4388.717948717949 
4516.410256410257 4035.8974358974365 4384.102564102564 4513.333333333334 4500.000000000001 4732.820512820514 4327.6923076923085 4388.717948717949 4738.461538461539 4044.1025641025644 3912.820512820513 4248.717948717949 4592.820512820514 4389.2307692307695 
4516.410256410257 4036.9230769230776 4386.666666666667 4511.282051282052 4499.48717948718 4731.282051282052 4328.717948717949 4388.717948717949 4741.538461538462 4046.666666666667 3914.358974358975 4249.2307692307695 4595.384615384616 4387.179487179487 
4512.820512820514 4036.410256410257 4390.256410256411 4513.333333333334 4499.48717948718 4731.794871794872 4327.6923076923085 4387.179487179487 4740.512820512821 4045.1282051282055 3914.358974358975 4249.74358974359 4595.8974358974365 4388.205128205129 
4513.333333333334 4036.410256410257 4388.717948717949 4513.333333333334 4498.974358974359 4731.794871794872 4326.666666666667 4384.615384615385 4739.48717948718 4042.564102564103 3913.8461538461543 4249.74358974359 4593.846153846154 4390.769230769231 
4517.948717948719 4035.3846153846157 4387.6923076923085 4511.794871794872 4497.435897435898 4731.282051282052 4327.6923076923085 4386.666666666667 4739.48717948718 4043.589743589744 3913.333333333334 4250.769230769231 4594.358974358975 4390.769230769231 
4517.435897435898 4035.3846153846157 4389.2307692307695 4513.333333333334 4496.923076923077 4732.307692307693 4328.205128205129 4388.717948717949 4740.512820512821 4047.1794871794878 3912.820512820513 4251.282051282052 4594.871794871796 4389.743589743591 
4512.307692307693 4035.8974358974365 4387.179487179487 4512.820512820514 4498.974358974359 4731.282051282052 4328.205128205129 4386.153846153847 4739.48717948718 4044.615384615385 3912.820512820513 4249.2307692307695 4592.820512820514 4391.282051282052 
4514.871794871796 4037.435897435898 4386.153846153847 4508.717948717949 4499.48717948718 4730.256410256411 4327.179487179487 4384.615384615385 4737.948717948719 4041.538461538462 3912.820512820513 4249.74358974359 4593.333333333334 4394.871794871796 
4517.435897435898 4035.3846153846157 4386.153846153847 4507.179487179488 4500.000000000001 4732.820512820514 4325.641025641026 4387.179487179487 4737.948717948719 4044.1025641025644 3912.820512820513 4250.769230769231 4595.384615384616 4394.358974358975 
4512.820512820514 4034.8717948717954 4385.641025641026 4510.256410256411 4501.025641025642 4734.871794871796 4326.153846153847 4388.717948717949 4738.461538461539 4044.615384615385 3913.333333333334 4250.769230769231 4594.358974358975 4391.282051282052 
4511.794871794872 4037.435897435898 4386.666666666667 4510.256410256411 4498.974358974359 4733.333333333334 4330.256410256411 4387.6923076923085 4738.974358974359 4042.564102564103 3913.333333333334 4250.256410256411 4594.358974358975 4390.256410256411 
4518.461538461539 4038.9743589743593 4389.2307692307695 4510.769230769231 4497.435897435898 4732.307692307693 4331.794871794872 4386.666666666667 4736.923076923077 4044.1025641025644 3914.358974358975 4249.2307692307695 4595.384615384616 4391.282051282052 
4517.948717948719 4038.461538461539 4389.2307692307695 4509.2307692307695 4499.48717948718 4734.358974358975 4327.6923076923085 4390.769230769231 4737.435897435898 4045.6410256410263 3915.3846153846157 4248.205128205129 4594.871794871796 4393.846153846154 
4513.846153846154 4038.461538461539 4386.666666666667 4508.205128205129 4500.512820512821 4733.333333333334 4324.615384615385 4392.820512820514 4738.974358974359 4044.615384615385 3915.8974358974365 4248.717948717949 4595.8974358974365 4394.358974358975 
4516.410256410257 4037.9487179487182 4385.641025641026 4510.256410256411 4497.948717948719 4730.769230769231 4323.589743589744 4387.6923076923085 4739.48717948718 4043.589743589744 3916.9230769230776 4249.74358974359 4597.435897435898 4391.794871794872 
4517.948717948719 4037.435897435898 4385.128205128206 4512.820512820514 4497.435897435898 4731.282051282052 4323.589743589744 4384.615384615385 4738.461538461539 4044.615384615385 3915.8974358974365 4248.205128205129 4594.871794871796 4391.794871794872 
4515.384615384616 4038.9743589743593 4384.615384615385 4513.333333333334 4500.000000000001 4733.846153846154 4324.102564102564 4385.641025641026 4737.948717948719 4044.615384615385 3911.2820512820517 4248.205128205129 4592.307692307693 4392.307692307693 
4515.384615384616 4039.48717948718 4384.102564102564 4513.846153846154 4500.512820512821 4734.358974358975 4325.128205128206 4385.641025641026 4737.435897435898 4043.589743589744 3912.820512820513 4251.282051282052 4593.846153846154 4392.307692307693 
4516.923076923077 4038.461538461539 4384.102564102564 4513.333333333334 4501.025641025642 4732.307692307693 4324.102564102564 4383.589743589744 4735.8974358974365 4044.615384615385 3915.8974358974365 4251.282051282052 4594.871794871796 4393.846153846154 
4514.358974358975 4038.9743589743593 4383.589743589744 4511.794871794872 4500.512820512821 4732.820512820514 4322.564102564103 4385.128205128206 4736.923076923077 4045.1282051282055 3914.358974358975 4248.717948717949 4595.384615384616 4394.358974358975 
4515.384615384616 4040.0000000000005 4382.564102564103 4512.307692307693 4500.512820512821 4734.871794871796 4323.589743589744 4385.641025641026 4738.974358974359 4043.589743589744 3910.7692307692314 4249.2307692307695 4595.384615384616 4392.820512820514 
4516.923076923077 4038.461538461539 4379.48717948718 4512.307692307693 4500.512820512821 4734.871794871796 4324.615384615385 4385.641025641026 4737.948717948719 4042.564102564103 3913.8461538461543 4249.74358974359 4595.384615384616 4394.871794871796 
4514.871794871796 4038.9743589743593 4378.461538461539 4509.743589743591 4501.025641025642 4733.846153846154 4324.615384615385 4386.666666666667 4738.461538461539 4044.615384615385 3918.9743589743593 4248.205128205129 4595.8974358974365 4395.384615384616 
4511.282051282052 4040.5128205128212 4379.48717948718 4509.2307692307695 4501.025641025642 4734.358974358975 4324.615384615385 4387.6923076923085 4740.512820512821 4045.6410256410263 3919.48717948718 4249.2307692307695 4593.333333333334 4392.820512820514 
4513.333333333334 4041.538461538462 4380.000000000001 4511.282051282052 4501.025641025642 4733.846153846154 4325.128205128206 4388.205128205129 4737.435897435898 4044.615384615385 3917.9487179487182 4249.74358974359 4595.384615384616 4393.333333333334 
4513.846153846154 4038.9743589743593 4377.948717948719 4513.333333333334 4501.025641025642 4732.820512820514 4324.615384615385 4389.2307692307695 4737.948717948719 4044.615384615385 3917.9487179487182 4247.179487179487 4600.000000000001 4395.384615384616 
4512.307692307693 4038.9743589743593 4375.384615384616 4512.820512820514 4501.025641025642 4734.871794871796 4323.076923076924 4388.717948717949 4742.564102564103 4044.615384615385 3913.8461538461543 4246.666666666667 4599.48717948718 4396.410256410257 
4512.820512820514 4040.5128205128212 4374.358974358975 4510.769230769231 4500.512820512821 4735.8974358974365 4323.076923076924 4387.179487179487 4741.538461538462 4045.6410256410263 3910.2564102564106 4248.717948717949 4597.435897435898 4395.8974358974365 
4514.871794871796 4040.5128205128212 4374.871794871796 4510.769230769231 4498.974358974359 4734.358974358975 4323.589743589744 4386.666666666667 4739.48717948718 4045.1282051282055 3917.435897435898 4249.74358974359 4599.48717948718 4394.358974358975 
4513.333333333334 4037.9487179487182 4375.8974358974365 4509.743589743591 4500.000000000001 4732.820512820514 4323.589743589744 4388.717948717949 4741.025641025642 4043.589743589744 3920.5128205128212 4247.179487179487 4598.461538461539 4393.333333333334 
4512.820512820514 4039.48717948718 4376.410256410257 4508.717948717949 4500.000000000001 4735.384615384616 4324.615384615385 4388.717948717949 4740.512820512821 4044.615384615385 3913.333333333334 4246.153846153847 4596.410256410257 4394.358974358975 
4516.923076923077 4041.538461538462 4375.384615384616 4510.256410256411 4501.025641025642 4735.384615384616 4325.128205128206 4388.717948717949 4737.948717948719 4044.615384615385 3911.7948717948725 4247.6923076923085 4596.410256410257 4394.358974358975 
4517.435897435898 4040.5128205128212 4373.333333333334 4510.256410256411 4505.128205128206 4734.358974358975 4324.102564102564 4392.307692307693 4737.435897435898 4042.0512820512827 3913.8461538461543 4249.74358974359 4595.384615384616 4394.358974358975 
4515.8974358974365 4044.1025641025644 4374.358974358975 4511.794871794872 4505.128205128206 4736.410256410257 4323.076923076924 4388.717948717949 4736.923076923077 4042.564102564103 3913.333333333334 4249.2307692307695 4595.8974358974365 4394.871794871796 
4515.8974358974365 4045.1282051282055 4375.384615384616 4514.871794871796 4498.974358974359 4737.435897435898 4323.589743589744 4384.615384615385 4738.974358974359 4045.6410256410263 3911.7948717948725 4247.6923076923085 4597.948717948719 4397.435897435898 
4516.923076923077 4041.0256410256416 4373.333333333334 4512.820512820514 4500.512820512821 4735.384615384616 4322.564102564103 4387.179487179487 4740.512820512821 4044.1025641025644 3913.8461538461543 4248.205128205129 4595.8974358974365 4398.974358974359 
4515.8974358974365 4041.0256410256416 4374.871794871796 4509.2307692307695 4506.666666666667 4735.384615384616 4319.48717948718 4388.717948717949 4740.512820512821 4042.0512820512827 3913.8461538461543 4248.205128205129 4594.358974358975 4398.974358974359 
4515.8974358974365 4043.589743589744 4377.948717948719 4512.307692307693 4505.641025641026 4736.923076923077 4318.974358974359 4384.615384615385 4738.974358974359 4043.589743589744 3913.8461538461543 4247.6923076923085 4595.8974358974365 4397.435897435898 
4514.871794871796 4041.538461538462 4374.358974358975 4513.846153846154 4500.000000000001 4736.410256410257 4322.564102564103 4384.615384615385 4737.435897435898 4044.615384615385 3913.333333333334 4248.717948717949 4595.384615384616 4394.871794871796 
4512.820512820514 4040.5128205128212 4369.743589743591 4511.282051282052 4500.000000000001 4734.871794871796 4322.564102564103 4387.179487179487 4737.948717948719 4044.1025641025644 3913.333333333334 4249.2307692307695 4594.358974358975 4393.846153846154 
4512.307692307693 4040.5128205128212 4369.2307692307695 4508.717948717949 4505.641025641026 4734.358974358975 4318.974358974359 4387.6923076923085 4738.461538461539 4044.615384615385 3913.8461538461543 4249.2307692307695 4595.8974358974365 4396.410256410257 
4515.8974358974365 4041.538461538462 4370.256410256411 4510.256410256411 4504.615384615385 4735.384615384616 4320.000000000001 4387.179487179487 4736.923076923077 4044.615384615385 3913.8461538461543 4247.6923076923085 4596.410256410257 4396.410256410257 
4514.358974358975 4044.1025641025644 4373.333333333334 4511.794871794872 4503.076923076924 4736.410256410257 4323.589743589744 4386.153846153847 4737.435897435898 4042.564102564103 3913.8461538461543 4247.179487179487 4595.384615384616 4395.384615384616 
4513.333333333334 4044.1025641025644 4377.948717948719 4513.846153846154 4503.589743589744 4736.923076923077 4324.102564102564 4385.641025641026 4738.974358974359 4041.538461538462 3913.8461538461543 4246.666666666667 4596.410256410257 4396.923076923077 
4517.435897435898 4040.0000000000005 4378.974358974359 4516.410256410257 4504.615384615385 4736.410256410257 4322.051282051282 4384.102564102564 4738.461538461539 4043.076923076924 3912.820512820513 4247.6923076923085 4595.8974358974365 4396.410256410257 
4519.48717948718 4040.0000000000005 4378.461538461539 4516.410256410257 4505.128205128206 4735.384615384616 4323.076923076924 4383.589743589744 4737.435897435898 4044.1025641025644 3913.8461538461543 4248.717948717949 4593.846153846154 4394.358974358975 
4517.435897435898 4042.564102564103 4377.948717948719 4515.384615384616 4501.538461538462 4736.410256410257 4322.564102564103 4386.153846153847 4737.948717948719 4043.589743589744 3913.8461538461543 4248.205128205129 4592.820512820514 4395.8974358974365 
4518.461538461539 4045.1282051282055 4377.948717948719 4515.8974358974365 4498.461538461539 4736.410256410257 4321.025641025642 4385.128205128206 4737.435897435898 4044.1025641025644 3911.2820512820517 4248.205128205129 4593.846153846154 4397.435897435898 
4521.538461538462 4043.589743589744 4381.025641025642 4514.871794871796 4499.48717948718 4734.871794871796 4321.538461538462 4383.076923076924 4736.410256410257 4044.1025641025644 3910.2564102564106 4249.74358974359 4595.8974358974365 4396.410256410257 
4520.512820512821 4042.564102564103 4385.128205128206 4515.8974358974365 4502.051282051282 4734.871794871796 4317.948717948719 4385.128205128206 4736.410256410257 4043.589743589744 3912.307692307693 4249.2307692307695 4596.410256410257 4395.8974358974365 
4521.025641025642 4045.6410256410263 4385.641025641026 4518.974358974359 4500.000000000001 4735.384615384616 4314.358974358975 4385.641025641026 4736.410256410257 4043.589743589744 3912.307692307693 4248.205128205129 4594.871794871796 4396.923076923077 
4523.076923076924 4046.666666666667 4382.564102564103 4518.461538461539 4500.000000000001 4734.358974358975 4317.948717948719 4383.076923076924 4737.435897435898 4044.1025641025644 3912.820512820513 4248.205128205129 4594.871794871796 4396.923076923077 
4521.025641025642 4044.615384615385 4382.051282051282 4515.384615384616 4501.538461538462 4733.846153846154 4321.538461538462 4384.102564102564 4737.948717948719 4045.1282051282055 3913.8461538461543 4248.717948717949 4594.871794871796 4394.358974358975 
4518.461538461539 4044.1025641025644 4381.538461538462 4515.384615384616 4501.538461538462 4735.8974358974365 4320.000000000001 4385.128205128206 4737.435897435898 4045.6410256410263 3913.333333333334 4248.717948717949 4594.871794871796 4392.307692307693 
4518.461538461539 4046.1538461538466 4379.48717948718 4517.435897435898 4501.538461538462 4735.8974358974365 4322.051282051282 4383.589743589744 4736.410256410257 4044.615384615385 3911.7948717948725 4247.179487179487 4595.384615384616 4395.384615384616 
4517.948717948719 4044.1025641025644 4379.48717948718 4516.410256410257 4501.025641025642 4735.384615384616 4324.102564102564 4383.076923076924 4736.410256410257 4044.615384615385 3912.820512820513 4247.179487179487 4594.871794871796 4397.435897435898 
4518.974358974359 4042.0512820512827 4381.025641025642 4514.358974358975 4500.512820512821 4735.384615384616 4318.461538461539 4384.102564102564 4735.8974358974365 4046.1538461538466 3913.8461538461543 4249.74358974359 4594.358974358975 4394.871794871796 
4518.461538461539 4041.538461538462 4380.512820512821 4515.384615384616 4501.025641025642 4735.384615384616 4316.410256410257 4384.102564102564 4735.8974358974365 4045.6410256410263 3912.820512820513 4249.74358974359 4595.384615384616 4394.358974358975 
4520.512820512821 4043.076923076924 4384.102564102564 4516.923076923077 4502.051282051282 4734.871794871796 4317.948717948719 4382.564102564103 4736.410256410257 4043.589743589744 3913.8461538461543 4247.179487179487 4594.358974358975 4397.948717948719 
4523.589743589744 4044.1025641025644 4388.205128205129 4515.8974358974365 4502.564102564103 4733.846153846154 4315.384615384616 4382.051282051282 4737.948717948719 4042.564102564103 3914.358974358975 4248.205128205129 4592.820512820514 4396.410256410257 
4525.128205128206 4045.1282051282055 4389.2307692307695 4518.461538461539 4502.051282051282 4733.846153846154 4318.461538461539 4383.589743589744 4737.435897435898 4041.538461538462 3912.307692307693 4250.256410256411 4593.846153846154 4393.846153846154 
4523.589743589744 4045.6410256410263 4390.256410256411 4522.051282051282 4500.000000000001 4733.846153846154 4324.615384615385 4384.615384615385 4735.384615384616 4041.0256410256416 3911.2820512820517 4249.2307692307695 4594.871794871796 4396.410256410257 
4524.102564102564 4046.1538461538466 4393.333333333334 4521.025641025642 4499.48717948718 4732.820512820514 4320.512820512821 4383.076923076924 4735.384615384616 4043.589743589744 3911.7948717948725 4248.717948717949 4594.358974358975 4396.923076923077 
4525.128205128206 4046.1538461538466 4393.846153846154 4517.948717948719 4498.974358974359 4732.820512820514 4318.461538461539 4382.051282051282 4736.923076923077 4044.1025641025644 3912.307692307693 4249.2307692307695 4592.820512820514 4393.846153846154 
4524.102564102564 4045.1282051282055 4392.307692307693 4520.512820512821 4499.48717948718 4733.846153846154 4322.564102564103 4383.076923076924 4735.384615384616 4042.564102564103 3911.7948717948725 4249.2307692307695 4592.307692307693 4394.358974358975 
4525.128205128206 4045.6410256410263 4391.794871794872 4522.051282051282 4500.512820512821 4734.358974358975 4318.974358974359 4381.538461538462 4733.333333333334 4042.0512820512827 3912.307692307693 4248.717948717949 4592.820512820514 4396.410256410257 
4524.615384615385 4046.1538461538466 4392.307692307693 4522.051282051282 4498.974358974359 4733.846153846154 4313.846153846154 4380.000000000001 4734.871794871796 4045.1282051282055 3912.307692307693 4249.2307692307695 4591.794871794872 4394.358974358975 
4524.102564102564 4047.1794871794878 4392.307692307693 4524.102564102564 4497.948717948719 4734.358974358975 4317.435897435898 4380.000000000001 4735.8974358974365 4045.6410256410263 3911.7948717948725 4249.2307692307695 4590.769230769231 4393.846153846154 
4525.641025641026 4047.1794871794878 4391.282051282052 4523.589743589744 4498.461538461539 4734.358974358975 4321.025641025642 4380.000000000001 4735.8974358974365 4042.0512820512827 3912.820512820513 4248.717948717949 4593.333333333334 4395.8974358974365 
4527.6923076923085 4048.205128205129 4393.333333333334 4520.000000000001 4498.974358974359 4734.358974358975 4321.538461538462 4378.974358974359 4736.410256410257 4041.538461538462 3912.307692307693 4249.2307692307695 4595.8974358974365 4395.384615384616 
4525.128205128206 4046.666666666667 4394.871794871796 4518.461538461539 4501.025641025642 4734.871794871796 4322.564102564103 4380.000000000001 4735.8974358974365 4043.589743589744 3912.820512820513 4250.769230769231 4592.820512820514 4392.307692307693 
4524.102564102564 4045.1282051282055 4395.8974358974365 4520.000000000001 4502.051282051282 4734.358974358975 4321.538461538462 4380.512820512821 4733.333333333334 4044.615384615385 3913.8461538461543 4249.2307692307695 4592.820512820514 4392.820512820514 
4524.102564102564 4044.1025641025644 4394.871794871796 4522.051282051282 4500.000000000001 4733.846153846154 4322.051282051282 4379.48717948718 4732.307692307693 4043.589743589744 3913.8461538461543 4248.205128205129 4595.8974358974365 4394.871794871796 
4522.564102564103 4046.1538461538466 4393.846153846154 4521.538461538462 4500.512820512821 4733.846153846154 4321.538461538462 4378.461538461539 4732.820512820514 4044.1025641025644 3913.333333333334 4249.2307692307695 4593.846153846154 4396.410256410257 
4521.025641025642 4046.1538461538466 4392.820512820514 4520.512820512821 4501.025641025642 4733.333333333334 4317.435897435898 4380.512820512821 4734.871794871796 4044.615384615385 3913.333333333334 4248.717948717949 4590.256410256411 4396.410256410257 
4524.102564102564 4047.692307692308 4393.333333333334 4522.564102564103 4500.000000000001 4732.307692307693 4320.000000000001 4383.076923076924 4736.410256410257 4044.615384615385 3913.333333333334 4249.2307692307695 4591.282051282052 4394.871794871796 
4525.641025641026 4048.205128205129 4393.333333333334 4523.076923076924 4498.461538461539 4732.307692307693 4323.076923076924 4379.48717948718 4734.871794871796 4042.564102564103 3913.333333333334 4251.794871794872 4592.307692307693 4394.358974358975 
4524.102564102564 4046.1538461538466 4394.871794871796 4521.538461538462 4496.410256410257 4732.307692307693 4317.435897435898 4374.871794871796 4733.846153846154 4042.0512820512827 3913.8461538461543 4250.256410256411 4590.769230769231 4396.410256410257 
4524.102564102564 4046.666666666667 4398.461538461539 4520.512820512821 4496.923076923077 4733.333333333334 4313.846153846154 4377.948717948719 4735.384615384616 4043.076923076924 3912.820512820513 4248.205128205129 4591.794871794872 4395.384615384616 
4526.666666666667 4049.23076923077 4398.974358974359 4521.538461538462 4497.948717948719 4734.358974358975 4320.000000000001 4382.051282051282 4736.410256410257 4042.0512820512827 3913.8461538461543 4249.2307692307695 4593.846153846154 4392.820512820514 
4526.153846153847 4048.205128205129 4397.435897435898 4524.615384615385 4497.948717948719 4734.871794871796 4321.025641025642 4378.974358974359 4734.871794871796 4039.48717948718 3914.8717948717954 4249.74358974359 4593.846153846154 4394.871794871796 
4525.641025641026 4046.1538461538466 4398.974358974359 4526.666666666667 4497.435897435898 4734.871794871796 4316.923076923077 4375.384615384616 4735.384615384616 4039.48717948718 3912.307692307693 4249.74358974359 4592.307692307693 4397.948717948719 
4528.717948717949 4045.6410256410263 4401.025641025642 4524.102564102564 4497.435897435898 4733.333333333334 4318.974358974359 4377.435897435898 4735.8974358974365 4041.538461538462 3911.7948717948725 4250.256410256411 4591.794871794872 4397.435897435898 
4530.256410256411 4045.6410256410263 4400.512820512821 4521.538461538462 4495.8974358974365 4732.820512820514 4321.025641025642 4379.48717948718 4733.846153846154 4041.0256410256416 3912.820512820513 4248.717948717949 4591.282051282052 4395.384615384616 
