4518.461538461539 4054.8717948717954 4393.333333333334 4507.6923076923085 4490.256410256411 4723.589743589744 4337.948717948719 4354.871794871796 4739.48717948718 4055.8974358974365 3954.358974358975 4375.8974358974365 4586.153846153847 4223.076923076924 
4515.384615384616 4052.820512820513 4400.000000000001 4510.256410256411 4490.769230769231 4723.076923076924 4337.435897435898 4357.948717948719 4738.461538461539 4052.820512820513 3956.410256410257 4381.538461538462 4587.179487179488 4223.076923076924 
4516.923076923077 4053.333333333334 4397.948717948719 4507.6923076923085 4489.2307692307695 4724.615384615386 4336.923076923077 4354.358974358975 4738.974358974359 4052.820512820513 3956.410256410257 4376.410256410257 4585.128205128206 4220.512820512821 
4516.410256410257 4048.717948717949 4401.025641025642 4509.2307692307695 4486.666666666667 4720.000000000001 4335.384615384616 4359.48717948718 4740.000000000001 4051.7948717948725 3957.9487179487182 4385.128205128206 4585.128205128206 4226.666666666667 
4518.974358974359 4049.7435897435903 4395.8974358974365 4507.179487179488 4488.717948717949 4722.051282051282 4338.461538461539 4354.871794871796 4736.923076923077 4051.7948717948725 3958.461538461539 4381.025641025642 4588.717948717949 4224.102564102564 
4514.871794871796 4048.205128205129 4397.435897435898 4507.6923076923085 4494.358974358975 4723.589743589744 4344.102564102564 4354.871794871796 4734.358974358975 4051.2820512820517 3955.3846153846157 4372.820512820514 4583.589743589744 4212.820512820514 
4517.435897435898 4049.23076923077 4387.6923076923085 4504.102564102564 4497.948717948719 4729.2307692307695 4350.256410256411 4348.717948717949 4733.846153846154 4051.2820512820517 3951.7948717948725 4363.589743589744 4578.974358974359 4203.076923076924 
4517.948717948719 4047.692307692308 4395.8974358974365 4507.179487179488 4488.205128205129 4723.589743589744 4338.461538461539 4355.384615384616 4735.384615384616 4052.307692307693 3960.5128205128212 4381.538461538462 4585.128205128206 4221.538461538462 
4517.435897435898 4049.7435897435903 4402.051282051282 4510.256410256411 4483.076923076924 4718.461538461539 4327.6923076923085 4355.384615384616 4737.435897435898 4054.358974358975 3965.1282051282055 4388.205128205129 4596.410256410257 4234.871794871796 
4515.384615384616 4050.2564102564106 4405.128205128206 4509.2307692307695 4485.128205128206 4714.871794871796 4325.641025641026 4351.794871794872 4735.8974358974365 4053.8461538461543 3964.1025641025644 4391.282051282052 4598.461538461539 4231.794871794872 
4517.948717948719 4051.2820512820517 4406.666666666667 4507.179487179488 4484.102564102564 4713.333333333334 4324.615384615385 4350.769230769231 4734.358974358975 4054.8717948717954 3966.1538461538466 4398.461538461539 4596.923076923077 4235.384615384616 
4518.461538461539 4052.820512820513 4412.307692307693 4510.769230769231 4482.051282051282 4710.769230769231 4317.435897435898 4353.846153846154 4737.435897435898 4055.3846153846157 3970.2564102564106 4402.564102564103 4598.461538461539 4246.666666666667 
4517.948717948719 4053.333333333334 4410.256410256411 4510.256410256411 4483.076923076924 4712.307692307693 4317.948717948719 4355.384615384616 4740.512820512821 4052.820512820513 3968.717948717949 4397.435897435898 4600.512820512821 4244.102564102564 
4520.512820512821 4052.307692307693 4404.102564102564 4505.641025641026 4481.025641025642 4713.333333333334 4322.564102564103 4355.8974358974365 4740.000000000001 4054.358974358975 3965.6410256410263 4396.410256410257 4602.051282051282 4240.000000000001 
4523.076923076924 4050.7692307692314 4402.564102564103 4509.2307692307695 4482.051282051282 4711.794871794872 4322.051282051282 4362.051282051282 4738.461538461539 4057.9487179487182 3963.589743589744 4398.974358974359 4601.025641025642 4245.128205128206 
4525.128205128206 4055.8974358974365 4393.333333333334 4510.769230769231 4491.794871794872 4721.538461538462 4332.307692307693 4355.384615384616 4737.948717948719 4055.8974358974365 3954.8717948717954 4376.923076923077 4594.358974358975 4231.794871794872 
4518.974358974359 4053.8461538461543 4395.8974358974365 4508.717948717949 4492.307692307693 4724.615384615386 4337.435897435898 4357.948717948719 4738.461538461539 4052.820512820513 3951.7948717948725 4371.794871794872 4588.717948717949 4221.025641025642 
4517.948717948719 4050.7692307692314 4394.871794871796 4507.6923076923085 4490.769230769231 4723.589743589744 4336.923076923077 4353.333333333334 4738.461538461539 4053.333333333334 3954.358974358975 4373.846153846154 4588.205128205129 4223.076923076924 
4517.435897435898 4051.2820512820517 4402.051282051282 4511.794871794872 4489.743589743591 4721.025641025642 4335.384615384616 4357.948717948719 4737.948717948719 4054.358974358975 3955.3846153846157 4381.025641025642 4584.102564102564 4228.717948717949 
4520.512820512821 4055.8974358974365 4393.333333333334 4506.153846153847 4491.794871794872 4728.205128205129 4338.974358974359 4354.358974358975 4739.48717948718 4053.8461538461543 3948.717948717949 4369.743589743591 4583.076923076924 4218.461538461539 
4514.871794871796 4050.7692307692314 4394.358974358975 4507.179487179488 4492.820512820514 4727.179487179488 4338.461538461539 4360.000000000001 4740.512820512821 4054.358974358975 3947.1794871794878 4373.333333333334 4578.974358974359 4214.871794871796 
4515.384615384616 4051.2820512820517 4391.794871794872 4507.6923076923085 4494.871794871796 4727.179487179488 4337.948717948719 4355.8974358974365 4736.923076923077 4054.358974358975 3950.7692307692314 4370.256410256411 4577.435897435898 4212.820512820514 
4514.358974358975 4049.23076923077 4400.512820512821 4509.2307692307695 4492.307692307693 4726.666666666667 4338.974358974359 4358.974358974359 4736.923076923077 4053.8461538461543 3952.820512820513 4373.333333333334 4576.410256410257 4214.358974358975 
4513.846153846154 4049.7435897435903 4398.974358974359 4505.641025641026 4490.256410256411 4729.2307692307695 4342.564102564103 4354.871794871796 4737.948717948719 4054.358974358975 3949.7435897435903 4370.256410256411 4579.48717948718 4212.820512820514 
4510.769230769231 4049.23076923077 4401.538461538462 4510.256410256411 4492.307692307693 4726.153846153847 4341.538461538462 4352.820512820514 4735.384615384616 4055.3846153846157 3947.692307692308 4371.794871794872 4577.948717948719 4214.358974358975 
4513.846153846154 4051.7948717948725 4402.051282051282 4511.282051282052 4494.871794871796 4725.128205128206 4339.48717948718 4353.846153846154 4736.410256410257 4054.358974358975 3952.307692307693 4371.282051282052 4578.461538461539 4216.410256410257 
4513.846153846154 4050.7692307692314 4403.589743589744 4509.2307692307695 4495.384615384616 4726.666666666667 4343.076923076924 4360.000000000001 4738.461538461539 4053.333333333334 3955.8974358974365 4373.333333333334 4578.461538461539 4216.410256410257 
4514.871794871796 4050.7692307692314 4402.051282051282 4509.743589743591 4495.384615384616 4727.6923076923085 4346.153846153847 4358.461538461539 4737.435897435898 4054.358974358975 3951.2820512820517 4373.846153846154 4578.461538461539 4215.384615384616 
4516.923076923077 4052.820512820513 4400.000000000001 4511.794871794872 4494.871794871796 4726.666666666667 4343.589743589744 4353.333333333334 4735.8974358974365 4054.8717948717954 3947.1794871794878 4374.358974358975 4580.000000000001 4219.48717948718 
4518.461538461539 4054.358974358975 4398.974358974359 4510.256410256411 4493.846153846154 4728.205128205129 4341.025641025642 4354.871794871796 4737.435897435898 4056.410256410257 3950.2564102564106 4375.384615384616 4580.000000000001 4225.128205128206 
4520.000000000001 4057.9487179487182 4396.923076923077 4509.2307692307695 4493.333333333334 4730.769230769231 4340.512820512821 4356.410256410257 4738.461538461539 4054.358974358975 3950.7692307692314 4372.307692307693 4582.564102564103 4226.153846153847 
4519.48717948718 4057.9487179487182 4400.000000000001 4512.820512820514 4494.358974358975 4727.179487179488 4336.923076923077 4361.025641025642 4737.435897435898 4051.2820512820517 3947.692307692308 4377.435897435898 4585.128205128206 4233.846153846154 
4521.538461538462 4058.461538461539 4392.307692307693 4510.769230769231 4496.410256410257 4727.6923076923085 4336.410256410257 4355.8974358974365 4735.384615384616 4053.8461538461543 3947.1794871794878 4373.846153846154 4585.641025641026 4233.846153846154 
4519.48717948718 4057.435897435898 4394.871794871796 4512.307692307693 4495.384615384616 4727.179487179488 4336.923076923077 4360.000000000001 4736.410256410257 4055.8974358974365 3948.717948717949 4375.8974358974365 4585.128205128206 4231.282051282052 
4521.538461538462 4062.0512820512827 4394.358974358975 4513.333333333334 4497.435897435898 4728.205128205129 4340.000000000001 4358.461538461539 4738.461538461539 4053.8461538461543 3946.666666666667 4370.256410256411 4588.205128205129 4229.74358974359 
4519.48717948718 4059.48717948718 4399.48717948718 4516.923076923077 4496.410256410257 4724.615384615386 4339.48717948718 4365.641025641026 4736.923076923077 4053.333333333334 3947.1794871794878 4378.461538461539 4585.641025641026 4233.333333333334 
4520.000000000001 4059.48717948718 4393.333333333334 4512.307692307693 4495.8974358974365 4729.743589743591 4342.564102564103 4363.589743589744 4735.8974358974365 4054.358974358975 3947.692307692308 4377.435897435898 4582.564102564103 4230.256410256411 
4516.923076923077 4057.435897435898 4400.000000000001 4511.794871794872 4494.871794871796 4729.2307692307695 4342.051282051282 4367.6923076923085 4738.974358974359 4052.307692307693 3948.205128205129 4381.025641025642 4580.000000000001 4233.333333333334 
4521.025641025642 4061.0256410256416 4397.948717948719 4511.794871794872 4496.923076923077 4730.769230769231 4341.025641025642 4360.000000000001 4738.461538461539 4052.820512820513 3947.1794871794878 4373.333333333334 4581.025641025642 4231.794871794872 
4519.48717948718 4060.0000000000005 4400.000000000001 4515.8974358974365 4496.410256410257 4731.282051282052 4340.512820512821 4361.025641025642 4736.410256410257 4055.3846153846157 3946.1538461538466 4375.384615384616 4579.48717948718 4230.769230769231 
4517.948717948719 4058.9743589743593 4395.8974358974365 4512.820512820514 4497.435897435898 4732.820512820514 4343.076923076924 4359.48717948718 4733.333333333334 4052.307692307693 3944.1025641025644 4370.256410256411 4580.000000000001 4228.717948717949 
4517.948717948719 4057.435897435898 4398.974358974359 4513.333333333334 4497.948717948719 4727.6923076923085 4343.076923076924 4361.025641025642 4735.8974358974365 4049.23076923077 3945.1282051282055 4371.282051282052 4579.48717948718 4228.205128205129 
4518.974358974359 4059.48717948718 4397.948717948719 4515.8974358974365 4496.923076923077 4728.717948717949 4342.564102564103 4358.974358974359 4740.512820512821 4052.307692307693 3946.666666666667 4371.282051282052 4581.538461538462 4225.641025641026 
4516.410256410257 4057.435897435898 4397.435897435898 4516.410256410257 4496.923076923077 4731.794871794872 4342.564102564103 4360.512820512821 4737.435897435898 4054.358974358975 3947.1794871794878 4372.307692307693 4580.000000000001 4228.205128205129 
4517.948717948719 4054.358974358975 4396.923076923077 4512.820512820514 4496.923076923077 4730.256410256411 4343.589743589744 4364.102564102564 4735.8974358974365 4050.2564102564106 3945.6410256410263 4370.256410256411 4576.410256410257 4228.205128205129 
4520.000000000001 4053.333333333334 4395.8974358974365 4511.794871794872 4494.871794871796 4728.205128205129 4342.051282051282 4361.025641025642 4738.461538461539 4049.7435897435903 3944.1025641025644 4367.6923076923085 4575.8974358974365 4223.589743589744 
4515.8974358974365 4053.333333333334 4399.48717948718 4515.8974358974365 4492.820512820514 4729.743589743591 4342.051282051282 4361.538461538462 4738.461538461539 4053.8461538461543 3945.6410256410263 4372.307692307693 4575.8974358974365 4223.589743589744 
4515.384615384616 4055.8974358974365 4397.435897435898 4514.358974358975 4494.871794871796 4731.794871794872 4347.179487179487 4360.000000000001 4734.871794871796 4053.8461538461543 3946.1538461538466 4369.2307692307695 4576.410256410257 4221.538461538462 
4516.410256410257 4055.3846153846157 4398.974358974359 4513.846153846154 4497.435897435898 4728.205128205129 4347.179487179487 4363.589743589744 4734.871794871796 4051.7948717948725 3946.1538461538466 4370.256410256411 4574.358974358975 4221.538461538462 
4518.974358974359 4056.9230769230776 4394.871794871796 4513.846153846154 4496.410256410257 4731.794871794872 4344.615384615385 4356.410256410257 4735.8974358974365 4053.8461538461543 3945.1282051282055 4366.666666666667 4573.846153846154 4218.461538461539 
4514.358974358975 4052.820512820513 4401.538461538462 4517.435897435898 4492.820512820514 4732.307692307693 4345.128205128206 4361.538461538462 4735.8974358974365 4054.358974358975 3946.666666666667 4376.410256410257 4575.8974358974365 4223.076923076924 
4515.8974358974365 4053.333333333334 4395.8974358974365 4510.256410256411 4496.410256410257 4733.846153846154 4347.6923076923085 4357.948717948719 4734.358974358975 4049.7435897435903 3945.1282051282055 4370.256410256411 4578.974358974359 4224.102564102564 
4515.8974358974365 4051.2820512820517 4401.025641025642 4510.256410256411 4498.461538461539 4727.179487179488 4341.538461538462 4358.974358974359 4734.358974358975 4047.692307692308 3946.666666666667 4372.307692307693 4575.8974358974365 4225.128205128206 
4518.974358974359 4054.358974358975 4399.48717948718 4514.871794871796 4496.923076923077 4728.205128205129 4342.564102564103 4355.8974358974365 4735.8974358974365 4053.8461538461543 3947.1794871794878 4370.256410256411 4576.923076923077 4222.051282051282 
4516.410256410257 4052.820512820513 4404.102564102564 4515.8974358974365 4494.358974358975 4730.256410256411 4343.589743589744 4362.051282051282 4734.871794871796 4055.3846153846157 3947.1794871794878 4375.384615384616 4579.48717948718 4225.128205128206 
4517.948717948719 4055.8974358974365 4397.948717948719 4509.2307692307695 4496.410256410257 4733.846153846154 4342.051282051282 4357.948717948719 4733.333333333334 4051.2820512820517 3946.666666666667 4369.743589743591 4578.974358974359 4223.589743589744 
4517.435897435898 4055.3846153846157 4400.512820512821 4513.846153846154 4497.948717948719 4729.2307692307695 4339.48717948718 4358.974358974359 4734.358974358975 4050.7692307692314 3949.2307692307695 4372.820512820514 4578.461538461539 4226.153846153847 
4518.974358974359 4055.8974358974365 4398.974358974359 4514.358974358975 4497.948717948719 4730.256410256411 4342.564102564103 4356.923076923077 4735.8974358974365 4051.2820512820517 3947.692307692308 4372.307692307693 4583.076923076924 4228.717948717949 
4516.410256410257 4057.435897435898 4402.051282051282 4512.307692307693 4494.871794871796 4730.256410256411 4341.538461538462 4357.948717948719 4737.435897435898 4050.2564102564106 3947.692307692308 4373.333333333334 4581.025641025642 4228.717948717949 
4516.923076923077 4058.461538461539 4400.000000000001 4513.846153846154 4493.846153846154 4729.743589743591 4340.512820512821 4358.974358974359 4736.410256410257 4052.820512820513 3951.2820512820517 4371.794871794872 4578.974358974359 4228.205128205129 
4518.974358974359 4055.8974358974365 4397.948717948719 4513.846153846154 4495.8974358974365 4727.6923076923085 4341.538461538462 4357.948717948719 4734.358974358975 4054.358974358975 3950.7692307692314 4373.333333333334 4581.025641025642 4228.717948717949 
4516.923076923077 4055.3846153846157 4400.512820512821 4509.743589743591 4497.948717948719 4728.205128205129 4339.48717948718 4357.435897435898 4736.410256410257 4051.7948717948725 3948.717948717949 4375.8974358974365 4582.051282051282 4228.717948717949 
4516.410256410257 4057.9487179487182 4401.538461538462 4511.794871794872 4496.923076923077 4730.256410256411 4340.512820512821 4358.461538461539 4737.948717948719 4051.7948717948725 3949.7435897435903 4371.794871794872 4580.000000000001 4228.205128205129 
4516.923076923077 4056.9230769230776 4401.538461538462 4516.923076923077 4493.846153846154 4728.717948717949 4342.051282051282 4362.564102564103 4734.358974358975 4055.3846153846157 3951.7948717948725 4371.282051282052 4580.000000000001 4230.256410256411 
4518.974358974359 4055.3846153846157 4397.948717948719 4512.307692307693 4494.358974358975 4727.6923076923085 4342.051282051282 4357.948717948719 4734.871794871796 4055.3846153846157 3949.7435897435903 4368.717948717949 4581.025641025642 4225.641025641026 
4514.358974358975 4052.820512820513 4403.076923076924 4509.743589743591 4495.8974358974365 4725.128205128206 4342.051282051282 4362.051282051282 4741.538461538462 4053.8461538461543 3950.2564102564106 4375.8974358974365 4578.974358974359 4227.6923076923085 
4515.8974358974365 4055.3846153846157 4400.000000000001 4509.743589743591 4496.410256410257 4730.256410256411 4345.641025641026 4357.948717948719 4737.948717948719 4053.8461538461543 3950.2564102564106 4370.256410256411 4580.000000000001 4228.205128205129 
4514.871794871796 4053.8461538461543 4403.589743589744 4515.8974358974365 4493.846153846154 4727.179487179488 4342.051282051282 4360.512820512821 4732.820512820514 4054.358974358975 3951.2820512820517 4373.333333333334 4581.025641025642 4230.769230769231 
4516.923076923077 4056.410256410257 4395.8974358974365 4513.333333333334 4494.871794871796 4728.205128205129 4340.512820512821 4355.384615384616 4735.8974358974365 4054.8717948717954 3951.2820512820517 4370.256410256411 4582.051282051282 4229.2307692307695 
4515.8974358974365 4055.3846153846157 4398.461538461539 4512.307692307693 4492.307692307693 4727.179487179488 4341.538461538462 4360.512820512821 4738.974358974359 4051.2820512820517 3950.7692307692314 4376.923076923077 4580.000000000001 4232.820512820514 
4518.461538461539 4057.435897435898 4396.410256410257 4510.256410256411 4492.820512820514 4728.717948717949 4341.538461538462 4357.948717948719 4736.410256410257 4049.7435897435903 3948.717948717949 4370.256410256411 4583.076923076924 4228.717948717949 
4515.384615384616 4055.3846153846157 4402.564102564103 4515.8974358974365 4495.384615384616 4724.615384615386 4337.948717948719 4362.564102564103 4736.410256410257 4052.307692307693 3950.7692307692314 4373.846153846154 4584.102564102564 4229.74358974359 
4518.974358974359 4057.9487179487182 4396.410256410257 4515.384615384616 4495.8974358974365 4727.6923076923085 4341.538461538462 4358.461538461539 4736.923076923077 4055.8974358974365 3950.7692307692314 4372.307692307693 4583.076923076924 4230.256410256411 
4520.512820512821 4053.333333333334 4396.923076923077 4513.333333333334 4493.333333333334 4728.717948717949 4341.025641025642 4359.48717948718 4734.871794871796 4053.333333333334 3948.205128205129 4374.871794871796 4578.974358974359 4232.307692307693 
4520.000000000001 4052.820512820513 4396.923076923077 4509.743589743591 4493.846153846154 4727.6923076923085 4338.461538461539 4360.512820512821 4733.846153846154 4050.2564102564106 3947.1794871794878 4371.794871794872 4580.512820512821 4231.282051282052 
4518.461538461539 4058.9743589743593 4400.000000000001 4512.307692307693 4492.820512820514 4726.666666666667 4337.948717948719 4362.051282051282 4735.384615384616 4051.2820512820517 3949.7435897435903 4373.846153846154 4582.051282051282 4232.820512820514 
4520.512820512821 4060.5128205128212 4400.512820512821 4512.820512820514 4493.846153846154 4730.769230769231 4340.512820512821 4360.000000000001 4735.8974358974365 4050.7692307692314 3950.7692307692314 4373.846153846154 4580.000000000001 4232.820512820514 
4519.48717948718 4055.8974358974365 4400.000000000001 4511.794871794872 4494.871794871796 4730.769230769231 4341.538461538462 4358.461538461539 4735.8974358974365 4049.23076923077 3951.7948717948725 4370.769230769231 4576.923076923077 4231.282051282052 
4516.410256410257 4055.3846153846157 4402.051282051282 4514.871794871796 4493.333333333334 4728.205128205129 4340.000000000001 4360.000000000001 4734.358974358975 4050.2564102564106 3951.7948717948725 4372.820512820514 4576.923076923077 4232.820512820514 
4517.948717948719 4056.410256410257 4400.000000000001 4514.358974358975 4494.871794871796 4729.743589743591 4340.512820512821 4356.410256410257 4734.358974358975 4052.307692307693 3946.666666666667 4372.307692307693 4579.48717948718 4231.794871794872 
4519.48717948718 4053.8461538461543 4403.076923076924 4512.820512820514 4496.923076923077 4729.2307692307695 4341.538461538462 4362.051282051282 4736.923076923077 4051.2820512820517 3945.6410256410263 4373.846153846154 4579.48717948718 4231.282051282052 
4521.025641025642 4057.9487179487182 4396.410256410257 4513.333333333334 4497.948717948719 4730.769230769231 4343.076923076924 4359.48717948718 4737.948717948719 4050.2564102564106 3949.7435897435903 4369.2307692307695 4579.48717948718 4229.2307692307695 
4517.948717948719 4056.9230769230776 4398.974358974359 4514.871794871796 4497.435897435898 4727.6923076923085 4341.538461538462 4360.000000000001 4735.384615384616 4051.2820512820517 3951.2820512820517 4374.871794871796 4580.512820512821 4233.846153846154 
4521.538461538462 4055.3846153846157 4398.461538461539 4512.307692307693 4498.974358974359 4728.717948717949 4342.051282051282 4356.410256410257 4734.871794871796 4051.2820512820517 3947.1794871794878 4370.769230769231 4581.025641025642 4231.794871794872 
4518.974358974359 4053.333333333334 4405.128205128206 4516.923076923077 4496.410256410257 4727.179487179488 4339.48717948718 4364.102564102564 4737.948717948719 4050.2564102564106 3947.692307692308 4375.8974358974365 4577.435897435898 4232.307692307693 
4516.923076923077 4057.435897435898 4397.948717948719 4514.358974358975 4497.435897435898 4730.769230769231 4340.512820512821 4358.461538461539 4735.384615384616 4050.7692307692314 3947.692307692308 4372.820512820514 4580.512820512821 4231.282051282052 
4514.871794871796 4055.3846153846157 4402.564102564103 4514.358974358975 4497.435897435898 4726.666666666667 4341.025641025642 4361.538461538462 4733.846153846154 4051.2820512820517 3948.205128205129 4375.8974358974365 4582.564102564103 4234.358974358975 
4517.948717948719 4055.3846153846157 4398.974358974359 4515.384615384616 4496.410256410257 4726.153846153847 4341.025641025642 4359.48717948718 4738.461538461539 4049.23076923077 3946.666666666667 4370.256410256411 4582.051282051282 4232.307692307693 
4515.8974358974365 4053.8461538461543 4399.48717948718 4518.974358974359 4495.8974358974365 4725.128205128206 4337.948717948719 4364.102564102564 4740.000000000001 4049.7435897435903 3946.666666666667 4375.8974358974365 4581.025641025642 4233.333333333334 
4520.000000000001 4058.9743589743593 4397.435897435898 4513.846153846154 4495.384615384616 4730.256410256411 4340.512820512821 4359.48717948718 4736.410256410257 4053.333333333334 3948.205128205129 4372.307692307693 4583.589743589744 4233.333333333334 
4518.461538461539 4058.461538461539 4403.076923076924 4512.307692307693 4493.846153846154 4729.743589743591 4342.051282051282 4358.461538461539 4735.384615384616 4052.820512820513 3950.2564102564106 4372.307692307693 4581.538461538462 4234.358974358975 
4516.923076923077 4056.410256410257 4401.025641025642 4513.846153846154 4496.410256410257 4726.666666666667 4340.000000000001 4360.000000000001 4733.846153846154 4052.307692307693 3948.717948717949 4370.769230769231 4581.538461538462 4232.307692307693 
4518.974358974359 4056.410256410257 4398.974358974359 4514.871794871796 4496.923076923077 4726.153846153847 4340.000000000001 4364.615384615385 4734.871794871796 4053.333333333334 3947.692307692308 4371.794871794872 4582.564102564103 4233.333333333334 
4521.025641025642 4055.8974358974365 4397.435897435898 4514.358974358975 4494.358974358975 4729.2307692307695 4341.538461538462 4363.076923076924 4737.435897435898 4052.307692307693 3948.205128205129 4371.794871794872 4579.48717948718 4235.8974358974365 
4515.8974358974365 4054.358974358975 4398.974358974359 4514.358974358975 4494.358974358975 4729.2307692307695 4341.025641025642 4357.435897435898 4736.410256410257 4050.7692307692314 3947.1794871794878 4370.256410256411 4578.461538461539 4234.871794871796 
4516.410256410257 4055.8974358974365 4403.076923076924 4515.8974358974365 4492.820512820514 4726.153846153847 4338.974358974359 4363.076923076924 4736.923076923077 4052.307692307693 3946.1538461538466 4373.333333333334 4580.000000000001 4234.871794871796 
4523.076923076924 4059.48717948718 4399.48717948718 4514.358974358975 4492.820512820514 4728.717948717949 4339.48717948718 4361.025641025642 4738.461538461539 4052.820512820513 3946.1538461538466 4370.256410256411 4578.461538461539 4233.333333333334 
4519.48717948718 4054.8717948717954 4402.564102564103 4516.410256410257 4496.923076923077 4729.2307692307695 4338.974358974359 4361.538461538462 4737.435897435898 4050.7692307692314 3950.2564102564106 4375.384615384616 4578.461538461539 4234.871794871796 
4519.48717948718 4054.8717948717954 4399.48717948718 4514.871794871796 4498.974358974359 4730.769230769231 4341.025641025642 4358.461538461539 4736.410256410257 4052.307692307693 3950.2564102564106 4369.743589743591 4583.589743589744 4234.358974358975 
4518.974358974359 4053.333333333334 4402.564102564103 4514.871794871796 4494.358974358975 4728.717948717949 4339.48717948718 4365.128205128206 4736.410256410257 4054.8717948717954 3949.7435897435903 4372.820512820514 4579.48717948718 4236.410256410257 
4518.461538461539 4056.9230769230776 4396.923076923077 4514.358974358975 4495.8974358974365 4730.256410256411 4340.000000000001 4360.000000000001 4734.871794871796 4054.358974358975 3947.692307692308 4370.769230769231 4578.461538461539 4232.307692307693 
4515.8974358974365 4056.410256410257 4403.589743589744 4514.871794871796 4498.461538461539 4728.717948717949 4338.974358974359 4363.589743589744 4735.384615384616 4051.2820512820517 3949.7435897435903 4376.923076923077 4580.000000000001 4236.410256410257 
4521.538461538462 4057.9487179487182 4401.025641025642 4508.205128205129 4498.461538461539 4733.333333333334 4340.000000000001 4360.000000000001 4736.923076923077 4050.2564102564106 3948.717948717949 4368.205128205129 4582.051282051282 4236.410256410257 
4518.461538461539 4055.3846153846157 4404.102564102564 4511.794871794872 4494.871794871796 4729.743589743591 4338.974358974359 4363.076923076924 4736.410256410257 4050.7692307692314 3948.205128205129 4371.794871794872 4580.512820512821 4234.871794871796 
4517.435897435898 4056.410256410257 4398.461538461539 4511.794871794872 4494.358974358975 4729.2307692307695 4342.564102564103 4360.512820512821 4735.384615384616 4053.8461538461543 3948.717948717949 4371.282051282052 4582.564102564103 4233.333333333334 
4515.8974358974365 4054.8717948717954 4403.589743589744 4511.794871794872 4493.333333333334 4729.743589743591 4342.564102564103 4363.076923076924 4735.8974358974365 4053.333333333334 3951.7948717948725 4373.333333333334 4581.025641025642 4237.948717948719 
4518.461538461539 4056.410256410257 4401.538461538462 4512.820512820514 4495.8974358974365 4731.794871794872 4339.48717948718 4359.48717948718 4735.8974358974365 4050.2564102564106 3949.7435897435903 4369.2307692307695 4581.025641025642 4235.8974358974365 
4520.000000000001 4057.435897435898 4401.025641025642 4515.8974358974365 4497.435897435898 4726.153846153847 4337.948717948719 4359.48717948718 4733.846153846154 4049.23076923077 3947.1794871794878 4373.846153846154 4581.538461538462 4235.8974358974365 
4518.974358974359 4057.9487179487182 4400.000000000001 4515.384615384616 4494.871794871796 4725.128205128206 4339.48717948718 4358.461538461539 4734.871794871796 4050.7692307692314 3948.717948717949 4372.820512820514 4581.025641025642 4234.871794871796 
4515.384615384616 4056.410256410257 4401.025641025642 4514.358974358975 4493.846153846154 4728.205128205129 4340.000000000001 4361.538461538462 4737.435897435898 4051.2820512820517 3950.7692307692314 4368.717948717949 4584.102564102564 4233.846153846154 
4517.948717948719 4057.435897435898 4400.000000000001 4512.307692307693 4496.923076923077 4727.6923076923085 4338.974358974359 4364.102564102564 4736.410256410257 4051.2820512820517 3950.2564102564106 4370.256410256411 4584.615384615385 4236.410256410257 
4521.538461538462 4057.9487179487182 4398.461538461539 4510.256410256411 4496.410256410257 4727.6923076923085 4338.974358974359 4357.948717948719 4736.410256410257 4051.2820512820517 3948.717948717949 4371.794871794872 4580.512820512821 4236.410256410257 
4516.410256410257 4053.8461538461543 4401.538461538462 4512.820512820514 4492.820512820514 4726.666666666667 4338.461538461539 4362.564102564103 4739.48717948718 4050.2564102564106 3950.2564102564106 4375.384615384616 4579.48717948718 4235.384615384616 
4515.8974358974365 4055.3846153846157 4396.923076923077 4512.820512820514 4495.8974358974365 4727.6923076923085 4340.512820512821 4362.051282051282 4738.974358974359 4053.333333333334 3949.7435897435903 4370.256410256411 4585.641025641026 4235.8974358974365 
4516.923076923077 4055.3846153846157 4401.538461538462 4513.846153846154 4496.923076923077 4726.153846153847 4340.000000000001 4364.615384615385 4736.923076923077 4054.8717948717954 3948.717948717949 4373.333333333334 4584.615384615385 4237.948717948719 
4518.974358974359 4054.8717948717954 4398.974358974359 4512.820512820514 4495.384615384616 4729.2307692307695 4341.025641025642 4359.48717948718 4735.8974358974365 4051.7948717948725 3949.2307692307695 4368.717948717949 4579.48717948718 4233.333333333334 
4514.871794871796 4053.333333333334 4402.564102564103 4516.410256410257 4493.333333333334 4725.641025641026 4341.025641025642 4362.564102564103 4734.358974358975 4051.7948717948725 3951.2820512820517 4374.871794871796 4578.974358974359 4236.410256410257 
4517.948717948719 4058.461538461539 4398.461538461539 4513.333333333334 4495.384615384616 4727.179487179488 4342.564102564103 4358.461538461539 4733.333333333334 4053.333333333334 3948.717948717949 4370.256410256411 4583.076923076924 4236.923076923077 
4517.948717948719 4053.8461538461543 4404.102564102564 4513.333333333334 4494.358974358975 4725.641025641026 4340.512820512821 4364.615384615385 4737.435897435898 4051.7948717948725 3948.205128205129 4372.820512820514 4580.512820512821 4240.000000000001 
4520.512820512821 4053.8461538461543 4398.461538461539 4512.820512820514 4493.333333333334 4727.6923076923085 4340.512820512821 4356.923076923077 4738.461538461539 4050.7692307692314 3949.2307692307695 4368.717948717949 4578.461538461539 4236.923076923077 
4515.384615384616 4055.3846153846157 4403.076923076924 4516.923076923077 4492.820512820514 4724.615384615386 4340.000000000001 4358.974358974359 4734.871794871796 4049.7435897435903 3949.2307692307695 4375.8974358974365 4580.000000000001 4235.8974358974365 
4516.410256410257 4057.9487179487182 4400.512820512821 4512.820512820514 4495.384615384616 4728.717948717949 4341.025641025642 4362.051282051282 4735.8974358974365 4049.23076923077 3948.205128205129 4371.794871794872 4582.564102564103 4234.358974358975 
4517.435897435898 4055.8974358974365 4402.564102564103 4511.794871794872 4494.358974358975 4729.743589743591 4337.948717948719 4364.102564102564 4736.923076923077 4050.7692307692314 3950.7692307692314 4373.846153846154 4581.025641025642 4238.461538461539 
4520.000000000001 4056.410256410257 4400.000000000001 4514.871794871796 4494.358974358975 4729.743589743591 4336.923076923077 4357.948717948719 4732.820512820514 4051.2820512820517 3951.7948717948725 4374.358974358975 4582.564102564103 4237.948717948719 
4517.435897435898 4055.3846153846157 4402.051282051282 4516.923076923077 4494.358974358975 4728.205128205129 4337.435897435898 4359.48717948718 4732.820512820514 4050.2564102564106 3950.2564102564106 4376.410256410257 4582.051282051282 4235.8974358974365 
4515.8974358974365 4055.8974358974365 4401.538461538462 4513.333333333334 4493.333333333334 4729.743589743591 4339.48717948718 4362.051282051282 4735.8974358974365 4052.307692307693 3950.2564102564106 4372.307692307693 4580.512820512821 4238.461538461539 
4517.435897435898 4057.9487179487182 4404.102564102564 4513.846153846154 4493.846153846154 4731.282051282052 4339.48717948718 4360.000000000001 4737.435897435898 4052.820512820513 3952.820512820513 4370.769230769231 4580.000000000001 4240.512820512821 
4517.948717948719 4057.435897435898 4407.6923076923085 4517.948717948719 4495.384615384616 4727.179487179488 4337.948717948719 4361.025641025642 4737.948717948719 4051.2820512820517 3951.7948717948725 4376.410256410257 4580.512820512821 4240.512820512821 
