4624.102564102564 4143.076923076924 4497.948717948719 4637.948717948719 4602.564102564103 4802.051282051282 4356.410256410257 4448.717948717949 4827.6923076923085 4077.9487179487187 3994.358974358975 4341.025641025642 4680.512820512821 4491.282051282052 
4624.615384615385 4144.102564102564 4498.974358974359 4637.948717948719 4595.384615384616 4807.6923076923085 4356.923076923077 4446.153846153847 4825.128205128206 4077.9487179487187 3992.820512820513 4344.102564102564 4687.179487179488 4490.256410256411 
4622.564102564103 4142.051282051282 4498.974358974359 4638.461538461539 4588.717948717949 4808.717948717949 4352.307692307693 4432.307692307693 4812.307692307693 4065.1282051282055 3990.2564102564106 4340.000000000001 4680.512820512821 4486.666666666667 
4625.641025641026 4149.2307692307695 4502.051282051282 4641.538461538462 4596.410256410257 4808.717948717949 4347.6923076923085 4428.717948717949 4810.769230769231 4065.1282051282055 3988.717948717949 4339.48717948718 4674.871794871796 4488.205128205129 
4630.256410256411 4156.410256410257 4505.641025641026 4645.128205128206 4607.6923076923085 4809.2307692307695 4348.717948717949 4435.8974358974365 4819.48717948718 4077.9487179487187 3991.7948717948725 4346.153846153847 4681.538461538462 4494.871794871796 
4625.128205128206 4150.769230769231 4503.076923076924 4640.000000000001 4611.794871794872 4802.564102564103 4350.256410256411 4435.384615384616 4816.410256410257 4077.9487179487187 3994.8717948717954 4346.153846153847 4684.102564102564 4493.846153846154 
4612.307692307693 4133.333333333334 4490.256410256411 4627.6923076923085 4598.461538461539 4795.384615384616 4343.076923076924 4423.076923076924 4802.564102564103 4060.0000000000005 3987.692307692308 4333.846153846154 4673.333333333334 4481.025641025642 
4611.794871794872 4130.256410256411 4484.102564102564 4629.2307692307695 4585.641025641026 4799.48717948718 4339.48717948718 4416.410256410257 4797.435897435898 4052.820512820513 3980.5128205128212 4327.6923076923085 4668.717948717949 4476.923076923077 
4624.615384615385 4147.179487179487 4498.461538461539 4644.102564102564 4594.871794871796 4809.2307692307695 4352.307692307693 4427.6923076923085 4808.205128205129 4070.2564102564106 3987.1794871794878 4338.461538461539 4681.025641025642 4486.666666666667 
4629.743589743591 4151.794871794872 4508.717948717949 4646.666666666667 4606.666666666667 4810.769230769231 4360.512820512821 4434.871794871796 4818.974358974359 4085.1282051282055 3995.8974358974365 4347.179487179487 4690.256410256411 4493.333333333334 
4624.615384615385 4140.000000000001 4502.051282051282 4638.974358974359 4604.615384615385 4808.717948717949 4355.384615384616 4434.358974358975 4822.051282051282 4079.48717948718 3998.9743589743593 4346.666666666667 4686.153846153847 4493.333333333334 
4630.256410256411 4142.051282051282 4503.076923076924 4642.051282051282 4602.564102564103 4813.333333333334 4358.461538461539 4445.128205128206 4828.205128205129 4077.435897435898 4004.1025641025644 4350.256410256411 4684.615384615386 4495.8974358974365 
4637.435897435898 4152.820512820514 4510.256410256411 4645.641025641026 4602.564102564103 4817.435897435898 4364.615384615385 4452.307692307693 4831.282051282052 4080.5128205128212 4003.076923076924 4353.333333333334 4686.153846153847 4497.948717948719 
4631.794871794872 4152.307692307693 4509.2307692307695 4642.564102564103 4605.128205128206 4816.923076923077 4366.153846153847 4447.6923076923085 4828.205128205129 4081.0256410256416 3997.9487179487182 4350.769230769231 4689.2307692307695 4497.435897435898 
4624.102564102564 4146.666666666667 4505.641025641026 4638.974358974359 4608.717948717949 4816.410256410257 4366.666666666667 4443.076923076924 4823.076923076924 4083.589743589744 3998.9743589743593 4349.2307692307695 4690.769230769231 4496.923076923077 
4622.564102564103 4142.051282051282 4501.538461538462 4637.948717948719 4602.051282051282 4817.435897435898 4362.051282051282 4437.435897435898 4815.384615384616 4080.0000000000005 3995.8974358974365 4346.153846153847 4684.102564102564 4488.717948717949 
4619.48717948718 4139.48717948718 4496.923076923077 4637.435897435898 4598.461538461539 4811.282051282052 4351.794871794872 4428.205128205129 4808.205128205129 4065.6410256410263 3986.666666666667 4338.461538461539 4676.923076923077 4481.538461538462 
4617.948717948719 4140.512820512821 4497.435897435898 4636.923076923077 4603.589743589744 4802.051282051282 4348.205128205129 4426.153846153847 4808.717948717949 4061.538461538462 3985.6410256410263 4333.846153846154 4674.358974358975 4484.615384615385 
4618.974358974359 4137.435897435898 4498.461538461539 4632.307692307693 4598.461538461539 4801.025641025642 4351.282051282052 4429.743589743591 4810.256410256411 4069.7435897435903 3987.692307692308 4337.435897435898 4672.307692307693 4487.179487179488 
4618.974358974359 4135.8974358974365 4493.846153846154 4630.256410256411 4586.666666666667 4803.589743589744 4350.256410256411 4431.282051282052 4807.6923076923085 4070.7692307692314 3987.692307692308 4342.051282051282 4672.820512820514 4485.641025641026 
4616.923076923077 4137.948717948719 4491.794871794872 4629.743589743591 4584.102564102564 4800.000000000001 4346.153846153847 4430.769230769231 4808.717948717949 4066.1538461538466 3987.692307692308 4338.974358974359 4673.846153846154 4486.153846153847 
4610.769230769231 4133.333333333334 4489.2307692307695 4622.051282051282 4585.128205128206 4791.282051282052 4342.564102564103 4425.128205128206 4804.615384615386 4055.8974358974365 3978.461538461539 4329.743589743591 4664.615384615386 4481.538461538462 
4603.589743589744 4124.102564102564 4480.512820512821 4616.923076923077 4582.564102564103 4785.641025641026 4336.410256410257 4415.8974358974365 4793.333333333334 4051.2820512820517 3967.1794871794878 4323.076923076924 4655.384615384616 4472.307692307693 
4596.410256410257 4114.871794871796 4471.794871794872 4615.8974358974365 4576.410256410257 4780.512820512821 4326.666666666667 4410.256410256411 4790.256410256411 4051.7948717948725 3967.692307692308 4315.8974358974365 4655.8974358974365 4465.128205128206 
4591.282051282052 4111.794871794872 4469.2307692307695 4615.384615384616 4570.769230769231 4780.512820512821 4326.153846153847 4407.179487179487 4792.307692307693 4047.692307692308 3970.2564102564106 4311.794871794872 4656.410256410257 4461.538461538462 
4588.717948717949 4110.769230769231 4468.205128205129 4614.358974358975 4563.589743589744 4778.461538461539 4327.6923076923085 4405.641025641026 4784.615384615386 4044.615384615385 3961.0256410256416 4307.6923076923085 4649.743589743591 4456.923076923077 
4585.128205128206 4104.102564102564 4463.589743589744 4612.307692307693 4557.948717948719 4769.743589743591 4320.512820512821 4401.025641025642 4773.333333333334 4046.1538461538466 3952.307692307693 4301.025641025642 4642.051282051282 4451.794871794872 
4581.538461538462 4096.410256410257 4458.461538461539 4606.666666666667 4560.512820512821 4764.615384615386 4314.358974358975 4392.307692307693 4769.2307692307695 4044.1025641025644 3953.8461538461543 4297.948717948719 4640.512820512821 4448.717948717949 
4583.589743589744 4099.48717948718 4459.48717948718 4604.102564102564 4564.102564102564 4767.179487179488 4317.435897435898 4389.743589743591 4770.769230769231 4038.9743589743593 3956.410256410257 4302.051282051282 4643.076923076924 4447.6923076923085 
4586.153846153847 4102.564102564103 4462.564102564103 4604.615384615385 4561.538461538462 4768.205128205129 4320.000000000001 4391.794871794872 4770.769230769231 4034.8717948717954 3954.358974358975 4302.564102564103 4642.051282051282 4449.743589743591 
4584.615384615385 4100.000000000001 4462.564102564103 4604.615384615385 4561.538461538462 4767.6923076923085 4317.948717948719 4391.794871794872 4769.2307692307695 4031.2820512820517 3953.333333333334 4298.461538461539 4641.025641025642 4450.769230769231 
4588.717948717949 4104.615384615385 4466.666666666667 4609.2307692307695 4567.179487179488 4770.256410256411 4318.974358974359 4397.435897435898 4774.871794871796 4037.9487179487182 3958.461538461539 4304.102564102564 4646.153846153847 4452.820512820514 
4593.333333333334 4110.769230769231 4472.307692307693 4610.256410256411 4564.615384615385 4771.794871794872 4322.564102564103 4406.153846153847 4783.076923076924 4050.7692307692314 3963.589743589744 4311.282051282052 4654.358974358975 4454.871794871796 
4589.2307692307695 4104.615384615385 4468.205128205129 4605.128205128206 4554.358974358975 4767.6923076923085 4319.48717948718 4407.6923076923085 4782.564102564103 4047.1794871794878 3961.0256410256416 4306.666666666667 4654.358974358975 4451.794871794872 
4584.615384615385 4098.461538461539 4460.512820512821 4603.589743589744 4547.6923076923085 4765.128205128206 4313.333333333334 4405.641025641026 4778.974358974359 4038.9743589743593 3955.3846153846157 4298.974358974359 4647.6923076923085 4446.153846153847 
4581.025641025642 4097.948717948719 4456.923076923077 4602.564102564103 4550.769230769231 4764.615384615386 4310.769230769231 4398.461538461539 4773.846153846154 4035.8974358974365 3950.2564102564106 4296.410256410257 4641.538461538462 4444.102564102564 
4572.820512820514 4088.205128205129 4451.794871794872 4596.923076923077 4556.410256410257 4758.974358974359 4307.179487179487 4385.128205128206 4761.538461538462 4026.666666666667 3942.0512820512827 4289.74358974359 4635.8974358974365 4436.923076923077 
4566.666666666667 4080.0000000000005 4446.153846153847 4592.820512820514 4554.871794871796 4755.8974358974365 4304.615384615385 4378.974358974359 4754.358974358975 4016.9230769230776 3939.48717948718 4284.102564102564 4631.282051282052 4429.2307692307695 
4568.205128205129 4086.1538461538466 4447.6923076923085 4594.871794871796 4552.307692307693 4765.641025641026 4311.282051282052 4380.512820512821 4760.512820512821 4023.589743589744 3943.076923076924 4287.179487179487 4634.358974358975 4431.794871794872 
4573.333333333334 4093.333333333334 4452.820512820514 4600.000000000001 4553.333333333334 4771.794871794872 4316.923076923077 4383.076923076924 4766.153846153847 4033.333333333334 3946.1538461538466 4293.333333333334 4643.076923076924 4438.974358974359 
4574.358974358975 4090.2564102564106 4454.871794871796 4599.48717948718 4553.846153846154 4764.102564102564 4308.205128205129 4387.6923076923085 4766.153846153847 4029.7435897435903 3947.692307692308 4293.846153846154 4642.051282051282 4438.974358974359 
4575.384615384616 4087.692307692308 4455.384615384616 4595.384615384616 4553.846153846154 4760.000000000001 4301.025641025642 4393.846153846154 4771.282051282052 4030.7692307692314 3948.717948717949 4293.333333333334 4634.358974358975 4437.948717948719 
4580.000000000001 4087.692307692308 4456.923076923077 4596.923076923077 4550.769230769231 4763.076923076924 4303.589743589744 4397.948717948719 4774.871794871796 4039.48717948718 3945.6410256410263 4297.435897435898 4633.333333333334 4438.974358974359 
4580.000000000001 4089.23076923077 4459.48717948718 4603.076923076924 4549.743589743591 4763.589743589744 4308.205128205129 4400.512820512821 4771.282051282052 4038.9743589743593 3945.1282051282055 4299.48717948718 4638.461538461539 4440.512820512821 
4572.307692307693 4089.7435897435903 4453.333333333334 4602.051282051282 4550.769230769231 4762.051282051282 4310.769230769231 4398.461538461539 4767.6923076923085 4033.333333333334 3944.1025641025644 4290.256410256411 4636.410256410257 4436.923076923077 
4568.717948717949 4088.717948717949 4445.128205128206 4596.923076923077 4550.769230769231 4763.076923076924 4311.794871794872 4392.820512820514 4767.6923076923085 4034.358974358975 3940.5128205128212 4280.000000000001 4628.717948717949 4433.333333333334 
4568.717948717949 4089.7435897435903 4443.589743589744 4596.923076923077 4551.794871794872 4766.153846153847 4312.307692307693 4390.769230769231 4768.205128205129 4038.9743589743593 3943.589743589744 4283.589743589744 4629.743589743591 4435.8974358974365 
4569.743589743591 4093.333333333334 4448.717948717949 4599.48717948718 4556.923076923077 4768.205128205129 4311.794871794872 4390.769230769231 4768.717948717949 4039.48717948718 3945.6410256410263 4289.74358974359 4637.948717948719 4440.000000000001 
4578.974358974359 4100.000000000001 4453.333333333334 4600.512820512821 4558.461538461539 4772.307692307693 4313.846153846154 4387.6923076923085 4773.333333333334 4038.9743589743593 3945.6410256410263 4290.256410256411 4640.512820512821 4446.153846153847 
4589.2307692307695 4106.666666666667 4460.000000000001 4606.666666666667 4558.461538461539 4779.48717948718 4317.435897435898 4389.743589743591 4780.000000000001 4038.9743589743593 3954.358974358975 4294.871794871796 4639.48717948718 4452.820512820514 
4591.282051282052 4110.769230769231 4470.256410256411 4615.8974358974365 4569.743589743591 4781.538461538462 4317.435897435898 4402.051282051282 4784.615384615386 4045.1282051282055 3960.5128205128212 4304.615384615385 4645.641025641026 4454.358974358975 
4593.333333333334 4113.846153846154 4476.410256410257 4618.974358974359 4577.948717948719 4778.461538461539 4317.948717948719 4413.333333333334 4786.153846153847 4048.717948717949 3962.0512820512827 4313.333333333334 4652.307692307693 4453.333333333334 
4600.000000000001 4114.871794871796 4477.948717948719 4617.948717948719 4574.358974358975 4779.48717948718 4322.051282051282 4417.435897435898 4788.205128205129 4047.692307692308 3967.1794871794878 4319.48717948718 4653.846153846154 4458.974358974359 
4600.512820512821 4111.282051282052 4478.461538461539 4617.435897435898 4569.2307692307695 4782.051282051282 4325.128205128206 4415.384615384616 4787.6923076923085 4050.2564102564106 3966.666666666667 4316.410256410257 4652.820512820514 4463.589743589744 
4593.846153846154 4108.717948717949 4475.8974358974365 4614.871794871796 4563.589743589744 4782.051282051282 4326.666666666667 4409.2307692307695 4777.948717948719 4045.1282051282055 3956.410256410257 4307.179487179487 4647.6923076923085 4456.923076923077 
4588.717948717949 4111.794871794872 4468.205128205129 4612.307692307693 4563.589743589744 4780.000000000001 4325.641025641026 4399.48717948718 4767.6923076923085 4026.666666666667 3951.7948717948725 4302.051282051282 4637.435897435898 4449.2307692307695 
4592.820512820514 4114.871794871796 4467.6923076923085 4615.8974358974365 4571.282051282052 4778.974358974359 4320.512820512821 4392.307692307693 4763.076923076924 4022.564102564103 3951.7948717948725 4303.589743589744 4633.333333333334 4448.205128205129 
4597.435897435898 4111.282051282052 4473.333333333334 4615.384615384616 4574.358974358975 4779.48717948718 4318.974358974359 4392.820512820514 4766.666666666667 4034.358974358975 3951.2820512820517 4305.128205128206 4635.8974358974365 4452.307692307693 
4594.871794871796 4104.615384615385 4472.820512820514 4608.205128205129 4570.256410256411 4781.538461538462 4323.076923076924 4402.564102564103 4777.435897435898 4038.9743589743593 3955.8974358974365 4307.6923076923085 4638.461538461539 4455.384615384616 
4585.641025641026 4095.3846153846157 4463.076923076924 4598.974358974359 4559.48717948718 4777.948717948719 4319.48717948718 4406.153846153847 4777.948717948719 4030.7692307692314 3954.358974358975 4303.589743589744 4637.948717948719 4448.717948717949 
4576.410256410257 4088.205128205129 4451.282051282052 4594.871794871796 4550.769230769231 4771.282051282052 4312.820512820514 4396.923076923077 4765.641025641026 4024.1025641025644 3946.1538461538466 4292.820512820514 4635.384615384616 4441.538461538462 
4572.307692307693 4084.615384615385 4448.205128205129 4593.333333333334 4553.846153846154 4766.666666666667 4310.769230769231 4391.794871794872 4757.948717948719 4019.48717948718 3943.589743589744 4289.74358974359 4627.179487179488 4442.564102564103 
4565.641025641026 4079.48717948718 4447.6923076923085 4588.717948717949 4552.307692307693 4758.974358974359 4305.641025641026 4390.256410256411 4751.794871794872 4013.8461538461543 3937.435897435898 4290.256410256411 4617.435897435898 4440.512820512821 
4561.025641025642 4073.333333333334 4443.589743589744 4584.102564102564 4535.8974358974365 4753.333333333334 4299.48717948718 4378.974358974359 4741.025641025642 4007.1794871794878 3931.2820512820517 4285.128205128206 4613.333333333334 4435.384615384616 
4564.102564102564 4073.8461538461543 4444.102564102564 4586.666666666667 4530.256410256411 4755.8974358974365 4301.025641025642 4373.333333333334 4740.512820512821 4003.589743589744 3937.9487179487182 4286.666666666667 4617.435897435898 4440.000000000001 
4567.6923076923085 4077.435897435898 4447.179487179487 4588.205128205129 4536.410256410257 4760.000000000001 4303.076923076924 4382.564102564103 4749.2307692307695 4007.692307692308 3941.538461538462 4287.6923076923085 4622.564102564103 4445.641025641026 
4566.666666666667 4078.9743589743593 4442.564102564103 4586.153846153847 4538.461538461539 4758.461538461539 4298.461538461539 4384.615384615385 4753.846153846154 4015.3846153846157 3935.8974358974365 4282.564102564103 4621.538461538462 4440.000000000001 
4566.153846153847 4077.435897435898 4437.948717948719 4585.128205128206 4542.564102564103 4752.820512820514 4290.769230769231 4375.384615384616 4755.384615384616 4018.9743589743593 3936.410256410257 4280.512820512821 4619.48717948718 4435.8974358974365 
4565.641025641026 4072.820512820513 4438.974358974359 4582.564102564103 4545.128205128206 4752.307692307693 4290.256410256411 4375.384615384616 4756.923076923077 4023.076923076924 3938.9743589743593 4284.615384615385 4620.512820512821 4437.948717948719 
4567.179487179488 4075.3846153846157 4444.615384615385 4584.102564102564 4545.128205128206 4762.051282051282 4304.102564102564 4389.743589743591 4764.615384615386 4030.2564102564106 3942.0512820512827 4290.256410256411 4625.128205128206 4444.102564102564 
4572.820512820514 4079.48717948718 4454.358974358975 4592.307692307693 4549.2307692307695 4770.769230769231 4316.410256410257 4401.025641025642 4772.307692307693 4030.7692307692314 3949.2307692307695 4294.358974358975 4628.717948717949 4449.2307692307695 
4575.8974358974365 4074.358974358975 4458.974358974359 4593.333333333334 4557.435897435898 4770.256410256411 4316.410256410257 4404.615384615385 4769.743589743591 4025.6410256410263 3951.2820512820517 4297.435897435898 4628.717948717949 4450.769230769231 
4572.307692307693 4072.307692307693 4454.871794871796 4587.6923076923085 4554.871794871796 4764.615384615386 4309.2307692307695 4401.538461538462 4765.128205128206 4021.538461538462 3950.2564102564106 4300.000000000001 4629.743589743591 4453.846153846154 
4573.846153846154 4078.461538461539 4457.435897435898 4591.794871794872 4542.564102564103 4766.666666666667 4305.641025641026 4398.974358974359 4773.846153846154 4028.717948717949 3957.9487179487182 4305.128205128206 4637.435897435898 4461.025641025642 
4582.051282051282 4080.0000000000005 4468.205128205129 4600.512820512821 4543.076923076924 4770.256410256411 4309.2307692307695 4404.102564102564 4783.589743589744 4042.0512820512827 3959.48717948718 4307.179487179487 4641.025641025642 4460.000000000001 
4581.025641025642 4075.8974358974365 4470.769230769231 4599.48717948718 4556.923076923077 4768.205128205129 4312.820512820514 4404.615384615385 4780.512820512821 4038.461538461539 3948.717948717949 4303.076923076924 4632.307692307693 4448.717948717949 
4570.769230769231 4075.8974358974365 4459.48717948718 4591.794871794872 4558.461538461539 4767.6923076923085 4311.282051282052 4395.8974358974365 4772.307692307693 4022.0512820512827 3941.0256410256416 4294.871794871796 4623.076923076924 4440.512820512821 
4562.051282051282 4074.8717948717954 4448.205128205129 4585.641025641026 4548.717948717949 4773.333333333334 4311.282051282052 4397.435897435898 4770.769230769231 4017.435897435898 3941.0256410256416 4287.6923076923085 4621.538461538462 4437.435897435898 
4556.410256410257 4069.7435897435903 4442.051282051282 4583.076923076924 4546.153846153847 4771.282051282052 4312.307692307693 4400.512820512821 4771.794871794872 4020.0000000000005 3938.9743589743593 4284.615384615385 4617.948717948719 4432.820512820514 
4558.461538461539 4069.23076923077 4447.6923076923085 4586.153846153847 4551.794871794872 4766.666666666667 4310.256410256411 4392.307692307693 4767.179487179488 4012.820512820513 3938.461538461539 4286.666666666667 4615.8974358974365 4434.358974358975 
4569.2307692307695 4075.8974358974365 4461.538461538462 4593.846153846154 4557.948717948719 4773.846153846154 4314.871794871796 4393.333333333334 4767.179487179488 4014.358974358975 3944.1025641025644 4295.384615384616 4625.128205128206 4444.102564102564 
4576.410256410257 4082.0512820512827 4468.717948717949 4600.512820512821 4557.435897435898 4781.025641025642 4319.48717948718 4399.48717948718 4772.307692307693 4029.7435897435903 3954.8717948717954 4302.564102564103 4635.384615384616 4449.2307692307695 
4574.871794871796 4082.0512820512827 4462.564102564103 4600.512820512821 4554.871794871796 4776.923076923077 4313.846153846154 4387.6923076923085 4770.769230769231 4036.410256410257 3956.410256410257 4299.48717948718 4633.846153846154 4446.153846153847 
4573.846153846154 4079.48717948718 4453.846153846154 4594.358974358975 4564.102564102564 4772.307692307693 4310.256410256411 4378.461538461539 4766.153846153847 4026.1538461538466 3945.6410256410263 4292.307692307693 4628.205128205129 4444.615384615385 
4576.410256410257 4083.076923076924 4454.358974358975 4594.358974358975 4568.205128205129 4776.410256410257 4315.384615384616 4395.8974358974365 4773.846153846154 4025.6410256410263 3944.615384615385 4296.923076923077 4632.820512820514 4448.205128205129 
4576.410256410257 4083.589743589744 4458.974358974359 4597.435897435898 4556.923076923077 4779.48717948718 4317.948717948719 4411.794871794872 4783.589743589744 4040.5128205128212 3955.3846153846157 4305.128205128206 4637.435897435898 4447.179487179487 
4570.256410256411 4074.358974358975 4458.974358974359 4591.794871794872 4548.717948717949 4776.410256410257 4318.461538461539 4406.153846153847 4780.000000000001 4037.9487179487182 3952.820512820513 4300.512820512821 4631.794871794872 4440.512820512821 
4567.6923076923085 4069.7435897435903 4456.410256410257 4589.2307692307695 4555.8974358974365 4778.461538461539 4323.589743589744 4403.076923076924 4776.410256410257 4023.076923076924 3944.1025641025644 4293.846153846154 4627.179487179488 4439.48717948718 
4575.384615384616 4083.076923076924 4460.512820512821 4598.461538461539 4567.179487179488 4785.128205128206 4329.743589743591 4412.820512820514 4785.128205128206 4030.7692307692314 3950.2564102564106 4300.000000000001 4629.743589743591 4447.179487179487 
4582.564102564103 4095.3846153846157 4466.666666666667 4602.564102564103 4565.128205128206 4785.128205128206 4330.769230769231 4411.282051282052 4785.641025641026 4039.48717948718 3957.9487179487182 4306.153846153847 4631.794871794872 4451.282051282052 
4585.641025641026 4094.358974358975 4468.717948717949 4601.538461538462 4556.923076923077 4782.051282051282 4329.743589743591 4401.538461538462 4775.384615384616 4031.2820512820517 3955.3846153846157 4305.128205128206 4633.846153846154 4451.794871794872 
4584.615384615385 4093.333333333334 4467.179487179487 4603.076923076924 4558.974358974359 4780.512820512821 4326.153846153847 4404.102564102564 4772.820512820514 4027.1794871794878 3952.307692307693 4302.564102564103 4634.358974358975 4449.743589743591 
4580.000000000001 4093.333333333334 4463.076923076924 4597.948717948719 4561.538461538462 4774.871794871796 4322.051282051282 4411.794871794872 4775.8974358974365 4032.820512820513 3951.2820512820517 4299.48717948718 4628.205128205129 4444.102564102564 
4578.461538461539 4088.205128205129 4464.615384615385 4595.384615384616 4551.794871794872 4769.743589743591 4321.538461538462 4412.307692307693 4777.435897435898 4031.2820512820517 3949.7435897435903 4300.512820512821 4624.102564102564 4443.076923076924 
4584.615384615385 4091.2820512820517 4474.358974358975 4605.641025641026 4552.820512820514 4775.8974358974365 4324.102564102564 4415.384615384616 4783.076923076924 4030.2564102564106 3952.307692307693 4312.820512820514 4630.256410256411 4451.794871794872 
4597.948717948719 4102.051282051282 4483.589743589744 4612.820512820514 4569.743589743591 4784.615384615386 4328.717948717949 4425.641025641026 4792.307692307693 4038.9743589743593 3964.615384615385 4323.589743589744 4640.512820512821 4464.102564102564 
4607.6923076923085 4108.205128205129 4490.769230769231 4614.871794871796 4575.384615384616 4787.179487179488 4335.384615384616 4431.282051282052 4798.461538461539 4051.7948717948725 3977.9487179487182 4328.717948717949 4650.769230769231 4471.282051282052 
4605.128205128206 4112.307692307693 4495.8974358974365 4622.051282051282 4575.384615384616 4791.794871794872 4345.128205128206 4429.743589743591 4801.025641025642 4060.5128205128212 3982.564102564103 4333.846153846154 4658.974358974359 4476.410256410257 
4607.179487179488 4125.641025641026 4499.48717948718 4630.256410256411 4591.794871794872 4806.153846153847 4358.974358974359 4435.8974358974365 4808.205128205129 4062.564102564103 3988.205128205129 4343.076923076924 4667.179487179488 4483.589743589744 
4621.025641025642 4137.948717948719 4503.076923076924 4633.333333333334 4606.666666666667 4817.435897435898 4368.717948717949 4448.717948717949 4818.974358974359 4064.1025641025644 3996.410256410257 4351.282051282052 4673.846153846154 4489.2307692307695 
4625.128205128206 4137.435897435898 4506.666666666667 4631.282051282052 4602.051282051282 4814.871794871796 4365.641025641026 4450.256410256411 4822.051282051282 4072.307692307693 3995.3846153846157 4350.256410256411 4672.820512820514 4487.179487179488 
4623.589743589744 4136.923076923077 4506.153846153847 4631.282051282052 4593.846153846154 4810.769230769231 4362.564102564103 4447.179487179487 4823.076923076924 4076.410256410257 3995.3846153846157 4347.6923076923085 4673.846153846154 4483.589743589744 
4629.2307692307695 4143.589743589744 4507.179487179488 4635.8974358974365 4598.974358974359 4815.384615384616 4366.666666666667 4454.358974358975 4832.307692307693 4076.9230769230776 4001.538461538462 4354.871794871796 4681.025641025642 4488.717948717949 
4634.871794871796 4149.2307692307695 4515.384615384616 4643.076923076924 4610.769230769231 4822.051282051282 4369.2307692307695 4461.538461538462 4838.461538461539 4085.6410256410263 4004.615384615385 4362.051282051282 4684.102564102564 4495.8974358974365 
4636.923076923077 4149.2307692307695 4518.461538461539 4646.153846153847 4613.846153846154 4823.589743589744 4370.769230769231 4459.48717948718 4835.8974358974365 4091.7948717948725 4004.1025641025644 4358.974358974359 4682.051282051282 4495.384615384616 
4641.025641025642 4151.794871794872 4519.48717948718 4646.666666666667 4608.205128205129 4831.794871794872 4380.000000000001 4464.615384615385 4841.025641025642 4090.7692307692314 4006.666666666667 4360.512820512821 4685.128205128206 4493.333333333334 
4647.179487179488 4160.000000000001 4529.743589743591 4650.256410256411 4611.282051282052 4843.589743589744 4388.717948717949 4475.384615384616 4849.2307692307695 4094.8717948717954 4009.7435897435903 4370.769230769231 4688.717948717949 4498.974358974359 
4654.358974358975 4167.6923076923085 4541.538461538462 4654.358974358975 4631.282051282052 4844.615384615386 4391.282051282052 4479.48717948718 4850.769230769231 4102.564102564103 4014.8717948717954 4375.384615384616 4692.307692307693 4509.2307692307695 
4658.974358974359 4171.282051282052 4538.974358974359 4656.410256410257 4642.564102564103 4841.025641025642 4390.256410256411 4481.538461538462 4854.358974358975 4102.564102564103 4020.0000000000005 4374.871794871796 4698.461538461539 4512.820512820514 
4660.512820512821 4171.794871794872 4535.8974358974365 4655.384615384616 4631.282051282052 4843.076923076924 4389.2307692307695 4486.153846153847 4857.948717948719 4099.48717948718 4018.461538461539 4376.410256410257 4700.000000000001 4509.743589743591 
4656.923076923077 4165.641025641026 4536.923076923077 4652.820512820514 4620.512820512821 4843.589743589744 4387.179487179487 4485.128205128206 4852.307692307693 4100.000000000001 4016.410256410257 4375.384615384616 4693.846153846154 4504.102564102564 
4653.333333333334 4161.538461538462 4535.384615384616 4651.282051282052 4623.589743589744 4838.461538461539 4387.179487179487 4481.538461538462 4849.743589743591 4104.615384615385 4019.48717948718 4373.846153846154 4693.846153846154 4503.589743589744 
4654.358974358975 4167.179487179487 4535.384615384616 4653.333333333334 4628.205128205129 4840.000000000001 4392.307692307693 4485.641025641026 4859.48717948718 4110.769230769231 4022.564102564103 4378.974358974359 4702.051282051282 4506.666666666667 
4658.461538461539 4170.256410256411 4538.461538461539 4654.358974358975 4626.666666666667 4845.641025641026 4395.384615384616 4491.282051282052 4864.615384615386 4112.307692307693 4021.0256410256416 4381.025641025642 4704.102564102564 4506.153846153847 
4656.410256410257 4164.615384615385 4537.435897435898 4650.256410256411 4626.153846153847 4845.641025641026 4389.2307692307695 4487.179487179488 4856.923076923077 4109.74358974359 4020.0000000000005 4376.410256410257 4702.051282051282 4505.641025641026 
4651.282051282052 4162.564102564103 4533.846153846154 4648.205128205129 4633.846153846154 4843.589743589744 4383.589743589744 4481.025641025642 4852.820512820514 4104.615384615385 4017.435897435898 4371.282051282052 4697.948717948719 4503.589743589744 
4648.717948717949 4166.153846153847 4531.282051282052 4649.743589743591 4642.051282051282 4847.179487179488 4390.256410256411 4478.974358974359 4853.846153846154 4101.538461538462 4012.307692307693 4368.205128205129 4691.282051282052 4499.48717948718 
4649.2307692307695 4169.74358974359 4528.205128205129 4652.820512820514 4636.410256410257 4848.205128205129 4394.871794871796 4472.820512820514 4851.282051282052 4102.564102564103 4010.2564102564106 4368.205128205129 4691.282051282052 4499.48717948718 
4651.282051282052 4169.2307692307695 4528.205128205129 4652.820512820514 4619.48717948718 4838.461538461539 4385.641025641026 4462.051282051282 4843.076923076924 4098.461538461539 4013.8461538461543 4370.256410256411 4696.410256410257 4502.051282051282 
4644.102564102564 4160.000000000001 4525.128205128206 4643.076923076924 4606.153846153847 4821.025641025642 4368.717948717949 4453.333333333334 4831.282051282052 4089.23076923077 4007.1794871794878 4362.564102564103 4689.743589743591 4497.435897435898 
4627.179487179488 4141.538461538462 4509.2307692307695 4627.6923076923085 4602.051282051282 4802.051282051282 4352.307692307693 4443.076923076924 4814.358974358975 4076.410256410257 3991.7948717948725 4343.589743589744 4673.333333333334 4483.076923076924 
4608.717948717949 4120.512820512821 4487.179487179488 4614.871794871796 4594.358974358975 4786.666666666667 4337.948717948719 4424.615384615385 4795.384615384616 4059.48717948718 3975.3846153846157 4326.153846153847 4656.923076923077 4465.641025641026 
4595.8974358974365 4108.717948717949 4473.333333333334 4607.6923076923085 4576.410256410257 4780.512820512821 4330.256410256411 4412.820512820514 4784.102564102564 4049.23076923077 3964.1025641025644 4315.384615384616 4645.128205128206 4452.820512820514 
4585.641025641026 4100.000000000001 4464.615384615385 4597.948717948719 4556.410256410257 4772.820512820514 4322.051282051282 4407.6923076923085 4776.923076923077 4041.0256410256416 3955.3846153846157 4303.076923076924 4637.435897435898 4446.666666666667 
4576.410256410257 4085.6410256410263 4454.358974358975 4589.2307692307695 4549.2307692307695 4763.076923076924 4314.871794871796 4395.384615384616 4768.717948717949 4025.1282051282055 3946.1538461538466 4293.846153846154 4630.256410256411 4442.051282051282 
4570.256410256411 4072.820512820513 4445.641025641026 4584.615384615385 4549.2307692307695 4758.974358974359 4312.307692307693 4385.128205128206 4765.128205128206 4011.2820512820517 3941.0256410256416 4292.820512820514 4623.589743589744 4441.025641025642 
4562.564102564103 4068.205128205129 4440.512820512821 4580.000000000001 4545.128205128206 4754.871794871796 4307.179487179487 4386.153846153847 4763.076923076924 4008.717948717949 3941.0256410256416 4290.256410256411 4621.538461538462 4438.461538461539 
4554.358974358975 4064.615384615385 4434.871794871796 4575.384615384616 4541.538461538462 4747.6923076923085 4298.974358974359 4385.128205128206 4755.384615384616 4008.205128205129 3933.8461538461543 4278.974358974359 4616.410256410257 4427.179487179487 
