4514.871794871796 4042.564102564103 4382.051282051282 4515.384615384616 4502.051282051282 4733.333333333334 4323.589743589744 4384.615384615385 4736.923076923077 4040.5128205128212 3911.2820512820517 4248.205128205129 4593.333333333334 4394.871794871796 
4516.410256410257 4042.564102564103 4380.512820512821 4514.358974358975 4500.512820512821 4733.846153846154 4323.589743589744 4385.128205128206 4736.923076923077 4043.589743589744 3911.7948717948725 4249.74358974359 4595.384615384616 4394.358974358975 
4512.307692307693 4042.0512820512827 4378.974358974359 4514.871794871796 4504.615384615385 4733.846153846154 4323.076923076924 4385.128205128206 4737.435897435898 4042.564102564103 3912.307692307693 4250.769230769231 4593.846153846154 4394.358974358975 
4511.794871794872 4041.538461538462 4376.923076923077 4513.846153846154 4503.589743589744 4733.333333333334 4323.076923076924 4385.128205128206 4738.461538461539 4041.538461538462 3914.358974358975 4247.179487179487 4592.820512820514 4396.410256410257 
4514.871794871796 4041.0256410256416 4376.410256410257 4511.794871794872 4502.051282051282 4733.333333333334 4325.128205128206 4387.179487179487 4737.948717948719 4045.1282051282055 3913.8461538461543 4246.153846153847 4595.384615384616 4395.384615384616 
4515.384615384616 4042.564102564103 4377.948717948719 4512.820512820514 4503.589743589744 4733.333333333334 4320.000000000001 4387.179487179487 4737.435897435898 4045.1282051282055 3912.307692307693 4249.2307692307695 4597.948717948719 4395.8974358974365 
4510.769230769231 4042.0512820512827 4378.461538461539 4514.358974358975 4502.564102564103 4734.358974358975 4317.435897435898 4385.641025641026 4738.974358974359 4042.564102564103 3913.8461538461543 4248.717948717949 4594.871794871796 4395.384615384616 
4511.282051282052 4039.48717948718 4378.461538461539 4514.358974358975 4501.538461538462 4735.384615384616 4321.538461538462 4386.153846153847 4738.461538461539 4042.564102564103 3914.358974358975 4247.179487179487 4594.358974358975 4392.307692307693 
4514.358974358975 4038.9743589743593 4377.948717948719 4513.846153846154 4503.589743589744 4734.358974358975 4320.512820512821 4387.6923076923085 4736.410256410257 4043.076923076924 3912.307692307693 4248.205128205129 4596.410256410257 4391.282051282052 
4515.384615384616 4040.0000000000005 4376.923076923077 4514.358974358975 4502.051282051282 4733.846153846154 4320.000000000001 4384.102564102564 4736.923076923077 4041.538461538462 3913.333333333334 4248.205128205129 4595.384615384616 4392.307692307693 
4515.384615384616 4038.9743589743593 4376.923076923077 4513.333333333334 4501.025641025642 4734.871794871796 4324.615384615385 4382.564102564103 4738.974358974359 4041.538461538462 3913.8461538461543 4247.6923076923085 4593.333333333334 4392.820512820514 
4514.871794871796 4038.9743589743593 4380.000000000001 4513.333333333334 4506.666666666667 4734.358974358975 4325.128205128206 4385.128205128206 4736.923076923077 4043.076923076924 3912.820512820513 4249.74358974359 4596.923076923077 4394.871794871796 
4515.384615384616 4040.5128205128212 4381.025641025642 4516.410256410257 4504.615384615385 4732.307692307693 4322.564102564103 4387.179487179487 4735.8974358974365 4043.076923076924 3913.333333333334 4250.256410256411 4597.435897435898 4393.333333333334 
4516.923076923077 4040.5128205128212 4380.512820512821 4515.8974358974365 4498.461538461539 4731.794871794872 4325.128205128206 4385.641025641026 4738.461538461539 4044.1025641025644 3913.8461538461543 4248.717948717949 4593.846153846154 4392.820512820514 
4517.435897435898 4043.076923076924 4379.48717948718 4513.333333333334 4500.000000000001 4733.846153846154 4324.615384615385 4384.615384615385 4735.8974358974365 4044.1025641025644 3913.333333333334 4248.717948717949 4594.358974358975 4394.871794871796 
4514.358974358975 4043.589743589744 4378.974358974359 4513.333333333334 4501.538461538462 4734.871794871796 4322.564102564103 4386.153846153847 4734.358974358975 4043.589743589744 3912.820512820513 4249.2307692307695 4595.8974358974365 4394.358974358975 
4514.358974358975 4041.538461538462 4380.000000000001 4515.384615384616 4501.538461538462 4734.358974358975 4325.128205128206 4385.641025641026 4740.512820512821 4043.076923076924 3913.8461538461543 4248.717948717949 4593.333333333334 4393.333333333334 
4517.435897435898 4040.5128205128212 4379.48717948718 4515.8974358974365 4503.589743589744 4734.358974358975 4323.589743589744 4383.076923076924 4743.076923076924 4043.589743589744 3913.8461538461543 4248.717948717949 4592.820512820514 4393.846153846154 
4517.948717948719 4041.538461538462 4380.512820512821 4515.8974358974365 4504.615384615385 4735.8974358974365 4324.102564102564 4382.564102564103 4736.410256410257 4043.589743589744 3912.820512820513 4248.717948717949 4595.384615384616 4393.333333333334 
4512.820512820514 4040.0000000000005 4380.000000000001 4515.8974358974365 4504.615384615385 4735.8974358974365 4324.102564102564 4385.641025641026 4736.410256410257 4043.076923076924 3912.307692307693 4246.666666666667 4595.384615384616 4393.333333333334 
4512.820512820514 4040.0000000000005 4379.48717948718 4514.871794871796 4504.102564102564 4733.333333333334 4322.564102564103 4385.641025641026 4739.48717948718 4043.076923076924 3913.333333333334 4247.179487179487 4593.846153846154 4394.871794871796 
4513.333333333334 4041.538461538462 4378.461538461539 4514.358974358975 4501.025641025642 4732.307692307693 4323.076923076924 4384.102564102564 4738.461538461539 4042.564102564103 3914.8717948717954 4249.2307692307695 4594.358974358975 4395.384615384616 
4513.333333333334 4041.0256410256416 4379.48717948718 4514.871794871796 4500.000000000001 4734.358974358975 4324.102564102564 4385.641025641026 4736.923076923077 4043.589743589744 3913.8461538461543 4248.205128205129 4595.8974358974365 4393.333333333334 
4513.846153846154 4040.0000000000005 4379.48717948718 4516.410256410257 4505.128205128206 4734.871794871796 4324.102564102564 4385.641025641026 4736.923076923077 4044.1025641025644 3912.820512820513 4247.179487179487 4593.333333333334 4392.820512820514 
4514.358974358975 4041.0256410256416 4376.410256410257 4516.923076923077 4505.641025641026 4734.358974358975 4323.076923076924 4383.589743589744 4737.435897435898 4042.564102564103 3912.820512820513 4248.717948717949 4591.282051282052 4396.923076923077 
4513.333333333334 4041.0256410256416 4375.8974358974365 4514.871794871796 4502.564102564103 4735.384615384616 4323.589743589744 4384.615384615385 4738.974358974359 4043.076923076924 3913.333333333334 4249.2307692307695 4594.871794871796 4396.410256410257 
4511.282051282052 4041.0256410256416 4376.410256410257 4513.846153846154 4503.076923076924 4735.384615384616 4323.076923076924 4387.179487179487 4737.435897435898 4044.1025641025644 3912.820512820513 4247.6923076923085 4596.923076923077 4390.256410256411 
4510.256410256411 4041.0256410256416 4375.384615384616 4513.846153846154 4504.615384615385 4734.358974358975 4322.564102564103 4386.153846153847 4736.410256410257 4041.538461538462 3912.820512820513 4246.153846153847 4593.846153846154 4392.307692307693 
4509.2307692307695 4039.48717948718 4374.871794871796 4513.846153846154 4504.102564102564 4734.358974358975 4322.564102564103 4384.102564102564 4740.000000000001 4040.0000000000005 3912.820512820513 4246.666666666667 4592.820512820514 4397.948717948719 
4511.282051282052 4041.538461538462 4376.923076923077 4512.820512820514 4503.589743589744 4734.871794871796 4322.564102564103 4385.128205128206 4741.025641025642 4042.0512820512827 3912.307692307693 4249.2307692307695 4594.871794871796 4394.358974358975 
4512.307692307693 4043.076923076924 4376.923076923077 4513.333333333334 4505.128205128206 4734.871794871796 4323.589743589744 4385.641025641026 4735.8974358974365 4045.6410256410263 3912.820512820513 4248.717948717949 4594.871794871796 4391.794871794872 
4511.794871794872 4041.0256410256416 4376.923076923077 4514.358974358975 4504.615384615385 4735.384615384616 4324.102564102564 4384.615384615385 4735.384615384616 4044.1025641025644 3913.333333333334 4246.666666666667 4594.358974358975 4394.871794871796 
4510.769230769231 4040.0000000000005 4377.948717948719 4514.358974358975 4500.000000000001 4735.8974358974365 4324.102564102564 4385.128205128206 4739.48717948718 4043.076923076924 3913.333333333334 4247.179487179487 4596.410256410257 4393.333333333334 
4512.820512820514 4042.564102564103 4378.974358974359 4515.384615384616 4500.000000000001 4735.384615384616 4323.076923076924 4385.641025641026 4737.435897435898 4043.589743589744 3913.8461538461543 4249.2307692307695 4595.8974358974365 4390.769230769231 
4515.384615384616 4041.0256410256416 4379.48717948718 4515.384615384616 4506.153846153847 4735.384615384616 4322.564102564103 4384.615384615385 4734.871794871796 4042.0512820512827 3913.8461538461543 4248.205128205129 4593.846153846154 4392.820512820514 
4517.948717948719 4038.461538461539 4380.000000000001 4515.384615384616 4505.641025641026 4734.358974358975 4323.589743589744 4384.615384615385 4736.923076923077 4041.538461538462 3912.307692307693 4247.6923076923085 4593.846153846154 4393.846153846154 
4516.923076923077 4038.9743589743593 4382.564102564103 4516.410256410257 4498.974358974359 4733.333333333334 4324.102564102564 4386.666666666667 4737.435897435898 4044.1025641025644 3911.2820512820517 4249.74358974359 4593.846153846154 4392.307692307693 
4516.923076923077 4040.5128205128212 4388.205128205129 4514.871794871796 4500.000000000001 4734.871794871796 4324.615384615385 4385.641025641026 4734.871794871796 4044.615384615385 3913.8461538461543 4250.769230769231 4593.846153846154 4394.358974358975 
4520.000000000001 4040.5128205128212 4390.769230769231 4513.846153846154 4502.051282051282 4734.871794871796 4325.641025641026 4384.102564102564 4734.871794871796 4042.0512820512827 3914.358974358975 4249.2307692307695 4592.820512820514 4394.871794871796 
4522.564102564103 4041.538461538462 4392.820512820514 4518.461538461539 4499.48717948718 4731.794871794872 4326.666666666667 4381.025641025642 4734.871794871796 4042.564102564103 3912.820512820513 4248.717948717949 4592.820512820514 4391.794871794872 
4521.538461538462 4041.538461538462 4397.948717948719 4522.564102564103 4496.923076923077 4731.282051282052 4326.153846153847 4378.974358974359 4733.846153846154 4044.1025641025644 3913.333333333334 4250.769230769231 4591.794871794872 4389.743589743591 
4522.564102564103 4041.538461538462 4403.076923076924 4521.538461538462 4498.461538461539 4733.333333333334 4325.641025641026 4379.48717948718 4734.871794871796 4044.1025641025644 3913.8461538461543 4249.2307692307695 4592.307692307693 4392.307692307693 
4527.179487179488 4042.564102564103 4404.615384615385 4520.000000000001 4498.461538461539 4733.846153846154 4324.615384615385 4381.025641025642 4736.923076923077 4043.076923076924 3913.333333333334 4248.205128205129 4592.307692307693 4393.846153846154 
4530.769230769231 4045.1282051282055 4408.717948717949 4524.102564102564 4495.384615384616 4732.307692307693 4323.076923076924 4379.48717948718 4735.384615384616 4042.0512820512827 3913.8461538461543 4254.871794871796 4590.769230769231 4392.820512820514 
4533.333333333334 4045.1282051282055 4413.333333333334 4525.641025641026 4493.333333333334 4730.769230769231 4322.051282051282 4374.871794871796 4732.307692307693 4042.0512820512827 3914.358974358975 4256.410256410257 4591.794871794872 4391.282051282052 
4535.8974358974365 4044.1025641025644 4414.358974358975 4522.564102564103 4492.820512820514 4733.333333333334 4321.538461538462 4375.384615384616 4733.846153846154 4042.564102564103 3913.8461538461543 4255.8974358974365 4593.333333333334 4391.794871794872 
4538.974358974359 4045.6410256410263 4419.48717948718 4525.641025641026 4493.846153846154 4733.333333333334 4319.48717948718 4378.974358974359 4734.358974358975 4042.0512820512827 3913.333333333334 4257.948717948719 4591.282051282052 4392.307692307693 
4539.48717948718 4044.1025641025644 4426.666666666667 4531.794871794872 4492.307692307693 4724.615384615386 4320.512820512821 4376.410256410257 4730.769230769231 4042.564102564103 3914.8717948717954 4260.000000000001 4588.717948717949 4392.820512820514 
4540.512820512821 4043.076923076924 4430.256410256411 4532.307692307693 4493.333333333334 4718.461538461539 4325.128205128206 4371.794871794872 4729.2307692307695 4042.564102564103 3913.333333333334 4257.948717948719 4590.769230769231 4394.358974358975 
4543.076923076924 4044.1025641025644 4432.307692307693 4530.769230769231 4492.820512820514 4720.000000000001 4322.564102564103 4374.358974358975 4730.769230769231 4041.538461538462 3915.3846153846157 4257.948717948719 4590.769230769231 4393.333333333334 
4548.205128205129 4045.6410256410263 4439.48717948718 4531.794871794872 4489.743589743591 4720.000000000001 4315.8974358974365 4373.333333333334 4730.256410256411 4041.0256410256416 3918.461538461539 4259.48717948718 4587.6923076923085 4391.794871794872 
4547.6923076923085 4045.6410256410263 4445.641025641026 4532.820512820514 4489.743589743591 4717.435897435898 4317.435897435898 4368.205128205129 4730.256410256411 4041.538461538462 3917.9487179487182 4257.435897435898 4588.717948717949 4391.282051282052 
4548.205128205129 4046.1538461538466 4448.717948717949 4536.923076923077 4489.2307692307695 4717.435897435898 4321.538461538462 4368.717948717949 4729.2307692307695 4041.538461538462 3915.3846153846157 4258.974358974359 4591.282051282052 4391.282051282052 
4552.307692307693 4048.205128205129 4450.769230769231 4540.000000000001 4487.179487179488 4717.435897435898 4321.025641025642 4370.769230769231 4728.717948717949 4039.48717948718 3917.435897435898 4263.076923076924 4590.256410256411 4390.256410256411 
4556.410256410257 4048.205128205129 4453.846153846154 4537.435897435898 4486.666666666667 4716.923076923077 4321.538461538462 4370.256410256411 4727.6923076923085 4040.0000000000005 3919.48717948718 4264.102564102564 4590.256410256411 4388.205128205129 
4556.923076923077 4046.1538461538466 4453.333333333334 4534.871794871796 4488.205128205129 4717.435897435898 4324.102564102564 4371.794871794872 4727.6923076923085 4041.0256410256416 3918.9743589743593 4262.564102564103 4590.256410256411 4390.256410256411 
4555.8974358974365 4047.692307692308 4452.307692307693 4534.358974358975 4488.717948717949 4717.435897435898 4325.641025641026 4373.333333333334 4728.717948717949 4040.0000000000005 3918.461538461539 4261.025641025642 4589.2307692307695 4393.333333333334 
4552.820512820514 4048.717948717949 4451.282051282052 4533.333333333334 4488.717948717949 4717.948717948719 4324.102564102564 4371.282051282052 4731.282051282052 4040.5128205128212 3915.3846153846157 4260.512820512821 4589.743589743591 4391.282051282052 
4550.769230769231 4045.6410256410263 4448.205128205129 4532.307692307693 4488.717948717949 4718.974358974359 4318.461538461539 4371.282051282052 4732.820512820514 4042.0512820512827 3916.410256410257 4260.000000000001 4590.769230769231 4390.256410256411 
4549.2307692307695 4044.615384615385 4441.538461538462 4531.282051282052 4488.205128205129 4717.435897435898 4315.8974358974365 4373.333333333334 4731.282051282052 4042.0512820512827 3919.48717948718 4262.051282051282 4590.256410256411 4392.820512820514 
4544.102564102564 4046.1538461538466 4436.410256410257 4528.717948717949 4488.717948717949 4716.923076923077 4319.48717948718 4374.358974358975 4731.794871794872 4042.564102564103 3916.9230769230776 4262.051282051282 4590.256410256411 4391.794871794872 
4541.538461538462 4045.6410256410263 4435.8974358974365 4528.205128205129 4489.743589743591 4718.461538461539 4321.538461538462 4373.333333333334 4733.333333333334 4043.076923076924 3912.820512820513 4260.512820512821 4590.769230769231 4388.205128205129 
4541.538461538462 4044.615384615385 4435.8974358974365 4529.2307692307695 4489.743589743591 4718.974358974359 4320.000000000001 4372.307692307693 4733.333333333334 4041.538461538462 3917.9487179487182 4257.435897435898 4592.820512820514 4391.282051282052 
4539.48717948718 4043.589743589744 4433.333333333334 4526.153846153847 4488.717948717949 4717.948717948719 4322.051282051282 4377.435897435898 4733.846153846154 4042.0512820512827 3922.0512820512827 4257.435897435898 4594.871794871796 4394.358974358975 
4537.948717948719 4042.0512820512827 4431.794871794872 4522.564102564103 4490.256410256411 4718.461538461539 4324.102564102564 4378.974358974359 4735.384615384616 4044.1025641025644 3917.435897435898 4263.589743589744 4594.358974358975 4391.282051282052 
4539.48717948718 4042.0512820512827 4435.384615384616 4524.102564102564 4490.769230769231 4720.000000000001 4321.538461538462 4373.846153846154 4732.820512820514 4042.564102564103 3915.8974358974365 4263.589743589744 4591.282051282052 4389.2307692307695 
4537.948717948719 4042.564102564103 4433.846153846154 4527.179487179488 4489.2307692307695 4720.512820512821 4321.025641025642 4375.384615384616 4731.794871794872 4042.0512820512827 3919.48717948718 4258.461538461539 4591.282051282052 4391.794871794872 
4537.948717948719 4043.076923076924 4429.2307692307695 4525.641025641026 4491.282051282052 4718.974358974359 4323.589743589744 4378.974358974359 4734.358974358975 4043.589743589744 3920.5128205128212 4257.948717948719 4592.820512820514 4392.820512820514 
4538.974358974359 4041.538461538462 4425.641025641026 4523.076923076924 4493.333333333334 4717.435897435898 4324.615384615385 4378.974358974359 4737.435897435898 4045.6410256410263 3918.461538461539 4258.461538461539 4592.820512820514 4391.282051282052 
4537.435897435898 4039.48717948718 4426.153846153847 4525.128205128206 4489.743589743591 4721.025641025642 4321.538461538462 4377.948717948719 4736.923076923077 4044.615384615385 3918.461538461539 4259.48717948718 4593.333333333334 4391.794871794872 
4534.871794871796 4038.461538461539 4427.6923076923085 4523.589743589744 4486.666666666667 4725.641025641026 4322.051282051282 4377.948717948719 4735.384615384616 4043.589743589744 3918.461538461539 4262.051282051282 4593.333333333334 4392.307692307693 
4535.8974358974365 4039.48717948718 4428.205128205129 4520.000000000001 4489.743589743591 4721.025641025642 4324.102564102564 4376.923076923077 4734.871794871796 4041.538461538462 3918.461538461539 4262.051282051282 4593.333333333334 4390.256410256411 
4536.923076923077 4040.5128205128212 4428.205128205129 4520.000000000001 4490.769230769231 4716.410256410257 4325.128205128206 4376.923076923077 4734.358974358975 4040.0000000000005 3917.435897435898 4262.051282051282 4592.307692307693 4390.256410256411 
4538.461538461539 4040.0000000000005 4432.820512820514 4524.102564102564 4489.743589743591 4717.435897435898 4325.641025641026 4375.8974358974365 4734.871794871796 4040.5128205128212 3916.9230769230776 4263.589743589744 4591.794871794872 4392.307692307693 
4538.461538461539 4039.48717948718 4437.948717948719 4527.179487179488 4490.256410256411 4719.48717948718 4324.615384615385 4374.358974358975 4734.871794871796 4044.1025641025644 3918.461538461539 4263.589743589744 4590.256410256411 4391.282051282052 
4540.512820512821 4041.0256410256416 4437.435897435898 4527.179487179488 4489.2307692307695 4717.948717948719 4322.564102564103 4374.871794871796 4734.358974358975 4043.589743589744 3916.9230769230776 4261.538461538462 4591.282051282052 4390.256410256411 
4543.589743589744 4043.076923076924 4440.000000000001 4529.743589743591 4487.6923076923085 4716.923076923077 4323.589743589744 4375.384615384616 4733.846153846154 4040.5128205128212 3913.8461538461543 4262.564102564103 4593.846153846154 4393.333333333334 
4546.666666666667 4044.1025641025644 4448.205128205129 4531.282051282052 4487.6923076923085 4717.948717948719 4326.153846153847 4375.8974358974365 4732.820512820514 4041.538461538462 3917.435897435898 4261.538461538462 4593.846153846154 4394.871794871796 
4548.205128205129 4044.615384615385 4452.820512820514 4531.282051282052 4487.6923076923085 4718.974358974359 4325.641025641026 4374.358974358975 4731.282051282052 4042.0512820512827 3921.538461538462 4264.102564102564 4592.307692307693 4392.307692307693 
4550.256410256411 4044.1025641025644 4456.410256410257 4530.769230769231 4489.743589743591 4718.461538461539 4323.589743589744 4371.794871794872 4732.820512820514 4040.5128205128212 3919.48717948718 4267.179487179487 4592.307692307693 4391.282051282052 
4551.282051282052 4045.1282051282055 4461.538461538462 4532.820512820514 4488.205128205129 4718.461538461539 4324.102564102564 4371.282051282052 4734.358974358975 4041.0256410256416 3918.461538461539 4267.179487179487 4591.794871794872 4391.794871794872 
4550.256410256411 4044.1025641025644 4466.153846153847 4533.846153846154 4483.589743589744 4717.948717948719 4323.589743589744 4372.307692307693 4730.769230769231 4041.0256410256416 3920.0000000000005 4265.641025641026 4591.794871794872 4390.256410256411 
4554.871794871796 4041.0256410256416 4468.717948717949 4531.282051282052 4482.564102564103 4714.871794871796 4324.102564102564 4371.794871794872 4726.153846153847 4040.5128205128212 3920.5128205128212 4266.153846153847 4591.794871794872 4389.743589743591 
4557.435897435898 4041.0256410256416 4468.205128205129 4528.717948717949 4485.128205128206 4711.794871794872 4325.128205128206 4371.794871794872 4727.6923076923085 4044.1025641025644 3921.538461538462 4266.153846153847 4590.769230769231 4390.769230769231 
4557.435897435898 4046.1538461538466 4468.205128205129 4531.282051282052 4483.589743589744 4711.794871794872 4324.615384615385 4371.794871794872 4729.743589743591 4044.1025641025644 3919.48717948718 4265.641025641026 4590.256410256411 4391.282051282052 
4554.871794871796 4045.1282051282055 4472.307692307693 4535.384615384616 4481.025641025642 4711.794871794872 4323.589743589744 4370.769230769231 4730.769230769231 4040.5128205128212 3915.3846153846157 4265.128205128206 4590.769230769231 4392.307692307693 
4556.410256410257 4040.0000000000005 4474.871794871796 4537.435897435898 4483.589743589744 4710.769230769231 4324.102564102564 4369.2307692307695 4730.256410256411 4041.0256410256416 3918.461538461539 4263.076923076924 4591.794871794872 4393.333333333334 
4556.923076923077 4041.0256410256416 4476.410256410257 4535.384615384616 4484.102564102564 4710.256410256411 4323.076923076924 4368.205128205129 4730.769230769231 4043.589743589744 3921.538461538462 4266.666666666667 4588.717948717949 4391.794871794872 
4555.384615384616 4047.692307692308 4482.564102564103 4534.871794871796 4483.589743589744 4712.307692307693 4321.538461538462 4367.6923076923085 4728.717948717949 4042.564102564103 3919.48717948718 4268.205128205129 4585.641025641026 4388.717948717949 
4556.923076923077 4049.23076923077 4487.6923076923085 4537.435897435898 4482.051282051282 4711.282051282052 4322.564102564103 4366.153846153847 4725.128205128206 4037.9487179487182 3921.0256410256416 4265.128205128206 4587.6923076923085 4388.717948717949 
4561.025641025642 4046.1538461538466 4491.794871794872 4538.974358974359 4480.512820512821 4706.153846153847 4324.102564102564 4364.102564102564 4724.615384615386 4036.410256410257 3923.076923076924 4271.282051282052 4587.179487179488 4390.769230769231 
4564.102564102564 4045.6410256410263 4497.948717948719 4541.538461538462 4481.538461538462 4705.641025641026 4324.615384615385 4363.076923076924 4726.666666666667 4038.9743589743593 3921.538461538462 4277.948717948719 4584.102564102564 4390.769230769231 
4567.179487179488 4048.205128205129 4505.128205128206 4547.6923076923085 4480.000000000001 4707.179487179488 4326.153846153847 4362.051282051282 4725.641025641026 4041.538461538462 3917.9487179487182 4274.358974358975 4583.076923076924 4388.205128205129 
4570.769230769231 4050.2564102564106 4512.820512820514 4548.717948717949 4477.435897435898 4703.589743589744 4327.6923076923085 4357.435897435898 4722.051282051282 4039.48717948718 3917.9487179487182 4272.820512820514 4582.564102564103 4386.666666666667 
4572.820512820514 4049.7435897435903 4522.564102564103 4548.205128205129 4473.846153846154 4701.025641025642 4327.6923076923085 4354.358974358975 4721.025641025642 4040.0000000000005 3921.0256410256416 4278.461538461539 4580.512820512821 4387.6923076923085 
4574.871794871796 4049.23076923077 4530.256410256411 4554.871794871796 4475.8974358974365 4703.589743589744 4326.666666666667 4354.358974358975 4721.538461538462 4040.5128205128212 3921.0256410256416 4277.948717948719 4577.948717948719 4387.6923076923085 
4575.8974358974365 4051.7948717948725 4534.871794871796 4559.48717948718 4476.410256410257 4703.589743589744 4325.128205128206 4354.871794871796 4721.538461538462 4034.8717948717954 3917.9487179487182 4276.410256410257 4576.410256410257 4388.205128205129 
4575.384615384616 4053.333333333334 4537.435897435898 4555.8974358974365 4473.846153846154 4701.025641025642 4324.102564102564 4353.846153846154 4722.051282051282 4031.7948717948725 3919.48717948718 4280.000000000001 4577.948717948719 4388.717948717949 
4575.384615384616 4050.2564102564106 4535.384615384616 4554.871794871796 4472.307692307693 4701.025641025642 4326.153846153847 4353.333333333334 4721.025641025642 4035.3846153846157 3920.5128205128212 4281.025641025642 4581.538461538462 4388.717948717949 
4575.384615384616 4051.2820512820517 4534.358974358975 4560.000000000001 4474.358974358975 4703.076923076924 4327.179487179487 4351.794871794872 4720.512820512821 4038.9743589743593 3916.9230769230776 4278.974358974359 4579.48717948718 4386.153846153847 
4573.333333333334 4054.358974358975 4534.358974358975 4558.974358974359 4477.435897435898 4704.102564102564 4326.153846153847 4351.794871794872 4721.538461538462 4036.410256410257 3917.9487179487182 4279.48717948718 4577.435897435898 4382.564102564103 
4571.282051282052 4050.7692307692314 4531.794871794872 4556.410256410257 4474.871794871796 4702.564102564103 4326.666666666667 4355.384615384616 4720.000000000001 4033.8461538461543 3921.538461538462 4280.512820512821 4577.948717948719 4384.615384615385 
4568.205128205129 4045.1282051282055 4523.076923076924 4558.461538461539 4472.820512820514 4702.564102564103 4328.205128205129 4354.871794871796 4719.48717948718 4034.358974358975 3918.461538461539 4277.435897435898 4577.435897435898 4385.641025641026 
4565.128205128206 4049.23076923077 4517.948717948719 4561.025641025642 4475.8974358974365 4704.615384615386 4329.2307692307695 4352.820512820514 4721.025641025642 4036.410256410257 3917.435897435898 4276.923076923077 4578.461538461539 4384.102564102564 
4562.564102564103 4052.307692307693 4511.794871794872 4557.948717948719 4475.8974358974365 4702.051282051282 4329.743589743591 4356.410256410257 4721.538461538462 4038.9743589743593 3919.48717948718 4273.846153846154 4578.974358974359 4384.102564102564 
4560.000000000001 4049.7435897435903 4498.974358974359 4552.820512820514 4472.820512820514 4702.564102564103 4328.205128205129 4360.512820512821 4722.051282051282 4036.9230769230776 3918.461538461539 4270.256410256411 4580.512820512821 4386.666666666667 
4552.820512820514 4049.23076923077 4486.153846153847 4548.205128205129 4478.974358974359 4712.820512820514 4324.615384615385 4361.538461538462 4726.666666666667 4036.9230769230776 3915.3846153846157 4269.74358974359 4583.076923076924 4387.179487179487 
4544.615384615385 4050.7692307692314 4476.923076923077 4544.615384615385 4488.717948717949 4720.512820512821 4324.615384615385 4365.641025641026 4729.743589743591 4040.5128205128212 3915.3846153846157 4266.153846153847 4585.128205128206 4388.717948717949 
4541.538461538462 4049.7435897435903 4464.102564102564 4541.538461538462 4489.743589743591 4716.923076923077 4328.205128205129 4369.743589743591 4728.717948717949 4041.538461538462 3917.435897435898 4262.564102564103 4587.6923076923085 4389.743589743591 
4538.461538461539 4046.1538461538466 4448.717948717949 4538.461538461539 4486.666666666667 4715.8974358974365 4328.205128205129 4369.2307692307695 4730.256410256411 4040.5128205128212 3914.358974358975 4264.615384615385 4588.205128205129 4388.205128205129 
4535.8974358974365 4045.1282051282055 4445.128205128206 4535.8974358974365 4488.205128205129 4718.974358974359 4324.615384615385 4368.717948717949 4732.820512820514 4040.0000000000005 3912.307692307693 4263.589743589744 4588.717948717949 4389.2307692307695 
4534.358974358975 4046.666666666667 4446.153846153847 4537.948717948719 4488.717948717949 4720.000000000001 4324.615384615385 4371.794871794872 4731.282051282052 4041.538461538462 3913.333333333334 4261.538461538462 4589.743589743591 4390.769230769231 
4532.307692307693 4048.205128205129 4441.025641025642 4540.000000000001 4487.179487179488 4718.461538461539 4325.641025641026 4373.333333333334 4731.282051282052 4043.589743589744 3916.410256410257 4262.051282051282 4589.743589743591 4390.256410256411 
4530.769230769231 4048.205128205129 4434.358974358975 4540.512820512821 4488.205128205129 4718.974358974359 4325.128205128206 4372.307692307693 4731.794871794872 4042.564102564103 3914.358974358975 4258.974358974359 4587.179487179488 4389.743589743591 
4533.846153846154 4048.717948717949 4433.846153846154 4538.461538461539 4491.282051282052 4725.641025641026 4326.666666666667 4373.333333333334 4729.2307692307695 4037.435897435898 3911.2820512820517 4258.461538461539 4588.205128205129 4391.282051282052 
4531.794871794872 4047.692307692308 4434.358974358975 4536.410256410257 4492.820512820514 4727.6923076923085 4327.179487179487 4375.384615384616 4727.6923076923085 4038.461538461539 3911.7948717948725 4260.000000000001 4588.205128205129 4390.769230769231 
4530.769230769231 4046.1538461538466 4433.846153846154 4537.435897435898 4492.820512820514 4725.128205128206 4324.615384615385 4371.794871794872 4729.2307692307695 4043.589743589744 3912.820512820513 4256.923076923077 4587.6923076923085 4392.307692307693 
4532.820512820514 4047.692307692308 4435.384615384616 4538.461538461539 4491.794871794872 4725.128205128206 4321.538461538462 4368.717948717949 4731.794871794872 4042.564102564103 3912.307692307693 4257.435897435898 4588.717948717949 4394.871794871796 
4533.846153846154 4050.2564102564106 4437.948717948719 4538.974358974359 4491.282051282052 4723.589743589744 4318.461538461539 4370.256410256411 4732.307692307693 4038.461538461539 3911.2820512820517 4262.051282051282 4587.6923076923085 4391.282051282052 
4534.358974358975 4048.717948717949 4434.358974358975 4536.923076923077 4491.282051282052 4717.435897435898 4316.410256410257 4369.2307692307695 4730.769230769231 4038.9743589743593 3910.7692307692314 4258.974358974359 4587.179487179488 4389.743589743591 
4536.923076923077 4052.307692307693 4429.743589743591 4536.923076923077 4491.794871794872 4719.48717948718 4317.435897435898 4368.205128205129 4730.256410256411 4042.564102564103 3912.820512820513 4258.461538461539 4590.769230769231 4392.820512820514 
4536.923076923077 4056.410256410257 4426.153846153847 4537.948717948719 4490.769230769231 4724.102564102564 4316.410256410257 4373.846153846154 4733.333333333334 4043.589743589744 3914.8717948717954 4261.538461538462 4591.282051282052 4392.820512820514 
4537.948717948719 4054.358974358975 4422.564102564103 4536.923076923077 4490.256410256411 4721.025641025642 4314.358974358975 4375.8974358974365 4732.820512820514 4040.5128205128212 3912.820512820513 4253.846153846154 4590.769230769231 4392.307692307693 
4537.948717948719 4053.333333333334 4418.974358974359 4535.384615384616 4491.282051282052 4718.974358974359 4314.358974358975 4373.846153846154 4731.282051282052 4041.0256410256416 3910.2564102564106 4246.666666666667 4592.307692307693 4396.410256410257 
4536.410256410257 4055.8974358974365 4415.384615384616 4532.820512820514 4492.307692307693 4718.974358974359 4314.871794871796 4375.8974358974365 4734.358974358975 4044.1025641025644 3912.820512820513 4250.769230769231 4593.846153846154 4394.358974358975 
4535.384615384616 4055.8974358974365 4409.2307692307695 4533.333333333334 4493.333333333334 4724.102564102564 4313.846153846154 4378.974358974359 4736.923076923077 4044.1025641025644 3913.8461538461543 4252.307692307693 4594.358974358975 4391.794871794872 
4534.358974358975 4053.8461538461543 4398.461538461539 4533.333333333334 4492.820512820514 4731.794871794872 4311.794871794872 4378.974358974359 4735.384615384616 4042.0512820512827 3912.820512820513 4247.6923076923085 4597.435897435898 4398.461538461539 
4532.820512820514 4055.3846153846157 4393.846153846154 4532.307692307693 4493.333333333334 4733.333333333334 4309.743589743591 4379.48717948718 4736.410256410257 4042.564102564103 3912.307692307693 4248.205128205129 4596.923076923077 4402.051282051282 
4532.307692307693 4057.9487179487182 4395.384615384616 4529.743589743591 4494.358974358975 4731.794871794872 4309.743589743591 4381.025641025642 4738.461538461539 4043.589743589744 3912.820512820513 4248.717948717949 4593.846153846154 4397.435897435898 
4538.461538461539 4057.435897435898 4396.923076923077 4528.717948717949 4492.820512820514 4732.307692307693 4309.743589743591 4382.051282051282 4737.435897435898 4042.0512820512827 3912.820512820513 4248.205128205129 4594.871794871796 4398.461538461539 
4542.051282051282 4056.410256410257 4395.8974358974365 4529.2307692307695 4493.333333333334 4731.282051282052 4308.205128205129 4381.025641025642 4737.948717948719 4042.0512820512827 3913.333333333334 4249.74358974359 4596.923076923077 4405.128205128206 
4541.025641025642 4056.9230769230776 4395.8974358974365 4530.256410256411 4494.871794871796 4725.641025641026 4308.205128205129 4379.48717948718 4737.435897435898 4043.076923076924 3913.8461538461543 4248.205128205129 4597.435897435898 4404.615384615385 
4539.48717948718 4057.9487179487182 4392.307692307693 4526.153846153847 4492.307692307693 4724.615384615386 4308.205128205129 4383.076923076924 4736.410256410257 4044.1025641025644 3913.333333333334 4249.2307692307695 4599.48717948718 4403.589743589744 
4538.461538461539 4057.435897435898 4381.025641025642 4517.435897435898 4495.8974358974365 4729.743589743591 4307.6923076923085 4385.128205128206 4737.948717948719 4045.6410256410263 3912.307692307693 4249.74358974359 4605.128205128206 4406.153846153847 
4528.717948717949 4051.2820512820517 4362.564102564103 4510.256410256411 4504.102564102564 4734.358974358975 4309.2307692307695 4388.717948717949 4740.512820512821 4047.1794871794878 3913.333333333334 4241.538461538462 4606.666666666667 4405.128205128206 
4517.435897435898 4043.589743589744 4341.538461538462 4503.076923076924 4505.641025641026 4734.871794871796 4312.307692307693 4397.435897435898 4742.051282051282 4047.692307692308 3913.333333333334 4235.8974358974365 4608.717948717949 4403.076923076924 
4508.205128205129 4038.9743589743593 4326.153846153847 4492.820512820514 4503.589743589744 4734.358974358975 4316.410256410257 4404.102564102564 4746.153846153847 4046.666666666667 3912.820512820513 4238.461538461539 4611.282051282052 4403.589743589744 
4497.948717948719 4033.8461538461543 4315.8974358974365 4483.589743589744 4505.128205128206 4736.923076923077 4316.923076923077 4405.641025641026 4750.256410256411 4048.205128205129 3915.3846153846157 4235.384615384616 4612.307692307693 4402.564102564103 
4490.769230769231 4026.666666666667 4301.538461538462 4476.923076923077 4506.666666666667 4735.384615384616 4315.8974358974365 4410.256410256411 4751.794871794872 4050.7692307692314 3916.410256410257 4232.307692307693 4614.358974358975 4399.48717948718 
4487.179487179488 4023.589743589744 4293.333333333334 4475.384615384616 4508.205128205129 4733.846153846154 4317.948717948719 4415.384615384616 4753.846153846154 4050.7692307692314 3915.3846153846157 4233.846153846154 4615.384615384616 4401.025641025642 
4483.589743589744 4024.615384615385 4297.948717948719 4476.923076923077 4508.205128205129 4743.589743589744 4324.102564102564 4414.358974358975 4755.8974358974365 4049.23076923077 3915.3846153846157 4232.820512820514 4613.846153846154 4402.051282051282 
4482.051282051282 4026.666666666667 4293.333333333334 4474.871794871796 4509.743589743591 4750.256410256411 4325.641025641026 4416.410256410257 4757.948717948719 4050.2564102564106 3917.9487179487182 4231.282051282052 4616.410256410257 4398.461538461539 
4480.512820512821 4027.692307692308 4276.410256410257 4469.743589743591 4512.820512820514 4748.717948717949 4320.512820512821 4419.48717948718 4758.461538461539 4051.7948717948725 3917.9487179487182 4233.333333333334 4621.025641025642 4397.435897435898 
4478.461538461539 4028.717948717949 4277.948717948719 4471.282051282052 4515.384615384616 4748.717948717949 4317.435897435898 4415.384615384616 4754.871794871796 4052.820512820513 3913.8461538461543 4233.333333333334 4617.948717948719 4400.512820512821 
4482.051282051282 4032.307692307693 4296.923076923077 4482.564102564103 4515.8974358974365 4750.769230769231 4320.000000000001 4407.6923076923085 4752.307692307693 4051.7948717948725 3911.7948717948725 4233.333333333334 4610.256410256411 4401.538461538462 
4486.153846153847 4034.358974358975 4302.564102564103 4487.6923076923085 4514.871794871796 4749.743589743591 4322.564102564103 4407.179487179487 4751.794871794872 4051.2820512820517 3913.333333333334 4233.846153846154 4608.205128205129 4400.000000000001 
4487.6923076923085 4033.333333333334 4300.000000000001 4484.615384615385 4515.384615384616 4749.2307692307695 4321.025641025642 4407.6923076923085 4749.743589743591 4050.2564102564106 3914.8717948717954 4233.846153846154 4609.743589743591 4399.48717948718 
4488.717948717949 4033.333333333334 4307.179487179487 4484.615384615385 4515.8974358974365 4750.256410256411 4317.948717948719 4405.641025641026 4747.179487179488 4048.717948717949 3912.307692307693 4234.358974358975 4610.769230769231 4400.512820512821 
4491.282051282052 4035.3846153846157 4312.307692307693 4486.666666666667 4516.410256410257 4748.205128205129 4315.384615384616 4404.102564102564 4747.179487179488 4047.1794871794878 3912.307692307693 4233.333333333334 4610.256410256411 4401.025641025642 
4487.179487179488 4031.7948717948725 4305.641025641026 4484.102564102564 4513.846153846154 4748.717948717949 4317.435897435898 4406.666666666667 4748.717948717949 4049.23076923077 3912.820512820513 4233.846153846154 4607.6923076923085 4400.000000000001 
4484.102564102564 4029.23076923077 4303.589743589744 4482.564102564103 4513.846153846154 4749.2307692307695 4322.564102564103 4408.205128205129 4749.743589743591 4050.2564102564106 3913.333333333334 4232.307692307693 4606.666666666667 4398.974358974359 
4486.666666666667 4031.7948717948725 4313.333333333334 4486.666666666667 4515.384615384616 4749.2307692307695 4322.564102564103 4405.641025641026 4750.769230769231 4047.692307692308 3913.333333333334 4231.282051282052 4607.6923076923085 4398.974358974359 
4494.358974358975 4036.410256410257 4324.102564102564 4495.384615384616 4513.846153846154 4748.717948717949 4320.512820512821 4401.025641025642 4747.6923076923085 4046.666666666667 3911.2820512820517 4237.948717948719 4603.589743589744 4400.512820512821 
4503.076923076924 4038.461538461539 4338.461538461539 4507.179487179488 4511.282051282052 4747.6923076923085 4324.615384615385 4396.410256410257 4742.564102564103 4047.1794871794878 3913.8461538461543 4243.589743589744 4595.384615384616 4400.512820512821 
4511.282051282052 4043.076923076924 4363.076923076924 4518.974358974359 4508.205128205129 4750.769230769231 4325.641025641026 4388.717948717949 4739.48717948718 4044.615384615385 3914.8717948717954 4244.615384615385 4592.820512820514 4394.871794871796 
4516.923076923077 4047.692307692308 4381.538461538462 4522.564102564103 4506.153846153847 4748.205128205129 4322.564102564103 4384.102564102564 4736.923076923077 4040.0000000000005 3914.358974358975 4245.641025641026 4592.307692307693 4391.282051282052 
4521.025641025642 4047.1794871794878 4386.153846153847 4521.025641025642 4505.641025641026 4739.48717948718 4323.076923076924 4383.589743589744 4735.8974358974365 4040.5128205128212 3913.333333333334 4247.179487179487 4591.794871794872 4394.871794871796 
4522.051282051282 4046.666666666667 4392.307692307693 4525.128205128206 4502.564102564103 4737.435897435898 4324.102564102564 4381.538461538462 4736.410256410257 4042.0512820512827 3911.7948717948725 4247.6923076923085 4591.794871794872 4395.384615384616 
4523.076923076924 4049.23076923077 4403.589743589744 4529.743589743591 4498.974358974359 4738.461538461539 4322.564102564103 4377.948717948719 4736.410256410257 4041.0256410256416 3910.7692307692314 4249.74358974359 4589.743589743591 4390.769230769231 
4526.153846153847 4049.7435897435903 4410.256410256411 4528.717948717949 4500.512820512821 4734.358974358975 4322.564102564103 4379.48717948718 4734.358974358975 4042.0512820512827 3912.307692307693 4251.282051282052 4588.717948717949 4391.794871794872 
4528.205128205129 4046.1538461538466 4408.205128205129 4528.717948717949 4501.025641025642 4732.307692307693 4324.102564102564 4381.025641025642 4733.333333333334 4045.1282051282055 3913.333333333334 4250.256410256411 4591.794871794872 4393.846153846154 
4529.743589743591 4046.1538461538466 4406.666666666667 4529.743589743591 4497.435897435898 4734.358974358975 4323.076923076924 4378.461538461539 4734.358974358975 4043.589743589744 3913.333333333334 4250.769230769231 4593.333333333334 4392.307692307693 
4529.743589743591 4047.692307692308 4406.153846153847 4526.153846153847 4496.923076923077 4732.307692307693 4322.051282051282 4378.461538461539 4735.384615384616 4042.0512820512827 3914.8717948717954 4250.256410256411 4590.769230769231 4392.307692307693 
4530.769230769231 4045.6410256410263 4408.717948717949 4523.076923076924 4498.461538461539 4732.307692307693 4322.564102564103 4381.025641025642 4734.871794871796 4044.1025641025644 3913.8461538461543 4247.6923076923085 4591.282051282052 4392.307692307693 
4531.794871794872 4043.589743589744 4411.282051282052 4523.589743589744 4495.8974358974365 4734.358974358975 4321.538461538462 4382.051282051282 4734.358974358975 4042.0512820512827 3912.820512820513 4251.282051282052 4593.333333333334 4391.282051282052 
4531.794871794872 4045.6410256410263 4412.820512820514 4525.128205128206 4493.333333333334 4732.307692307693 4321.538461538462 4378.974358974359 4732.307692307693 4039.48717948718 3913.333333333334 4255.8974358974365 4592.820512820514 4391.282051282052 
4528.205128205129 4044.1025641025644 4412.307692307693 4525.128205128206 4494.358974358975 4730.769230769231 4323.589743589744 4377.435897435898 4731.794871794872 4043.589743589744 3914.8717948717954 4253.333333333334 4591.282051282052 4391.794871794872 
4530.769230769231 4042.564102564103 4412.820512820514 4524.102564102564 4494.358974358975 4733.846153846154 4324.102564102564 4376.923076923077 4735.384615384616 4044.1025641025644 3913.8461538461543 4253.333333333334 4591.282051282052 4392.307692307693 
4532.307692307693 4041.538461538462 4410.256410256411 4521.538461538462 4491.794871794872 4731.794871794872 4325.128205128206 4380.000000000001 4738.974358974359 4041.0256410256416 3912.820512820513 4256.410256410257 4590.769230769231 4391.794871794872 
4525.641025641026 4040.0000000000005 4403.076923076924 4517.948717948719 4493.846153846154 4726.153846153847 4324.615384615385 4384.102564102564 4737.435897435898 4042.0512820512827 3915.8974358974365 4251.282051282052 4593.846153846154 4391.794871794872 
4522.051282051282 4041.538461538462 4395.8974358974365 4514.871794871796 4498.461538461539 4729.2307692307695 4323.076923076924 4384.615384615385 4735.384615384616 4044.615384615385 3916.9230769230776 4246.153846153847 4595.384615384616 4393.333333333334 
4524.102564102564 4043.076923076924 4389.2307692307695 4514.871794871796 4500.000000000001 4734.871794871796 4324.615384615385 4387.179487179487 4738.461538461539 4042.564102564103 3913.8461538461543 4247.6923076923085 4594.871794871796 4393.333333333334 
4519.48717948718 4040.5128205128212 4383.589743589744 4514.871794871796 4499.48717948718 4733.333333333334 4325.128205128206 4388.205128205129 4740.000000000001 4041.538461538462 3911.7948717948725 4248.717948717949 4596.923076923077 4393.333333333334 
4513.333333333334 4038.9743589743593 4380.000000000001 4513.333333333334 4497.948717948719 4731.794871794872 4323.589743589744 4387.179487179487 4737.435897435898 4043.589743589744 3915.3846153846157 4247.6923076923085 4600.000000000001 4395.384615384616 
4514.871794871796 4042.0512820512827 4378.974358974359 4514.871794871796 4498.974358974359 4734.358974358975 4324.102564102564 4388.717948717949 4737.948717948719 4045.1282051282055 3916.410256410257 4248.717948717949 4596.410256410257 4394.358974358975 
4515.384615384616 4042.564102564103 4378.461538461539 4515.8974358974365 4501.538461538462 4734.358974358975 4324.615384615385 4391.282051282052 4741.025641025642 4045.1282051282055 3913.333333333334 4246.666666666667 4593.846153846154 4393.333333333334 
4514.358974358975 4040.5128205128212 4381.025641025642 4516.410256410257 4500.512820512821 4734.358974358975 4323.076923076924 4387.6923076923085 4737.948717948719 4044.1025641025644 3912.820512820513 4248.205128205129 4596.410256410257 4396.410256410257 
4514.871794871796 4040.5128205128212 4384.102564102564 4516.410256410257 4499.48717948718 4734.871794871796 4323.589743589744 4383.589743589744 4734.358974358975 4043.589743589744 3913.333333333334 4248.717948717949 4595.384615384616 4394.871794871796 
4517.948717948719 4042.564102564103 4387.179487179487 4514.871794871796 4502.051282051282 4733.846153846154 4325.128205128206 4382.564102564103 4737.435897435898 4043.589743589744 3913.333333333334 4247.6923076923085 4592.307692307693 4390.256410256411 
4521.025641025642 4044.615384615385 4391.282051282052 4517.435897435898 4502.051282051282 4732.820512820514 4323.076923076924 4382.051282051282 4740.000000000001 4043.076923076924 3913.333333333334 4250.256410256411 4593.333333333334 4391.794871794872 
4525.128205128206 4046.1538461538466 4394.871794871796 4521.538461538462 4500.512820512821 4732.307692307693 4321.538461538462 4382.051282051282 4735.384615384616 4042.0512820512827 3914.8717948717954 4250.769230769231 4592.307692307693 4395.8974358974365 
4525.128205128206 4046.1538461538466 4396.923076923077 4521.538461538462 4500.000000000001 4733.333333333334 4323.589743589744 4381.025641025642 4731.794871794872 4043.076923076924 3914.8717948717954 4249.74358974359 4590.256410256411 4393.333333333334 
4525.641025641026 4043.589743589744 4403.076923076924 4520.512820512821 4501.025641025642 4732.820512820514 4325.641025641026 4378.461538461539 4732.307692307693 4044.615384615385 3913.333333333334 4250.256410256411 4592.307692307693 4390.769230769231 
4527.179487179488 4043.589743589744 4404.615384615385 4521.538461538462 4499.48717948718 4730.769230769231 4325.128205128206 4379.48717948718 4733.846153846154 4044.1025641025644 3913.8461538461543 4249.74358974359 4593.333333333334 4393.333333333334 
4529.743589743591 4046.1538461538466 4401.025641025642 4523.076923076924 4497.435897435898 4731.794871794872 4324.102564102564 4381.538461538462 4732.820512820514 4042.564102564103 3914.358974358975 4249.2307692307695 4592.307692307693 4396.410256410257 
4527.6923076923085 4043.589743589744 4400.000000000001 4521.025641025642 4496.923076923077 4734.358974358975 4324.615384615385 4381.538461538462 4734.358974358975 4042.564102564103 3913.333333333334 4249.74358974359 4591.794871794872 4394.871794871796 
4525.128205128206 4041.538461538462 4400.512820512821 4520.000000000001 4497.435897435898 4733.846153846154 4323.589743589744 4380.512820512821 4737.435897435898 4044.615384615385 3915.3846153846157 4251.282051282052 4592.820512820514 4392.307692307693 
4525.128205128206 4044.615384615385 4397.435897435898 4519.48717948718 4496.410256410257 4732.307692307693 4323.589743589744 4382.051282051282 4736.923076923077 4045.1282051282055 3917.9487179487182 4249.74358974359 4593.846153846154 4392.820512820514 
4526.666666666667 4046.1538461538466 4395.384615384616 4519.48717948718 4496.410256410257 4733.333333333334 4324.615384615385 4383.589743589744 4734.871794871796 4042.0512820512827 3913.333333333334 4249.74358974359 4593.846153846154 4393.846153846154 
4526.153846153847 4043.589743589744 4394.358974358975 4518.461538461539 4496.923076923077 4733.333333333334 4324.102564102564 4382.051282051282 4734.358974358975 4040.0000000000005 3911.2820512820517 4250.769230769231 4593.846153846154 4394.358974358975 
4523.076923076924 4043.076923076924 4392.307692307693 4517.435897435898 4497.435897435898 4732.820512820514 4322.564102564103 4381.025641025642 4735.8974358974365 4042.0512820512827 3913.8461538461543 4250.256410256411 4594.358974358975 4395.8974358974365 
4524.615384615385 4043.589743589744 4392.820512820514 4520.000000000001 4498.461538461539 4732.820512820514 4323.589743589744 4382.564102564103 4737.435897435898 4043.589743589744 3913.8461538461543 4248.717948717949 4594.358974358975 4393.846153846154 
4525.641025641026 4042.0512820512827 4391.794871794872 4520.512820512821 4499.48717948718 4734.358974358975 4325.128205128206 4382.564102564103 4736.410256410257 4043.589743589744 3912.820512820513 4249.2307692307695 4594.358974358975 4390.769230769231 
4524.615384615385 4042.0512820512827 4390.769230769231 4517.948717948719 4498.461538461539 4733.846153846154 4323.589743589744 4382.564102564103 4734.871794871796 4043.589743589744 3913.333333333334 4250.256410256411 4594.358974358975 4391.282051282052 
4523.076923076924 4041.538461538462 4391.282051282052 4519.48717948718 4498.461538461539 4731.794871794872 4322.564102564103 4385.128205128206 4735.384615384616 4042.0512820512827 3911.7948717948725 4249.74358974359 4593.846153846154 4393.333333333334 
4523.076923076924 4040.0000000000005 4392.820512820514 4524.615384615385 4500.000000000001 4732.307692307693 4321.538461538462 4383.589743589744 4735.8974358974365 4041.538461538462 3912.307692307693 4249.2307692307695 4593.846153846154 4395.384615384616 
4521.025641025642 4041.538461538462 4391.794871794872 4522.051282051282 4501.025641025642 4733.333333333334 4320.512820512821 4381.025641025642 4735.384615384616 4044.615384615385 3913.8461538461543 4248.717948717949 4593.333333333334 4394.871794871796 
4522.564102564103 4044.615384615385 4390.769230769231 4516.923076923077 4500.512820512821 4732.307692307693 4322.564102564103 4384.102564102564 4735.384615384616 4044.615384615385 3913.333333333334 4248.205128205129 4592.820512820514 4392.820512820514 
4523.076923076924 4044.1025641025644 4389.743589743591 4517.435897435898 4499.48717948718 4732.307692307693 4326.153846153847 4385.641025641026 4735.384615384616 4042.564102564103 3913.333333333334 4249.74358974359 4593.333333333334 4393.333333333334 
4523.076923076924 4043.076923076924 4390.769230769231 4518.461538461539 4500.000000000001 4733.333333333334 4325.128205128206 4382.051282051282 4734.358974358975 4043.076923076924 3913.8461538461543 4250.769230769231 4594.358974358975 4393.846153846154 
4522.564102564103 4041.538461538462 4391.794871794872 4515.8974358974365 4500.000000000001 4732.820512820514 4323.589743589744 4382.051282051282 4734.871794871796 4043.589743589744 3914.358974358975 4249.74358974359 4593.333333333334 4391.794871794872 
4523.589743589744 4041.0256410256416 4392.820512820514 4516.923076923077 4497.435897435898 4732.820512820514 4325.128205128206 4385.128205128206 4735.8974358974365 4041.0256410256416 3913.8461538461543 4247.179487179487 4593.333333333334 4392.820512820514 
4523.589743589744 4042.0512820512827 4391.794871794872 4520.000000000001 4496.923076923077 4732.820512820514 4325.128205128206 4386.666666666667 4734.871794871796 4042.564102564103 3913.333333333334 4248.205128205129 4593.333333333334 4393.333333333334 
4525.128205128206 4044.615384615385 4389.743589743591 4519.48717948718 4500.000000000001 4732.307692307693 4322.051282051282 4385.128205128206 4734.871794871796 4044.615384615385 3912.820512820513 4250.256410256411 4593.846153846154 4391.794871794872 
4526.153846153847 4043.589743589744 4390.256410256411 4520.512820512821 4499.48717948718 4732.307692307693 4322.564102564103 4382.051282051282 4736.410256410257 4043.076923076924 3912.820512820513 4249.2307692307695 4593.846153846154 4392.820512820514 
4524.102564102564 4041.0256410256416 4393.846153846154 4520.000000000001 4497.948717948719 4733.846153846154 4324.102564102564 4383.076923076924 4736.410256410257 4043.589743589744 3913.8461538461543 4247.6923076923085 4592.820512820514 4394.358974358975 
4522.564102564103 4042.564102564103 4393.846153846154 4514.871794871796 4501.025641025642 4733.846153846154 4323.076923076924 4386.153846153847 4735.8974358974365 4045.1282051282055 3914.358974358975 4248.205128205129 4591.794871794872 4393.846153846154 
4523.076923076924 4044.1025641025644 4391.794871794872 4516.410256410257 4501.025641025642 4733.333333333334 4321.538461538462 4384.615384615385 4736.410256410257 4044.1025641025644 3913.8461538461543 4248.717948717949 4592.820512820514 4396.923076923077 
4523.589743589744 4042.0512820512827 4390.256410256411 4523.076923076924 4498.461538461539 4733.846153846154 4324.102564102564 4382.051282051282 4734.871794871796 4043.589743589744 3912.820512820513 4248.717948717949 4592.820512820514 4397.948717948719 
4523.589743589744 4040.5128205128212 4390.769230769231 4521.538461538462 4499.48717948718 4733.333333333334 4325.128205128206 4382.564102564103 4735.384615384616 4043.076923076924 3913.333333333334 4249.2307692307695 4591.794871794872 4393.333333333334 
4524.102564102564 4041.538461538462 4394.871794871796 4514.871794871796 4500.512820512821 4733.846153846154 4324.102564102564 4382.564102564103 4736.410256410257 4041.0256410256416 3913.8461538461543 4249.2307692307695 4592.820512820514 4392.307692307693 
4523.076923076924 4042.564102564103 4395.8974358974365 4516.410256410257 4497.948717948719 4733.846153846154 4324.615384615385 4382.051282051282 4736.410256410257 4042.564102564103 3913.8461538461543 4249.2307692307695 4592.820512820514 4393.333333333334 
4523.589743589744 4044.1025641025644 4396.410256410257 4521.025641025642 4497.435897435898 4731.794871794872 4324.102564102564 4382.051282051282 4734.871794871796 4044.1025641025644 3912.820512820513 4248.205128205129 4590.256410256411 4390.769230769231 
4525.128205128206 4046.1538461538466 4398.461538461539 4518.974358974359 4498.974358974359 4730.769230769231 4322.564102564103 4382.051282051282 4733.333333333334 4040.5128205128212 3913.333333333334 4249.74358974359 4590.256410256411 4390.256410256411 
4526.153846153847 4047.692307692308 4401.538461538462 4520.000000000001 4496.923076923077 4732.820512820514 4322.564102564103 4382.051282051282 4733.846153846154 4040.0000000000005 3913.8461538461543 4250.256410256411 4591.794871794872 4392.820512820514 
4525.641025641026 4045.6410256410263 4402.564102564103 4522.564102564103 4494.871794871796 4733.333333333334 4324.615384615385 4382.051282051282 4735.384615384616 4043.076923076924 3913.333333333334 4249.74358974359 4590.769230769231 4392.307692307693 
4529.743589743591 4043.076923076924 4403.076923076924 4524.102564102564 4496.410256410257 4731.794871794872 4326.153846153847 4380.512820512821 4733.846153846154 4042.0512820512827 3912.820512820513 4252.307692307693 4592.820512820514 4391.282051282052 
4531.282051282052 4042.564102564103 4401.538461538462 4523.076923076924 4498.461538461539 4731.794871794872 4324.102564102564 4382.051282051282 4732.307692307693 4040.5128205128212 3913.8461538461543 4254.358974358975 4594.358974358975 4391.794871794872 
4531.282051282052 4044.1025641025644 4400.000000000001 4520.000000000001 4496.923076923077 4732.820512820514 4323.589743589744 4383.076923076924 4733.333333333334 4044.1025641025644 3912.307692307693 4251.794871794872 4592.820512820514 4391.794871794872 
4531.282051282052 4042.564102564103 4401.025641025642 4516.923076923077 4495.384615384616 4732.307692307693 4325.128205128206 4379.48717948718 4734.871794871796 4043.589743589744 3912.307692307693 4249.74358974359 4591.282051282052 4391.282051282052 
4530.769230769231 4042.0512820512827 4402.051282051282 4517.948717948719 4496.923076923077 4731.794871794872 4320.512820512821 4378.461538461539 4735.384615384616 4040.5128205128212 3914.358974358975 4249.74358974359 4593.333333333334 4392.307692307693 
4527.179487179488 4044.1025641025644 4402.564102564103 4521.025641025642 4498.461538461539 4731.794871794872 4316.410256410257 4382.564102564103 4736.410256410257 4043.589743589744 3913.333333333334 4248.717948717949 4594.871794871796 4394.358974358975 
4528.205128205129 4043.589743589744 4402.564102564103 4521.538461538462 4496.410256410257 4732.307692307693 4319.48717948718 4384.102564102564 4737.948717948719 4045.1282051282055 3914.8717948717954 4248.205128205129 4593.333333333334 4394.358974358975 
4530.769230769231 4042.564102564103 4400.512820512821 4522.051282051282 4493.333333333334 4731.794871794872 4323.076923076924 4383.076923076924 4737.948717948719 4041.538461538462 3916.410256410257 4250.256410256411 4591.794871794872 4392.820512820514 
4530.256410256411 4044.1025641025644 4397.948717948719 4520.512820512821 4493.846153846154 4731.282051282052 4323.589743589744 4383.589743589744 4736.410256410257 4042.0512820512827 3916.410256410257 4250.256410256411 4592.820512820514 4392.307692307693 
4529.743589743591 4046.1538461538466 4399.48717948718 4518.974358974359 4496.410256410257 4732.820512820514 4324.615384615385 4383.589743589744 4735.8974358974365 4044.615384615385 3914.8717948717954 4249.2307692307695 4592.820512820514 4391.794871794872 
4528.205128205129 4044.1025641025644 4402.051282051282 4520.512820512821 4495.8974358974365 4733.333333333334 4323.589743589744 4380.512820512821 4736.923076923077 4043.076923076924 3915.8974358974365 4249.2307692307695 4592.820512820514 4390.769230769231 
4527.6923076923085 4041.0256410256416 4401.538461538462 4523.589743589744 4496.410256410257 4732.820512820514 4323.076923076924 4378.974358974359 4736.923076923077 4044.615384615385 3917.435897435898 4249.74358974359 4595.384615384616 4391.282051282052 
4526.666666666667 4041.538461538462 4399.48717948718 4521.538461538462 4498.461538461539 4731.794871794872 4325.128205128206 4380.000000000001 4736.410256410257 4046.666666666667 3916.9230769230776 4250.256410256411 4595.8974358974365 4390.769230769231 
4525.641025641026 4044.615384615385 4402.564102564103 4518.974358974359 4499.48717948718 4732.820512820514 4323.076923076924 4383.076923076924 4736.410256410257 4043.589743589744 3915.3846153846157 4250.256410256411 4593.333333333334 4391.282051282052 
4524.615384615385 4044.615384615385 4402.051282051282 4518.974358974359 4498.461538461539 4733.333333333334 4320.000000000001 4384.102564102564 4736.923076923077 4042.564102564103 3914.358974358975 4251.282051282052 4592.307692307693 4393.333333333334 
4527.6923076923085 4042.0512820512827 4398.974358974359 4517.948717948719 4496.410256410257 4732.307692307693 4322.051282051282 4380.000000000001 4735.8974358974365 4044.1025641025644 3916.410256410257 4251.794871794872 4592.307692307693 4392.307692307693 
4526.666666666667 4041.538461538462 4397.948717948719 4514.871794871796 4495.384615384616 4730.256410256411 4323.076923076924 4378.974358974359 4736.410256410257 4044.615384615385 3915.3846153846157 4251.282051282052 4592.307692307693 4390.256410256411 
4524.102564102564 4043.589743589744 4397.948717948719 4516.410256410257 4495.384615384616 4731.282051282052 4323.589743589744 4382.051282051282 4736.410256410257 4043.076923076924 3912.820512820513 4250.769230769231 4593.333333333334 4392.307692307693 
4523.076923076924 4045.1282051282055 4396.410256410257 4519.48717948718 4495.384615384616 4733.333333333334 4326.153846153847 4381.538461538462 4735.8974358974365 4041.0256410256416 3912.820512820513 4250.769230769231 4592.820512820514 4393.846153846154 
4526.666666666667 4044.1025641025644 4395.384615384616 4520.512820512821 4496.923076923077 4733.333333333334 4324.102564102564 4378.461538461539 4735.8974358974365 4041.538461538462 3914.358974358975 4250.256410256411 4593.846153846154 4392.820512820514 
4527.6923076923085 4041.0256410256416 4396.923076923077 4521.025641025642 4501.538461538462 4732.820512820514 4321.025641025642 4380.512820512821 4737.435897435898 4043.076923076924 3913.8461538461543 4249.74358974359 4595.384615384616 4391.794871794872 
4523.076923076924 4041.538461538462 4396.410256410257 4518.974358974359 4502.564102564103 4731.794871794872 4324.102564102564 4383.589743589744 4736.923076923077 4041.0256410256416 3912.307692307693 4250.256410256411 4594.358974358975 4392.307692307693 
4523.076923076924 4044.1025641025644 4395.8974358974365 4517.435897435898 4500.000000000001 4731.794871794872 4324.102564102564 4382.051282051282 4735.384615384616 4038.9743589743593 3913.333333333334 4250.256410256411 4593.846153846154 4392.820512820514 
4525.128205128206 4045.1282051282055 4396.923076923077 4517.435897435898 4499.48717948718 4734.358974358975 4320.000000000001 4382.564102564103 4735.8974358974365 4043.076923076924 3914.358974358975 4249.74358974359 4594.358974358975 4394.358974358975 
4523.589743589744 4044.615384615385 4397.948717948719 4517.948717948719 4500.512820512821 4734.871794871796 4321.025641025642 4385.128205128206 4735.384615384616 4045.1282051282055 3913.8461538461543 4249.74358974359 4593.846153846154 4394.358974358975 
4523.076923076924 4043.076923076924 4397.948717948719 4517.435897435898 4498.974358974359 4732.820512820514 4325.641025641026 4384.615384615385 4734.871794871796 4043.076923076924 3912.820512820513 4250.256410256411 4593.333333333334 4392.307692307693 
4525.128205128206 4042.0512820512827 4397.948717948719 4517.435897435898 4496.923076923077 4732.820512820514 4325.128205128206 4382.564102564103 4735.8974358974365 4043.076923076924 3913.333333333334 4250.256410256411 4591.794871794872 4391.282051282052 
4523.589743589744 4040.0000000000005 4396.410256410257 4516.410256410257 4496.410256410257 4733.333333333334 4319.48717948718 4384.102564102564 4736.410256410257 4043.589743589744 3913.8461538461543 4249.2307692307695 4591.794871794872 4393.846153846154 
4522.564102564103 4041.538461538462 4392.307692307693 4514.871794871796 4495.8974358974365 4732.307692307693 4318.974358974359 4385.641025641026 4735.384615384616 4044.1025641025644 3913.8461538461543 4250.256410256411 4594.358974358975 4395.384615384616 
4521.025641025642 4042.564102564103 4391.282051282052 4515.8974358974365 4494.871794871796 4731.794871794872 4322.051282051282 4385.641025641026 4734.871794871796 4045.1282051282055 3913.333333333334 4250.256410256411 4593.846153846154 4393.846153846154 
4522.564102564103 4042.0512820512827 4394.871794871796 4517.948717948719 4495.8974358974365 4733.333333333334 4326.153846153847 4384.615384615385 4734.871794871796 4043.589743589744 3912.820512820513 4249.2307692307695 4591.794871794872 4391.794871794872 
4524.102564102564 4039.48717948718 4394.871794871796 4516.410256410257 4497.435897435898 4733.333333333334 4328.205128205129 4383.076923076924 4736.923076923077 4043.076923076924 3913.333333333334 4249.2307692307695 4593.333333333334 4390.769230769231 
4523.589743589744 4041.0256410256416 4393.333333333334 4514.358974358975 4498.461538461539 4732.820512820514 4327.6923076923085 4383.589743589744 4737.948717948719 4044.615384615385 3914.358974358975 4250.256410256411 4595.384615384616 4391.794871794872 
4521.025641025642 4041.0256410256416 4394.358974358975 4516.410256410257 4497.435897435898 4732.820512820514 4327.179487179487 4384.615384615385 4737.435897435898 4043.589743589744 3913.8461538461543 4250.256410256411 4593.846153846154 4392.307692307693 
4521.538461538462 4040.5128205128212 4395.384615384616 4518.461538461539 4495.8974358974365 4733.333333333334 4326.666666666667 4383.589743589744 4736.923076923077 4041.0256410256416 3913.333333333334 4249.2307692307695 4593.333333333334 4391.282051282052 
4523.589743589744 4041.538461538462 4393.846153846154 4514.871794871796 4495.384615384616 4733.846153846154 4324.102564102564 4382.564102564103 4736.410256410257 4042.564102564103 3914.358974358975 4249.2307692307695 4593.846153846154 4390.256410256411 
4523.589743589744 4039.48717948718 4391.282051282052 4515.384615384616 4497.435897435898 4733.333333333334 4316.923076923077 4384.615384615385 4734.358974358975 4045.1282051282055 3913.8461538461543 4250.256410256411 4591.794871794872 4392.307692307693 
4521.538461538462 4038.9743589743593 4391.794871794872 4520.000000000001 4496.410256410257 4733.333333333334 4315.384615384616 4384.615384615385 4735.384615384616 4044.615384615385 3912.820512820513 4250.769230769231 4592.820512820514 4395.384615384616 
4521.025641025642 4041.538461538462 4393.333333333334 4521.025641025642 4493.846153846154 4734.358974358975 4319.48717948718 4384.102564102564 4737.435897435898 4044.1025641025644 3912.820512820513 4251.794871794872 4595.384615384616 4394.871794871796 
4524.615384615385 4041.0256410256416 4392.307692307693 4518.461538461539 4496.923076923077 4733.846153846154 4324.102564102564 4385.641025641026 4734.871794871796 4043.076923076924 3912.820512820513 4252.307692307693 4593.333333333334 4391.794871794872 
