0: 0.0 0.0 0.0 0.0 0.0 0.0 0.0 0.0 0.0 0.0 0.0 0.0 0.0 0.0 
1: 0.0 0.0 0.0 0.0 0.0 0.0 0.0 0.0 0.0 0.0 0.0 0.0 0.0 0.0 
2: 4521.538461538462 4041.538461538462 4391.282051282052 4518.974358974359 4496.410256410257 4727.179487179488 4345.641025641026 4379.48717948718 4740.512820512821 4043.589743589744 3918.9743589743593 4249.2307692307695 4591.794871794872 4392.307692307693 
3: 4524.102564102564 4043.076923076924 4389.2307692307695 4521.538461538462 4496.410256410257 4725.641025641026 4346.153846153847 4380.512820512821 4742.051282051282 4048.205128205129 3916.9230769230776 4251.794871794872 4594.871794871796 4393.846153846154 
4: 4523.589743589744 4043.076923076924 4390.769230769231 4522.051282051282 4497.435897435898 4724.615384615386 4345.128205128206 4380.000000000001 4741.025641025642 4046.1538461538466 3915.3846153846157 4253.846153846154 4599.48717948718 4393.333333333334 
5: 4523.589743589744 4041.0256410256416 4391.282051282052 4520.512820512821 4499.48717948718 4728.205128205129 4345.128205128206 4380.512820512821 4739.48717948718 4042.564102564103 3918.461538461539 4253.333333333334 4595.8974358974365 4393.333333333334 
6: 4524.615384615385 4040.5128205128212 4392.820512820514 4518.974358974359 4498.461538461539 4729.2307692307695 4346.153846153847 4384.102564102564 4739.48717948718 4043.589743589744 3921.0256410256416 4253.333333333334 4592.820512820514 4394.871794871796 
7: 4524.615384615385 4043.589743589744 4393.333333333334 4518.461538461539 4496.923076923077 4726.153846153847 4345.128205128206 4383.076923076924 4741.025641025642 4045.6410256410263 3919.48717948718 4253.846153846154 4599.48717948718 4393.333333333334 
8: 4518.974358974359 4040.5128205128212 4389.743589743591 4518.461538461539 4498.461538461539 4724.615384615386 4345.128205128206 4382.564102564103 4742.051282051282 4044.1025641025644 3917.435897435898 4254.358974358975 4599.48717948718 4388.205128205129 
9: 4520.000000000001 4042.564102564103 4386.666666666667 4517.948717948719 4497.435897435898 4726.666666666667 4345.641025641026 4382.564102564103 4740.000000000001 4045.1282051282055 3918.9743589743593 4251.794871794872 4593.846153846154 4393.333333333334 
10: 4522.051282051282 4042.564102564103 4388.717948717949 4516.923076923077 4493.846153846154 4726.666666666667 4346.666666666667 4381.538461538462 4739.48717948718 4047.692307692308 3919.48717948718 4250.769230769231 4593.333333333334 4394.871794871796 
11: 4520.512820512821 4039.48717948718 4388.717948717949 4518.974358974359 4495.384615384616 4727.6923076923085 4348.205128205129 4380.512820512821 4740.512820512821 4043.076923076924 3916.410256410257 4250.256410256411 4595.8974358974365 4389.743589743591 
12: 4518.974358974359 4037.435897435898 4390.256410256411 4521.538461538462 4500.000000000001 4728.717948717949 4348.205128205129 4382.564102564103 4740.000000000001 4040.5128205128212 3918.461538461539 4252.307692307693 4594.358974358975 4387.6923076923085 
13: 4522.051282051282 4042.0512820512827 4390.769230769231 4518.461538461539 4498.974358974359 4727.6923076923085 4347.179487179487 4381.025641025642 4739.48717948718 4047.1794871794878 3921.0256410256416 4252.307692307693 4594.358974358975 4391.282051282052 
14: 4521.538461538462 4043.589743589744 4388.205128205129 4515.8974358974365 4496.410256410257 4726.153846153847 4346.153846153847 4378.461538461539 4742.564102564103 4049.23076923077 3917.9487179487182 4252.307692307693 4597.948717948719 4390.769230769231 
15: 4520.000000000001 4041.538461538462 4388.205128205129 4518.461538461539 4500.000000000001 4729.2307692307695 4346.666666666667 4381.538461538462 4742.564102564103 4043.589743589744 3914.8717948717954 4252.307692307693 4595.8974358974365 4388.205128205129 
16: 4522.051282051282 4042.0512820512827 4391.794871794872 4520.512820512821 4501.538461538462 4728.205128205129 4348.205128205129 4384.615384615385 4741.025641025642 4043.589743589744 3920.5128205128212 4250.769230769231 4595.384615384616 4393.846153846154 
17: 4524.102564102564 4042.564102564103 4391.282051282052 4517.948717948719 4501.538461538462 4726.153846153847 4349.743589743591 4383.076923076924 4741.025641025642 4046.1538461538466 3923.076923076924 4248.717948717949 4597.435897435898 4393.333333333334 
18: 4523.589743589744 4043.076923076924 4389.2307692307695 4517.435897435898 4497.435897435898 4727.179487179488 4345.128205128206 4383.589743589744 4742.051282051282 4043.589743589744 3921.0256410256416 4252.307692307693 4596.923076923077 4392.307692307693 
19: 4522.564102564103 4043.076923076924 4391.794871794872 4520.512820512821 4493.333333333334 4728.205128205129 4343.589743589744 4385.641025641026 4742.051282051282 4042.564102564103 3920.0000000000005 4254.871794871796 4594.358974358975 4396.410256410257 
20: 4523.076923076924 4041.0256410256416 4391.794871794872 4520.512820512821 4495.8974358974365 4727.179487179488 4347.179487179487 4381.025641025642 4741.025641025642 4045.1282051282055 3918.9743589743593 4250.769230769231 4595.8974358974365 4394.358974358975 
21: 4524.102564102564 4037.435897435898 4388.205128205129 4517.435897435898 4500.000000000001 4726.666666666667 4345.641025641026 4379.48717948718 4740.512820512821 4047.1794871794878 3920.0000000000005 4251.794871794872 4596.410256410257 4391.282051282052 
22: 4522.051282051282 4037.435897435898 4388.717948717949 4519.48717948718 4498.461538461539 4727.6923076923085 4345.641025641026 4385.128205128206 4738.461538461539 4045.1282051282055 3920.0000000000005 4252.820512820514 4593.846153846154 4394.358974358975 
23: 4522.051282051282 4041.0256410256416 4393.333333333334 4523.589743589744 4494.358974358975 4727.179487179488 4346.153846153847 4384.615384615385 4738.974358974359 4043.076923076924 3920.0000000000005 4250.769230769231 4595.8974358974365 4398.461538461539 
24: 4523.076923076924 4044.1025641025644 4392.820512820514 4521.538461538462 4497.435897435898 4728.717948717949 4345.641025641026 4380.000000000001 4740.512820512821 4045.6410256410263 3919.48717948718 4249.2307692307695 4597.948717948719 4394.871794871796 
25: 4520.000000000001 4040.5128205128212 4391.282051282052 4516.923076923077 4498.974358974359 4728.717948717949 4345.641025641026 4382.051282051282 4741.538461538462 4048.717948717949 3921.538461538462 4254.358974358975 4595.8974358974365 4395.384615384616 
26: 4519.48717948718 4038.9743589743593 4392.307692307693 4517.948717948719 4498.461538461539 4727.179487179488 4347.179487179487 4385.128205128206 4740.512820512821 4047.692307692308 3920.0000000000005 4254.871794871796 4595.384615384616 4396.923076923077 
27: 4522.051282051282 4039.48717948718 4391.794871794872 4519.48717948718 4498.974358974359 4727.179487179488 4345.641025641026 4384.615384615385 4738.974358974359 4045.6410256410263 3919.48717948718 4251.794871794872 4595.8974358974365 4393.333333333334 
28: 4523.589743589744 4042.564102564103 4390.256410256411 4516.410256410257 4498.974358974359 4728.717948717949 4344.102564102564 4382.051282051282 4739.48717948718 4045.6410256410263 3920.5128205128212 4253.333333333334 4594.871794871796 4394.358974358975 
29: 4521.025641025642 4040.0000000000005 4391.794871794872 4515.8974358974365 4496.410256410257 4728.205128205129 4345.641025641026 4383.589743589744 4742.564102564103 4046.1538461538466 3918.9743589743593 4254.871794871796 4596.410256410257 4395.384615384616 
30: 4523.076923076924 4042.0512820512827 4392.307692307693 4520.512820512821 4495.8974358974365 4727.179487179488 4346.666666666667 4382.051282051282 4741.538461538462 4046.1538461538466 3917.9487179487182 4253.846153846154 4600.512820512821 4395.384615384616 
31: 4522.564102564103 4040.5128205128212 4389.743589743591 4521.025641025642 4498.461538461539 4728.717948717949 4347.179487179487 4380.512820512821 4738.461538461539 4047.1794871794878 3918.461538461539 4253.333333333334 4594.358974358975 4393.846153846154 
32: 4523.076923076924 4038.461538461539 4388.205128205129 4516.923076923077 4497.948717948719 4728.205128205129 4346.153846153847 4381.538461538462 4738.974358974359 4048.205128205129 3918.9743589743593 4253.333333333334 4591.794871794872 4394.358974358975 
33: 4524.615384615385 4040.0000000000005 4390.256410256411 4516.410256410257 4497.948717948719 4727.179487179488 4345.128205128206 4383.076923076924 4740.512820512821 4048.717948717949 3918.461538461539 4252.820512820514 4597.948717948719 4392.307692307693 
34: 4522.051282051282 4041.0256410256416 4391.282051282052 4520.512820512821 4499.48717948718 4728.205128205129 4345.128205128206 4381.538461538462 4738.974358974359 4047.1794871794878 3918.461538461539 4252.820512820514 4598.974358974359 4392.307692307693 
35: 4518.461538461539 4041.0256410256416 4389.743589743591 4521.538461538462 4499.48717948718 4728.717948717949 4345.128205128206 4382.051282051282 4738.974358974359 4045.6410256410263 3918.9743589743593 4251.282051282052 4592.307692307693 4392.820512820514 
36: 4519.48717948718 4041.0256410256416 4389.2307692307695 4518.461538461539 4498.974358974359 4728.717948717949 4344.615384615385 4385.128205128206 4741.025641025642 4045.6410256410263 3920.0000000000005 4250.256410256411 4592.820512820514 4391.282051282052 
37: 4521.025641025642 4040.5128205128212 4390.256410256411 4516.923076923077 4498.461538461539 4728.717948717949 4345.641025641026 4384.615384615385 4741.025641025642 4044.1025641025644 3919.48717948718 4251.282051282052 4596.923076923077 4392.307692307693 
38: 4518.461538461539 4041.0256410256416 4391.282051282052 4518.461538461539 4498.461538461539 4727.179487179488 4346.153846153847 4384.102564102564 4740.000000000001 4044.1025641025644 3919.48717948718 4251.282051282052 4597.435897435898 4393.846153846154 
39: 4520.000000000001 4046.1538461538466 4387.6923076923085 4519.48717948718 4498.974358974359 4725.641025641026 4345.641025641026 4382.564102564103 4739.48717948718 4044.615384615385 3920.0000000000005 4250.256410256411 4596.923076923077 4392.307692307693 
40: 4524.102564102564 4042.0512820512827 4388.205128205129 4517.948717948719 4498.461538461539 4725.128205128206 4346.666666666667 4381.025641025642 4739.48717948718 4045.1282051282055 3918.9743589743593 4254.358974358975 4594.358974358975 4391.282051282052 
41: 4523.076923076924 4037.435897435898 4391.794871794872 4519.48717948718 4495.8974358974365 4727.179487179488 4348.205128205129 4381.025641025642 4738.461538461539 4046.666666666667 3917.9487179487182 4254.358974358975 4595.384615384616 4392.820512820514 
42: 4518.974358974359 4039.48717948718 4391.794871794872 4518.461538461539 4496.923076923077 4727.6923076923085 4347.179487179487 4384.615384615385 4739.48717948718 4045.6410256410263 3918.461538461539 4250.769230769231 4596.410256410257 4393.333333333334 
43: 4520.512820512821 4045.1282051282055 4389.743589743591 4516.923076923077 4497.948717948719 4727.6923076923085 4346.153846153847 4385.128205128206 4740.512820512821 4045.1282051282055 3918.9743589743593 4249.74358974359 4597.948717948719 4393.333333333334 
44: 4522.564102564103 4041.538461538462 4391.282051282052 4517.435897435898 4494.358974358975 4727.6923076923085 4347.6923076923085 4382.051282051282 4741.025641025642 4049.23076923077 3917.435897435898 4251.282051282052 4597.948717948719 4390.769230769231 
45: 4523.589743589744 4039.48717948718 4391.794871794872 4517.435897435898 4495.384615384616 4727.179487179488 4348.717948717949 4379.48717948718 4740.512820512821 4048.717948717949 3916.9230769230776 4250.769230769231 4595.8974358974365 4390.256410256411 
46: 4522.564102564103 4040.0000000000005 4390.769230769231 4517.435897435898 4497.948717948719 4726.153846153847 4347.179487179487 4382.051282051282 4740.512820512821 4043.076923076924 3918.461538461539 4251.282051282052 4595.8974358974365 4392.307692307693 
47: 4523.589743589744 4041.538461538462 4391.282051282052 4516.923076923077 4496.923076923077 4728.717948717949 4345.128205128206 4384.102564102564 4740.000000000001 4044.615384615385 3917.435897435898 4250.256410256411 4597.435897435898 4394.358974358975 
48: 4523.076923076924 4038.9743589743593 4392.820512820514 4515.384615384616 4495.8974358974365 4729.743589743591 4344.615384615385 4383.589743589744 4740.512820512821 4047.1794871794878 3915.8974358974365 4249.74358974359 4595.384615384616 4393.846153846154 
49: 4522.564102564103 4040.0000000000005 4392.307692307693 4516.410256410257 4497.948717948719 4728.205128205129 4344.615384615385 4382.051282051282 4740.000000000001 4045.6410256410263 3917.435897435898 4250.769230769231 4594.871794871796 4394.871794871796 
50: 4521.025641025642 4043.076923076924 4391.282051282052 4520.512820512821 4497.435897435898 4726.153846153847 4343.076923076924 4382.051282051282 4740.000000000001 4045.6410256410263 3919.48717948718 4252.307692307693 4596.923076923077 4394.871794871796 
51: 4520.000000000001 4041.538461538462 4390.769230769231 4520.512820512821 4496.410256410257 4727.179487179488 4343.589743589744 4381.025641025642 4739.48717948718 4045.6410256410263 3919.48717948718 4250.256410256411 4597.435897435898 4393.333333333334 
52: 4522.564102564103 4038.9743589743593 4391.282051282052 4516.410256410257 4496.410256410257 4727.6923076923085 4345.641025641026 4380.000000000001 4738.461538461539 4046.1538461538466 3918.9743589743593 4249.74358974359 4598.461538461539 4391.794871794872 
53: 4523.589743589744 4041.0256410256416 4391.794871794872 4518.974358974359 4495.8974358974365 4724.615384615386 4345.128205128206 4382.051282051282 4738.974358974359 4048.717948717949 3918.461538461539 4252.820512820514 4596.923076923077 4391.282051282052 
54: 4522.051282051282 4043.076923076924 4390.769230769231 4522.051282051282 4497.948717948719 4726.153846153847 4345.128205128206 4382.564102564103 4740.000000000001 4049.23076923077 3918.461538461539 4252.307692307693 4597.435897435898 4393.846153846154 
55: 4520.512820512821 4040.5128205128212 4390.769230769231 4517.435897435898 4497.435897435898 4728.717948717949 4347.6923076923085 4382.564102564103 4741.538461538462 4046.666666666667 3920.0000000000005 4250.256410256411 4599.48717948718 4393.846153846154 
56: 4523.076923076924 4041.538461538462 4390.769230769231 4515.8974358974365 4497.435897435898 4727.179487179488 4348.205128205129 4381.538461538462 4741.538461538462 4047.1794871794878 3919.48717948718 4250.769230769231 4598.974358974359 4392.820512820514 
57: 4522.051282051282 4042.0512820512827 4391.794871794872 4519.48717948718 4500.000000000001 4724.615384615386 4345.641025641026 4382.051282051282 4741.025641025642 4048.205128205129 3918.461538461539 4252.820512820514 4593.846153846154 4393.846153846154 
58: 4521.025641025642 4041.538461538462 4391.282051282052 4516.923076923077 4496.923076923077 4728.205128205129 4344.102564102564 4380.512820512821 4739.48717948718 4046.1538461538466 3918.461538461539 4250.769230769231 4592.820512820514 4396.923076923077 
59: 4521.025641025642 4040.0000000000005 4391.282051282052 4514.871794871796 4494.871794871796 4729.743589743591 4345.128205128206 4380.512820512821 4739.48717948718 4044.1025641025644 3918.9743589743593 4249.74358974359 4592.820512820514 4396.410256410257 
60: 4522.051282051282 4042.564102564103 4391.282051282052 4520.512820512821 4498.974358974359 4726.153846153847 4346.666666666667 4382.051282051282 4741.538461538462 4044.615384615385 3918.461538461539 4249.74358974359 4595.384615384616 4393.333333333334 
61: 4518.974358974359 4042.0512820512827 4392.307692307693 4520.000000000001 4500.000000000001 4724.102564102564 4346.666666666667 4384.102564102564 4743.076923076924 4048.205128205129 3916.9230769230776 4252.307692307693 4597.948717948719 4391.282051282052 
62: 4518.461538461539 4041.538461538462 4391.282051282052 4516.923076923077 4497.435897435898 4728.717948717949 4345.641025641026 4382.564102564103 4740.512820512821 4048.205128205129 3916.9230769230776 4253.846153846154 4596.410256410257 4392.307692307693 
63: 4521.025641025642 4039.48717948718 4391.282051282052 4518.461538461539 4497.948717948719 4730.256410256411 4346.153846153847 4383.076923076924 4740.000000000001 4047.1794871794878 3918.9743589743593 4251.282051282052 4594.358974358975 4393.846153846154 
64: 4522.564102564103 4041.0256410256416 4391.794871794872 4517.435897435898 4498.974358974359 4727.179487179488 4347.6923076923085 4383.589743589744 4741.025641025642 4047.1794871794878 3918.9743589743593 4250.769230769231 4596.410256410257 4394.871794871796 
65: 4521.538461538462 4042.0512820512827 4391.282051282052 4515.8974358974365 4496.410256410257 4725.128205128206 4346.666666666667 4382.051282051282 4740.512820512821 4046.1538461538466 3917.9487179487182 4254.871794871796 4595.8974358974365 4394.358974358975 
66: 4522.051282051282 4041.0256410256416 4389.743589743591 4516.923076923077 4494.871794871796 4727.6923076923085 4346.666666666667 4381.538461538462 4739.48717948718 4046.1538461538466 3917.9487179487182 4254.871794871796 4593.846153846154 4394.358974358975 
67: 4522.564102564103 4038.9743589743593 4388.717948717949 4517.435897435898 4497.435897435898 4728.717948717949 4348.717948717949 4382.051282051282 4740.000000000001 4046.1538461538466 3917.435897435898 4252.307692307693 4593.846153846154 4394.358974358975 
68: 4523.076923076924 4041.0256410256416 4390.256410256411 4517.435897435898 4498.974358974359 4726.153846153847 4347.179487179487 4381.025641025642 4741.025641025642 4045.1282051282055 3917.9487179487182 4250.256410256411 4595.384615384616 4393.333333333334 
69: 4522.051282051282 4042.0512820512827 4392.307692307693 4519.48717948718 4496.923076923077 4726.666666666667 4343.589743589744 4381.538461538462 4741.025641025642 4045.1282051282055 3917.9487179487182 4250.256410256411 4594.358974358975 4393.846153846154 
70: 4520.512820512821 4038.9743589743593 4393.333333333334 4518.461538461539 4496.410256410257 4728.205128205129 4344.615384615385 4384.615384615385 4741.538461538462 4045.1282051282055 3918.9743589743593 4252.820512820514 4594.358974358975 4395.384615384616 
71: 4524.615384615385 4038.9743589743593 4391.794871794872 4515.8974358974365 4499.48717948718 4728.717948717949 4347.179487179487 4382.051282051282 4742.051282051282 4043.076923076924 3919.48717948718 4253.333333333334 4595.384615384616 4394.358974358975 
72: 4525.128205128206 4038.461538461539 4390.769230769231 4517.948717948719 4500.512820512821 4726.153846153847 4346.666666666667 4380.512820512821 4740.512820512821 4042.564102564103 3919.48717948718 4251.282051282052 4595.384615384616 4393.846153846154 
73: 4522.564102564103 4040.0000000000005 4391.282051282052 4520.000000000001 4497.948717948719 4726.666666666667 4344.615384615385 4381.025641025642 4740.000000000001 4044.615384615385 3918.9743589743593 4249.74358974359 4594.871794871796 4395.384615384616 
74: 4522.051282051282 4040.0000000000005 4391.282051282052 4518.974358974359 4495.8974358974365 4728.717948717949 4344.102564102564 4381.538461538462 4740.512820512821 4044.615384615385 3919.48717948718 4250.769230769231 4593.846153846154 4394.358974358975 
75: 4523.076923076924 4041.0256410256416 4388.205128205129 4518.974358974359 4496.923076923077 4729.743589743591 4346.666666666667 4381.025641025642 4740.000000000001 4046.1538461538466 3919.48717948718 4250.769230769231 4593.333333333334 4392.820512820514 
76: 4518.461538461539 4038.461538461539 4388.717948717949 4518.974358974359 4496.923076923077 4728.717948717949 4348.205128205129 4382.564102564103 4737.435897435898 4048.205128205129 3919.48717948718 4252.307692307693 4592.820512820514 4392.307692307693 
77: 4520.000000000001 4040.0000000000005 4391.794871794872 4517.435897435898 4497.948717948719 4727.179487179488 4346.153846153847 4382.564102564103 4737.435897435898 4044.615384615385 3919.48717948718 4250.256410256411 4594.871794871796 4394.358974358975 
78: 4522.564102564103 4044.1025641025644 4391.794871794872 4516.923076923077 4497.948717948719 4728.205128205129 4345.128205128206 4382.051282051282 4738.461538461539 4043.589743589744 3918.9743589743593 4249.74358974359 4596.923076923077 4394.871794871796 
79: 4522.564102564103 4044.615384615385 4391.282051282052 4517.948717948719 4496.410256410257 4729.743589743591 4346.666666666667 4382.564102564103 4738.974358974359 4047.692307692308 3918.9743589743593 4251.794871794872 4597.948717948719 4395.8974358974365 
80: 4523.076923076924 4042.0512820512827 4392.820512820514 4517.948717948719 4495.384615384616 4728.717948717949 4348.205128205129 4383.589743589744 4739.48717948718 4046.666666666667 3919.48717948718 4251.794871794872 4597.435897435898 4395.384615384616 
81: 4524.102564102564 4042.0512820512827 4393.333333333334 4518.461538461539 4497.948717948719 4728.717948717949 4347.179487179487 4383.589743589744 4740.000000000001 4043.589743589744 3918.9743589743593 4249.74358974359 4596.410256410257 4392.820512820514 
82: 4521.025641025642 4042.0512820512827 4393.846153846154 4518.974358974359 4498.974358974359 4727.179487179488 4346.666666666667 4383.076923076924 4740.000000000001 4043.076923076924 3916.9230769230776 4249.74358974359 4594.871794871796 4392.307692307693 
83: 4520.000000000001 4042.564102564103 4393.333333333334 4521.538461538462 4497.435897435898 4725.641025641026 4347.179487179487 4384.102564102564 4738.974358974359 4045.6410256410263 3917.435897435898 4250.769230769231 4596.410256410257 4394.358974358975 
84: 4522.051282051282 4042.564102564103 4392.307692307693 4521.025641025642 4498.461538461539 4726.153846153847 4347.6923076923085 4383.076923076924 4740.512820512821 4047.1794871794878 3918.461538461539 4251.282051282052 4598.974358974359 4393.333333333334 
85: 4522.051282051282 4040.5128205128212 4391.794871794872 4518.974358974359 4499.48717948718 4726.153846153847 4346.666666666667 4380.000000000001 4743.076923076924 4046.1538461538466 3918.461538461539 4252.820512820514 4595.8974358974365 4390.769230769231 
86: 4523.589743589744 4039.48717948718 4392.820512820514 4518.974358974359 4498.974358974359 4726.153846153847 4346.666666666667 4378.974358974359 4740.512820512821 4045.6410256410263 3918.461538461539 4251.794871794872 4593.846153846154 4394.358974358975 
87: 4525.641025641026 4040.0000000000005 4393.846153846154 4520.512820512821 4497.948717948719 4727.179487179488 4346.666666666667 4380.512820512821 4738.461538461539 4045.1282051282055 3918.461538461539 4252.307692307693 4595.384615384616 4396.923076923077 
88: 4525.128205128206 4040.5128205128212 4391.282051282052 4520.000000000001 4498.974358974359 4727.179487179488 4347.6923076923085 4382.051282051282 4741.025641025642 4044.1025641025644 3918.461538461539 4254.871794871796 4597.948717948719 4393.333333333334 
89: 4522.564102564103 4037.9487179487182 4388.717948717949 4518.461538461539 4497.948717948719 4725.641025641026 4347.179487179487 4384.102564102564 4742.564102564103 4045.6410256410263 3918.461538461539 4252.820512820514 4596.410256410257 4390.256410256411 
90: 4522.051282051282 4040.0000000000005 4388.717948717949 4517.435897435898 4496.410256410257 4729.743589743591 4347.179487179487 4383.589743589744 4738.461538461539 4048.717948717949 3917.9487179487182 4247.6923076923085 4596.410256410257 4394.871794871796 
91: 4521.538461538462 4038.9743589743593 4390.769230769231 4516.923076923077 4498.974358974359 4730.256410256411 4346.153846153847 4384.102564102564 4738.461538461539 4045.6410256410263 3918.461538461539 4250.256410256411 4596.923076923077 4396.410256410257 
92: 4522.564102564103 4040.0000000000005 4389.2307692307695 4517.948717948719 4500.512820512821 4726.666666666667 4346.153846153847 4383.589743589744 4742.564102564103 4043.076923076924 3918.9743589743593 4253.846153846154 4595.384615384616 4392.307692307693 
93: 4521.025641025642 4040.5128205128212 4387.6923076923085 4517.948717948719 4498.461538461539 4726.666666666667 4346.666666666667 4383.076923076924 4743.076923076924 4048.205128205129 3918.461538461539 4252.307692307693 4596.410256410257 4391.794871794872 
94: 4522.051282051282 4043.076923076924 4388.205128205129 4519.48717948718 4497.948717948719 4729.2307692307695 4345.128205128206 4382.051282051282 4739.48717948718 4048.205128205129 3918.9743589743593 4252.307692307693 4600.000000000001 4394.358974358975 
95: 4521.538461538462 4044.1025641025644 4391.282051282052 4519.48717948718 4499.48717948718 4728.205128205129 4343.589743589744 4381.025641025642 4738.974358974359 4044.615384615385 3921.538461538462 4253.333333333334 4594.871794871796 4393.846153846154 
96: 4521.025641025642 4044.1025641025644 4391.282051282052 4518.974358974359 4499.48717948718 4726.153846153847 4343.589743589744 4378.974358974359 4740.000000000001 4045.6410256410263 3921.0256410256416 4250.769230769231 4592.820512820514 4391.794871794872 
97: 4520.000000000001 4041.538461538462 4389.2307692307695 4519.48717948718 4498.461538461539 4726.153846153847 4344.615384615385 4380.000000000001 4741.025641025642 4047.1794871794878 3918.461538461539 4248.717948717949 4597.435897435898 4391.282051282052 
98: 4521.538461538462 4041.0256410256416 4391.282051282052 4518.461538461539 4498.461538461539 4729.743589743591 4346.153846153847 4381.538461538462 4739.48717948718 4047.1794871794878 3917.9487179487182 4250.256410256411 4595.384615384616 4397.435897435898 
99: 4523.076923076924 4042.0512820512827 4392.820512820514 4517.948717948719 4500.000000000001 4730.256410256411 4346.153846153847 4382.051282051282 4737.948717948719 4048.717948717949 3917.9487179487182 4251.794871794872 4593.846153846154 4397.948717948719 
100: 4521.025641025642 4043.589743589744 4390.769230769231 4518.974358974359 4498.974358974359 4726.666666666667 4345.641025641026 4383.589743589744 4738.974358974359 4047.1794871794878 3917.9487179487182 4251.794871794872 4596.410256410257 4390.256410256411 
101: 4521.538461538462 4044.1025641025644 4389.743589743591 4518.974358974359 4497.435897435898 4726.153846153847 4347.6923076923085 4381.538461538462 4741.538461538462 4042.564102564103 3917.435897435898 4249.74358974359 4596.410256410257 4390.769230769231 
102: 4521.538461538462 4040.5128205128212 4391.794871794872 4518.974358974359 4498.461538461539 4727.179487179488 4348.717948717949 4380.000000000001 4741.025641025642 4043.589743589744 3917.9487179487182 4249.74358974359 4597.435897435898 4396.410256410257 
103: 4521.025641025642 4038.9743589743593 4391.794871794872 4519.48717948718 4496.923076923077 4727.179487179488 4345.641025641026 4380.000000000001 4741.025641025642 4047.1794871794878 3917.435897435898 4250.256410256411 4597.435897435898 4394.871794871796 
104: 4521.538461538462 4039.48717948718 4390.769230769231 4516.923076923077 4495.384615384616 4727.6923076923085 4345.641025641026 4381.025641025642 4740.512820512821 4044.1025641025644 3917.435897435898 4249.74358974359 4594.358974358975 4390.769230769231 
105: 4524.615384615385 4042.0512820512827 4390.256410256411 4518.461538461539 4498.461538461539 4729.743589743591 4347.179487179487 4380.512820512821 4736.923076923077 4038.461538461539 3918.461538461539 4249.74358974359 4596.410256410257 4392.820512820514 
106: 4522.564102564103 4042.564102564103 4392.307692307693 4520.512820512821 4497.948717948719 4728.717948717949 4346.153846153847 4382.051282051282 4737.948717948719 4040.5128205128212 3919.48717948718 4251.794871794872 4595.384615384616 4394.358974358975 
107: 4522.051282051282 4044.1025641025644 4392.820512820514 4516.923076923077 4495.384615384616 4726.666666666667 4346.153846153847 4382.051282051282 4738.974358974359 4045.6410256410263 3917.9487179487182 4250.769230769231 4594.358974358975 4394.358974358975 
108: 4524.102564102564 4041.0256410256416 4390.256410256411 4515.8974358974365 4496.923076923077 4724.615384615386 4347.179487179487 4381.538461538462 4738.974358974359 4046.666666666667 3917.9487179487182 4252.820512820514 4598.974358974359 4392.307692307693 
109: 4524.615384615385 4041.0256410256416 4389.2307692307695 4520.512820512821 4498.461538461539 4726.153846153847 4347.6923076923085 4381.538461538462 4738.974358974359 4046.666666666667 3918.461538461539 4254.871794871796 4597.948717948719 4392.820512820514 
110: 4521.025641025642 4041.0256410256416 4391.282051282052 4519.48717948718 4496.410256410257 4727.6923076923085 4345.641025641026 4383.589743589744 4740.000000000001 4045.6410256410263 3918.9743589743593 4253.846153846154 4593.333333333334 4394.871794871796 
111: 4521.538461538462 4042.0512820512827 4391.282051282052 4515.8974358974365 4497.435897435898 4726.666666666667 4343.589743589744 4383.589743589744 4739.48717948718 4045.6410256410263 3917.9487179487182 4250.769230769231 4595.384615384616 4394.358974358975 
112: 4522.564102564103 4038.461538461539 4391.282051282052 4517.948717948719 4500.000000000001 4725.641025641026 4346.153846153847 4382.564102564103 4740.000000000001 4047.692307692308 3917.435897435898 4250.256410256411 4595.384615384616 4392.307692307693 
113: 4523.076923076924 4038.461538461539 4391.794871794872 4521.538461538462 4499.48717948718 4728.205128205129 4346.153846153847 4384.615384615385 4741.025641025642 4046.1538461538466 3917.9487179487182 4249.74358974359 4594.871794871796 4391.794871794872 
114: 4520.512820512821 4040.0000000000005 4392.820512820514 4521.025641025642 4496.410256410257 4728.717948717949 4343.589743589744 4386.153846153847 4738.461538461539 4041.0256410256416 3917.9487179487182 4250.256410256411 4595.8974358974365 4390.256410256411 
115: 4519.48717948718 4040.0000000000005 4392.307692307693 4517.435897435898 4497.948717948719 4728.205128205129 4344.615384615385 4383.076923076924 4738.974358974359 4043.589743589744 3918.9743589743593 4251.794871794872 4595.8974358974365 4391.282051282052 
116: 4521.025641025642 4040.0000000000005 4389.743589743591 4515.8974358974365 4499.48717948718 4728.205128205129 4347.6923076923085 4382.051282051282 4741.538461538462 4047.692307692308 3920.0000000000005 4251.282051282052 4595.384615384616 4393.333333333334 
117: 4521.538461538462 4042.0512820512827 4388.717948717949 4516.923076923077 4495.8974358974365 4727.6923076923085 4345.641025641026 4383.589743589744 4739.48717948718 4046.1538461538466 3920.5128205128212 4250.256410256411 4594.358974358975 4392.307692307693 
118: 4519.48717948718 4041.0256410256416 4391.794871794872 4517.948717948719 4494.358974358975 4726.666666666667 4343.589743589744 4381.025641025642 4738.974358974359 4045.6410256410263 3918.461538461539 4250.769230769231 4594.358974358975 4392.307692307693 
119: 4518.974358974359 4040.0000000000005 4393.846153846154 4517.948717948719 4496.923076923077 4727.179487179488 4344.102564102564 4380.000000000001 4742.564102564103 4045.6410256410263 3917.435897435898 4252.820512820514 4596.410256410257 4393.333333333334 
120: 4523.076923076924 4043.589743589744 4390.769230769231 4518.974358974359 4497.948717948719 4727.6923076923085 4346.153846153847 4383.076923076924 4741.538461538462 4043.589743589744 3918.9743589743593 4252.820512820514 4595.384615384616 4393.846153846154 
121: 4522.564102564103 4043.076923076924 4390.256410256411 4520.000000000001 4496.410256410257 4727.179487179488 4346.666666666667 4385.641025641026 4738.461538461539 4045.1282051282055 3919.48717948718 4252.820512820514 4594.358974358975 4392.820512820514 
122: 4523.589743589744 4042.0512820512827 4390.769230769231 4518.974358974359 4496.410256410257 4728.717948717949 4346.666666666667 4384.102564102564 4739.48717948718 4046.666666666667 3917.9487179487182 4251.794871794872 4596.923076923077 4392.307692307693 
123: 4523.589743589744 4038.461538461539 4390.769230769231 4517.948717948719 4498.461538461539 4728.205128205129 4345.641025641026 4383.589743589744 4741.025641025642 4045.1282051282055 3916.9230769230776 4251.282051282052 4596.410256410257 4391.282051282052 
124: 4523.589743589744 4041.538461538462 4389.2307692307695 4518.461538461539 4499.48717948718 4726.153846153847 4345.128205128206 4383.589743589744 4738.974358974359 4045.6410256410263 3916.410256410257 4252.820512820514 4595.8974358974365 4390.769230769231 
125: 4520.512820512821 4041.538461538462 4389.743589743591 4520.000000000001 4496.923076923077 4725.641025641026 4344.102564102564 4385.128205128206 4739.48717948718 4045.6410256410263 3918.9743589743593 4253.333333333334 4595.8974358974365 4391.282051282052 
126: 4520.512820512821 4040.0000000000005 4390.256410256411 4517.948717948719 4496.410256410257 4729.2307692307695 4344.615384615385 4383.589743589744 4740.512820512821 4045.6410256410263 3922.0512820512827 4250.769230769231 4594.871794871796 4393.333333333334 
127: 4524.102564102564 4037.9487179487182 4389.743589743591 4514.358974358975 4499.48717948718 4729.2307692307695 4346.153846153847 4382.564102564103 4743.076923076924 4046.1538461538466 3920.5128205128212 4251.794871794872 4593.333333333334 4393.333333333334 
