4495.384615384616 4070.7692307692314 4408.205128205129 4517.948717948719 4485.128205128206 4724.102564102564 4336.410256410257 4382.564102564103 4725.128205128206 4062.0512820512827 3934.358974358975 4348.205128205129 4613.333333333334 4394.358974358975 
4494.871794871796 4073.333333333334 4410.256410256411 4519.48717948718 4488.205128205129 4725.128205128206 4342.051282051282 4382.051282051282 4727.6923076923085 4062.564102564103 3937.435897435898 4349.2307692307695 4613.333333333334 4394.358974358975 
4492.820512820514 4072.307692307693 4405.128205128206 4517.948717948719 4491.794871794872 4724.615384615386 4343.589743589744 4383.076923076924 4725.641025641026 4063.076923076924 3932.820512820513 4344.615384615385 4611.282051282052 4395.8974358974365 
4504.102564102564 4074.358974358975 4408.717948717949 4516.410256410257 4487.179487179488 4717.435897435898 4342.051282051282 4383.076923076924 4726.153846153847 4063.589743589744 3931.2820512820517 4343.589743589744 4616.923076923077 4396.410256410257 
4505.128205128206 4073.333333333334 4401.538461538462 4517.948717948719 4484.615384615385 4718.974358974359 4332.820512820514 4382.564102564103 4727.6923076923085 4063.076923076924 3934.8717948717954 4342.051282051282 4616.410256410257 4393.333333333334 
4494.871794871796 4068.205128205129 4400.000000000001 4514.358974358975 4489.743589743591 4721.538461538462 4328.717948717949 4384.615384615385 4727.6923076923085 4064.615384615385 3935.3846153846157 4333.846153846154 4610.256410256411 4392.820512820514 
4503.589743589744 4071.7948717948725 4415.384615384616 4517.435897435898 4489.743589743591 4718.461538461539 4334.871794871796 4381.538461538462 4725.128205128206 4065.1282051282055 3932.820512820513 4332.307692307693 4612.307692307693 4395.384615384616 
4496.923076923077 4075.8974358974365 4386.666666666667 4526.153846153847 4494.358974358975 4729.743589743591 4342.051282051282 4382.051282051282 4726.153846153847 4063.589743589744 3927.692307692308 4321.538461538462 4605.641025641026 4384.102564102564 
4494.358974358975 4073.8461538461543 4373.333333333334 4523.076923076924 4492.820512820514 4728.205128205129 4348.717948717949 4384.102564102564 4726.153846153847 4063.589743589744 3931.2820512820517 4328.205128205129 4605.128205128206 4385.128205128206 
4482.564102564103 4068.717948717949 4390.256410256411 4514.358974358975 4492.820512820514 4725.128205128206 4355.384615384616 4386.153846153847 4723.076923076924 4061.538461538462 3929.2307692307695 4330.256410256411 4602.564102564103 4390.256410256411 
4489.2307692307695 4070.2564102564106 4409.2307692307695 4516.410256410257 4489.2307692307695 4724.615384615386 4361.538461538462 4384.102564102564 4723.076923076924 4061.538461538462 3928.205128205129 4337.948717948719 4607.6923076923085 4392.307692307693 
4498.461538461539 4070.2564102564106 4395.8974358974365 4516.923076923077 4485.128205128206 4720.000000000001 4377.948717948719 4383.076923076924 4728.717948717949 4064.615384615385 3932.820512820513 4344.615384615385 4617.948717948719 4393.846153846154 
4514.871794871796 4076.410256410257 4385.128205128206 4518.974358974359 4490.256410256411 4720.000000000001 4387.179487179487 4382.051282051282 4725.641025641026 4063.076923076924 3932.820512820513 4328.717948717949 4614.358974358975 4396.923076923077 
4544.102564102564 4088.717948717949 4407.6923076923085 4531.282051282052 4484.615384615385 4706.666666666667 4370.769230769231 4380.512820512821 4729.743589743591 4064.615384615385 3927.1794871794878 4297.948717948719 4622.564102564103 4405.641025641026 
4573.846153846154 4092.307692307693 4409.743589743591 4550.256410256411 4481.538461538462 4696.923076923077 4360.000000000001 4381.025641025642 4733.333333333334 4066.1538461538466 3922.564102564103 4277.435897435898 4630.769230769231 4404.615384615385 
4520.512820512821 4085.1282051282055 4336.410256410257 4560.512820512821 4527.179487179488 4765.641025641026 4371.794871794872 4395.8974358974365 4711.282051282052 4051.7948717948725 3888.717948717949 4209.74358974359 4561.538461538462 4353.333333333334 
4505.641025641026 4097.435897435898 4369.743589743591 4551.794871794872 4507.6923076923085 4737.948717948719 4375.384615384616 4389.2307692307695 4718.461538461539 4056.9230769230776 3900.0000000000005 4215.384615384616 4584.102564102564 4370.769230769231 
4490.256410256411 4104.102564102564 4437.435897435898 4542.564102564103 4464.615384615385 4672.307692307693 4372.307692307693 4377.435897435898 4737.948717948719 4070.7692307692314 3931.7948717948725 4268.717948717949 4647.6923076923085 4413.333333333334 
4441.025641025642 4091.2820512820517 4408.717948717949 4537.435897435898 4473.846153846154 4686.666666666667 4369.2307692307695 4381.025641025642 4733.333333333334 4067.692307692308 3933.8461538461543 4282.564102564103 4639.48717948718 4404.615384615385 
4396.410256410257 4082.0512820512827 4367.179487179487 4531.794871794872 4504.102564102564 4733.846153846154 4366.153846153847 4386.153846153847 4716.923076923077 4056.9230769230776 3917.435897435898 4266.153846153847 4590.256410256411 4374.871794871796 
4421.025641025642 4085.1282051282055 4417.435897435898 4521.025641025642 4476.923076923077 4699.48717948718 4361.025641025642 4377.948717948719 4729.743589743591 4065.6410256410263 3934.358974358975 4302.564102564103 4625.128205128206 4402.564102564103 
4406.153846153847 4078.9743589743593 4413.846153846154 4521.025641025642 4479.48717948718 4704.615384615386 4365.641025641026 4381.025641025642 4726.153846153847 4065.6410256410263 3936.410256410257 4314.871794871796 4621.538461538462 4400.512820512821 
4389.743589743591 4074.358974358975 4395.8974358974365 4515.384615384616 4486.666666666667 4712.820512820514 4371.794871794872 4385.128205128206 4723.076923076924 4062.0512820512827 3934.358974358975 4318.461538461539 4610.256410256411 4389.743589743591 
4380.512820512821 4074.358974358975 4410.256410256411 4509.743589743591 4480.512820512821 4701.025641025642 4372.820512820514 4377.948717948719 4727.179487179488 4064.615384615385 3941.538461538462 4336.410256410257 4621.025641025642 4401.025641025642 
4361.025641025642 4073.333333333334 4388.717948717949 4507.179487179488 4489.2307692307695 4720.000000000001 4376.923076923077 4380.512820512821 4725.128205128206 4063.076923076924 3934.8717948717954 4324.102564102564 4607.179487179488 4396.410256410257 
4378.974358974359 4082.0512820512827 4389.743589743591 4511.794871794872 4483.076923076924 4713.333333333334 4375.8974358974365 4381.025641025642 4725.641025641026 4065.1282051282055 3936.9230769230776 4327.179487179487 4615.8974358974365 4399.48717948718 
4377.435897435898 4087.1794871794878 4394.358974358975 4518.974358974359 4484.102564102564 4708.205128205129 4378.461538461539 4380.000000000001 4726.666666666667 4066.666666666667 3935.8974358974365 4316.410256410257 4618.974358974359 4397.435897435898 
4370.769230769231 4087.692307692308 4409.2307692307695 4521.538461538462 4484.615384615385 4708.717948717949 4389.2307692307695 4377.948717948719 4724.102564102564 4065.1282051282055 3933.8461538461543 4303.076923076924 4616.923076923077 4395.8974358974365 
4371.282051282052 4082.564102564103 4410.256410256411 4519.48717948718 4484.102564102564 4709.743589743591 4400.000000000001 4380.000000000001 4725.641025641026 4063.589743589744 3929.2307692307695 4297.948717948719 4615.384615384616 4393.333333333334 
4375.384615384616 4079.48717948718 4414.871794871796 4518.461538461539 4483.076923076924 4706.153846153847 4396.410256410257 4380.512820512821 4728.205128205129 4065.6410256410263 3932.307692307693 4313.846153846154 4620.000000000001 4391.794871794872 
4351.794871794872 4074.358974358975 4413.846153846154 4511.282051282052 4483.589743589744 4711.282051282052 4390.769230769231 4380.512820512821 4726.666666666667 4064.1025641025644 3940.5128205128212 4326.153846153847 4615.8974358974365 4388.205128205129 
4342.564102564103 4071.2820512820517 4420.000000000001 4497.435897435898 4476.410256410257 4709.2307692307695 4397.948717948719 4378.461538461539 4723.589743589744 4061.538461538462 3949.7435897435903 4348.205128205129 4617.948717948719 4394.871794871796 
4336.923076923077 4063.589743589744 4418.974358974359 4492.307692307693 4479.48717948718 4714.871794871796 4402.564102564103 4379.48717948718 4722.564102564103 4062.564102564103 3947.1794871794878 4366.153846153847 4612.820512820514 4392.820512820514 
4340.000000000001 4058.461538461539 4419.48717948718 4493.333333333334 4480.512820512821 4716.923076923077 4391.282051282052 4379.48717948718 4722.564102564103 4066.1538461538466 3947.692307692308 4376.923076923077 4611.794871794872 4389.2307692307695 
4345.128205128206 4065.1282051282055 4407.6923076923085 4491.282051282052 4476.923076923077 4715.8974358974365 4380.000000000001 4379.48717948718 4722.051282051282 4066.1538461538466 3950.2564102564106 4373.846153846154 4615.384615384616 4394.358974358975 
4356.923076923077 4074.8717948717954 4393.333333333334 4492.820512820514 4480.512820512821 4714.871794871796 4381.538461538462 4382.564102564103 4724.102564102564 4064.615384615385 3943.076923076924 4365.128205128206 4615.384615384616 4400.512820512821 
4366.153846153847 4073.8461538461543 4393.846153846154 4502.564102564103 4487.179487179488 4713.846153846154 4390.256410256411 4383.076923076924 4723.589743589744 4064.1025641025644 3938.461538461539 4364.102564102564 4613.333333333334 4400.000000000001 
4365.641025641026 4069.7435897435903 4389.743589743591 4505.641025641026 4486.666666666667 4713.846153846154 4392.307692307693 4382.564102564103 4723.589743589744 4062.564102564103 3938.461538461539 4354.871794871796 4610.256410256411 4396.923076923077 
4371.794871794872 4075.3846153846157 4394.871794871796 4503.076923076924 4479.48717948718 4708.717948717949 4387.6923076923085 4381.025641025642 4727.179487179488 4063.076923076924 3940.0000000000005 4349.2307692307695 4615.8974358974365 4401.538461538462 
4358.461538461539 4075.3846153846157 4395.384615384616 4502.564102564103 4482.564102564103 4710.769230769231 4385.128205128206 4383.589743589744 4727.179487179488 4065.1282051282055 3937.9487179487182 4343.076923076924 4612.307692307693 4395.384615384616 
4353.846153846154 4071.2820512820517 4404.102564102564 4502.051282051282 4483.589743589744 4709.743589743591 4384.615384615385 4381.538461538462 4723.589743589744 4066.666666666667 3941.0256410256416 4352.820512820514 4612.307692307693 4392.307692307693 
4344.102564102564 4071.2820512820517 4397.435897435898 4497.948717948719 4484.102564102564 4711.794871794872 4377.948717948719 4382.564102564103 4725.128205128206 4063.589743589744 3942.564102564103 4353.846153846154 4610.769230769231 4391.794871794872 
4353.333333333334 4073.333333333334 4399.48717948718 4494.871794871796 4479.48717948718 4708.717948717949 4372.307692307693 4381.538461538462 4727.6923076923085 4063.076923076924 3949.2307692307695 4360.000000000001 4615.8974358974365 4393.846153846154 
4351.282051282052 4068.717948717949 4388.205128205129 4493.846153846154 4483.076923076924 4713.846153846154 4381.025641025642 4381.538461538462 4726.666666666667 4064.615384615385 3950.2564102564106 4359.48717948718 4613.333333333334 4387.6923076923085 
4356.410256410257 4069.23076923077 4384.615384615385 4494.358974358975 4482.051282051282 4712.307692307693 4384.615384615385 4383.076923076924 4724.102564102564 4064.1025641025644 3948.205128205129 4368.205128205129 4613.846153846154 4393.333333333334 
4351.282051282052 4068.205128205129 4381.025641025642 4492.307692307693 4482.051282051282 4713.333333333334 4378.461538461539 4385.128205128206 4725.128205128206 4063.589743589744 3947.692307692308 4372.820512820514 4610.256410256411 4396.923076923077 
4353.333333333334 4067.1794871794878 4395.384615384616 4488.717948717949 4480.512820512821 4709.743589743591 4375.8974358974365 4380.000000000001 4726.666666666667 4065.6410256410263 3949.7435897435903 4379.48717948718 4610.769230769231 4394.871794871796 
4344.102564102564 4063.589743589744 4400.512820512821 4489.2307692307695 4484.102564102564 4710.769230769231 4378.461538461539 4378.461538461539 4726.666666666667 4065.6410256410263 3944.615384615385 4382.564102564103 4610.769230769231 4395.8974358974365 
4338.461538461539 4065.1282051282055 4397.435897435898 4491.282051282052 4485.641025641026 4712.820512820514 4377.948717948719 4382.051282051282 4724.102564102564 4064.615384615385 3943.589743589744 4389.2307692307695 4613.333333333334 4402.051282051282 
4338.461538461539 4067.1794871794878 4395.8974358974365 4491.282051282052 4484.615384615385 4714.871794871796 4376.410256410257 4382.564102564103 4724.102564102564 4064.615384615385 3946.1538461538466 4388.717948717949 4613.846153846154 4398.974358974359 
4345.128205128206 4067.692307692308 4402.051282051282 4490.769230769231 4484.615384615385 4713.846153846154 4369.743589743591 4380.512820512821 4723.589743589744 4064.1025641025644 3946.1538461538466 4381.025641025642 4614.358974358975 4395.8974358974365 
4356.410256410257 4065.1282051282055 4403.589743589744 4492.820512820514 4483.589743589744 4711.282051282052 4362.564102564103 4380.512820512821 4723.076923076924 4064.1025641025644 3946.666666666667 4371.282051282052 4614.871794871796 4400.512820512821 
4358.974358974359 4067.1794871794878 4395.384615384616 4496.410256410257 4483.076923076924 4710.256410256411 4364.102564102564 4380.512820512821 4725.641025641026 4066.1538461538466 3944.615384615385 4357.435897435898 4614.358974358975 4397.948717948719 
4365.128205128206 4074.8717948717954 4394.871794871796 4502.564102564103 4482.564102564103 4708.205128205129 4366.666666666667 4378.974358974359 4725.641025641026 4066.666666666667 3944.615384615385 4348.205128205129 4617.435897435898 4394.871794871796 
4372.307692307693 4076.410256410257 4386.153846153847 4508.205128205129 4486.153846153847 4710.256410256411 4357.948717948719 4380.000000000001 4724.615384615386 4063.589743589744 3943.076923076924 4335.384615384616 4615.8974358974365 4394.871794871796 
4376.410256410257 4076.410256410257 4391.282051282052 4509.2307692307695 4485.128205128206 4707.6923076923085 4349.743589743591 4380.512820512821 4725.128205128206 4063.076923076924 3944.1025641025644 4341.025641025642 4616.410256410257 4395.8974358974365 
4354.871794871796 4075.3846153846157 4394.871794871796 4504.615384615385 4487.179487179488 4709.2307692307695 4347.6923076923085 4384.102564102564 4726.666666666667 4064.615384615385 3941.0256410256416 4344.615384615385 4611.794871794872 4388.717948717949 
4357.435897435898 4077.435897435898 4400.000000000001 4502.051282051282 4483.076923076924 4708.205128205129 4346.153846153847 4381.538461538462 4725.641025641026 4064.615384615385 3942.0512820512827 4350.769230769231 4616.410256410257 4392.307692307693 
4367.6923076923085 4074.8717948717954 4385.641025641026 4502.564102564103 4483.589743589744 4711.282051282052 4354.358974358975 4381.538461538462 4725.641025641026 4063.589743589744 3941.0256410256416 4347.6923076923085 4615.384615384616 4398.461538461539 
4379.48717948718 4074.8717948717954 4386.666666666667 4504.615384615385 4482.051282051282 4707.179487179488 4366.153846153847 4381.538461538462 4726.666666666667 4064.1025641025644 3942.564102564103 4352.820512820514 4616.410256410257 4402.051282051282 
4374.871794871796 4074.8717948717954 4383.589743589744 4502.564102564103 4483.589743589744 4708.717948717949 4371.282051282052 4382.564102564103 4726.666666666667 4065.6410256410263 3938.9743589743593 4346.153846153847 4611.282051282052 4397.435897435898 
4383.589743589744 4075.3846153846157 4387.6923076923085 4498.974358974359 4481.025641025642 4706.153846153847 4372.820512820514 4380.512820512821 4725.128205128206 4065.1282051282055 3937.9487179487182 4346.153846153847 4611.794871794872 4400.000000000001 
4375.8974358974365 4074.8717948717954 4385.641025641026 4502.564102564103 4484.615384615385 4709.2307692307695 4375.8974358974365 4381.025641025642 4725.641025641026 4063.589743589744 3938.461538461539 4346.666666666667 4610.769230769231 4398.461538461539 
4374.358974358975 4078.9743589743593 4390.769230769231 4508.717948717949 4485.641025641026 4708.205128205129 4368.205128205129 4382.051282051282 4726.153846153847 4064.1025641025644 3940.0000000000005 4347.6923076923085 4613.333333333334 4396.410256410257 
4372.820512820514 4078.9743589743593 4391.282051282052 4508.205128205129 4484.102564102564 4706.666666666667 4355.384615384616 4381.538461538462 4725.128205128206 4064.615384615385 3938.461538461539 4340.512820512821 4614.358974358975 4393.333333333334 
4370.256410256411 4077.435897435898 4392.307692307693 4506.153846153847 4481.538461538462 4707.6923076923085 4355.8974358974365 4380.000000000001 4723.589743589744 4063.076923076924 3940.5128205128212 4337.948717948719 4614.358974358975 4390.769230769231 
4362.564102564103 4078.461538461539 4392.820512820514 4507.179487179488 4481.025641025642 4711.794871794872 4367.179487179487 4380.512820512821 4725.641025641026 4062.0512820512827 3944.615384615385 4340.512820512821 4613.333333333334 4390.256410256411 
4362.051282051282 4077.9487179487187 4394.358974358975 4504.102564102564 4484.102564102564 4709.743589743591 4375.8974358974365 4383.589743589744 4726.153846153847 4064.1025641025644 3943.589743589744 4341.538461538462 4612.820512820514 4391.794871794872 
4371.794871794872 4074.358974358975 4396.410256410257 4503.076923076924 4481.538461538462 4705.641025641026 4379.48717948718 4383.076923076924 4726.666666666667 4065.1282051282055 3941.538461538462 4340.000000000001 4615.384615384616 4393.333333333334 
4371.282051282052 4073.333333333334 4390.256410256411 4506.153846153847 4481.538461538462 4708.205128205129 4383.589743589744 4380.512820512821 4728.205128205129 4062.0512820512827 3941.0256410256416 4335.8974358974365 4614.871794871796 4392.820512820514 
4369.2307692307695 4077.435897435898 4393.846153846154 4506.666666666667 4484.102564102564 4707.6923076923085 4376.410256410257 4380.512820512821 4727.6923076923085 4062.564102564103 3943.589743589744 4343.076923076924 4617.948717948719 4397.948717948719 
4357.435897435898 4078.9743589743593 4391.282051282052 4504.615384615385 4486.666666666667 4707.179487179488 4363.589743589744 4383.076923076924 4726.666666666667 4063.589743589744 3939.48717948718 4342.564102564103 4612.307692307693 4396.410256410257 
4365.641025641026 4079.48717948718 4393.846153846154 4506.153846153847 4484.615384615385 4705.128205128206 4362.564102564103 4380.000000000001 4726.153846153847 4063.589743589744 3939.48717948718 4343.076923076924 4613.333333333334 4395.8974358974365 
4368.205128205129 4076.410256410257 4389.2307692307695 4506.666666666667 4487.179487179488 4710.256410256411 4362.051282051282 4380.512820512821 4727.179487179488 4063.589743589744 3940.5128205128212 4336.410256410257 4615.8974358974365 4394.358974358975 
4370.256410256411 4077.435897435898 4396.923076923077 4505.128205128206 4482.564102564103 4707.6923076923085 4353.846153846154 4381.025641025642 4727.179487179488 4066.666666666667 3941.0256410256416 4342.564102564103 4618.974358974359 4397.948717948719 
4362.564102564103 4076.9230769230776 4390.769230769231 4505.641025641026 4482.564102564103 4707.6923076923085 4354.871794871796 4382.051282051282 4726.153846153847 4067.1794871794878 3937.435897435898 4340.512820512821 4612.307692307693 4395.8974358974365 
4375.384615384616 4076.410256410257 4391.794871794872 4506.666666666667 4482.564102564103 4704.102564102564 4353.333333333334 4381.538461538462 4725.128205128206 4066.1538461538466 3942.0512820512827 4341.538461538462 4615.8974358974365 4397.435897435898 
4371.282051282052 4074.358974358975 4386.666666666667 4506.153846153847 4485.641025641026 4707.6923076923085 4351.282051282052 4384.615384615385 4727.6923076923085 4064.615384615385 3942.564102564103 4337.435897435898 4617.435897435898 4393.846153846154 
4367.179487179487 4077.9487179487187 4392.820512820514 4506.666666666667 4482.051282051282 4708.205128205129 4364.102564102564 4382.564102564103 4726.666666666667 4063.076923076924 3940.0000000000005 4342.564102564103 4617.948717948719 4393.333333333334 
4364.102564102564 4076.9230769230776 4391.794871794872 4508.205128205129 4483.076923076924 4708.717948717949 4367.6923076923085 4381.538461538462 4723.076923076924 4061.538461538462 3939.48717948718 4340.000000000001 4611.794871794872 4392.307692307693 
4371.282051282052 4077.435897435898 4394.358974358975 4507.6923076923085 4484.615384615385 4705.641025641026 4349.743589743591 4382.564102564103 4723.589743589744 4062.564102564103 3943.589743589744 4337.435897435898 4614.358974358975 4394.871794871796 
4371.282051282052 4078.461538461539 4392.820512820514 4508.205128205129 4485.641025641026 4708.717948717949 4348.205128205129 4381.538461538462 4726.153846153847 4065.6410256410263 3941.0256410256416 4335.8974358974365 4617.948717948719 4395.384615384616 
4376.410256410257 4079.48717948718 4392.307692307693 4510.256410256411 4483.589743589744 4709.743589743591 4362.564102564103 4379.48717948718 4727.179487179488 4066.1538461538466 3938.461538461539 4337.948717948719 4617.435897435898 4397.435897435898 
4380.512820512821 4077.9487179487187 4392.820512820514 4509.2307692307695 4483.589743589744 4705.641025641026 4367.6923076923085 4381.538461538462 4726.666666666667 4063.076923076924 3940.0000000000005 4338.974358974359 4614.358974358975 4399.48717948718 
4374.871794871796 4078.461538461539 4391.282051282052 4507.6923076923085 4484.615384615385 4707.179487179488 4369.743589743591 4383.076923076924 4726.153846153847 4063.076923076924 3937.9487179487182 4335.384615384616 4613.846153846154 4397.948717948719 
4373.333333333334 4081.538461538462 4391.794871794872 4509.2307692307695 4481.538461538462 4709.2307692307695 4373.333333333334 4379.48717948718 4727.179487179488 4063.589743589744 3938.9743589743593 4334.358974358975 4618.461538461539 4400.000000000001 
4370.256410256411 4082.0512820512827 4386.153846153847 4511.282051282052 4483.076923076924 4708.205128205129 4372.820512820514 4379.48717948718 4728.205128205129 4061.538461538462 3939.48717948718 4329.743589743591 4618.461538461539 4397.435897435898 
4371.282051282052 4081.0256410256416 4392.820512820514 4511.794871794872 4483.589743589744 4703.589743589744 4374.871794871796 4379.48717948718 4725.641025641026 4062.0512820512827 3942.0512820512827 4333.846153846154 4620.000000000001 4397.435897435898 
4359.48717948718 4075.3846153846157 4392.820512820514 4508.717948717949 4484.102564102564 4709.2307692307695 4378.974358974359 4381.025641025642 4724.615384615386 4064.615384615385 3941.538461538462 4333.846153846154 4613.333333333334 4393.846153846154 
4369.2307692307695 4074.8717948717954 4401.538461538462 4507.6923076923085 4480.000000000001 4708.717948717949 4368.717948717949 4380.000000000001 4727.179487179488 4065.6410256410263 3944.1025641025644 4343.589743589744 4614.358974358975 4394.871794871796 
4369.743589743591 4073.333333333334 4398.974358974359 4505.128205128206 4482.051282051282 4709.2307692307695 4356.410256410257 4380.000000000001 4727.6923076923085 4062.0512820512827 3942.564102564103 4343.076923076924 4614.358974358975 4393.333333333334 
4373.846153846154 4072.820512820513 4399.48717948718 4502.564102564103 4481.538461538462 4705.128205128206 4357.948717948719 4381.025641025642 4726.153846153847 4060.5128205128212 3942.0512820512827 4348.205128205129 4616.923076923077 4396.923076923077 
4364.615384615385 4072.820512820513 4391.282051282052 4502.051282051282 4486.666666666667 4709.743589743591 4364.102564102564 4385.641025641026 4727.179487179488 4062.0512820512827 3936.410256410257 4344.615384615385 4611.282051282052 4392.820512820514 
4366.666666666667 4077.435897435898 4397.948717948719 4501.538461538462 4485.128205128206 4707.179487179488 4357.435897435898 4382.564102564103 4725.128205128206 4063.589743589744 3937.9487179487182 4347.6923076923085 4614.358974358975 4392.307692307693 
4355.8974358974365 4076.9230769230776 4382.051282051282 4498.461538461539 4486.666666666667 4709.2307692307695 4351.794871794872 4381.538461538462 4724.615384615386 4062.0512820512827 3942.564102564103 4352.307692307693 4615.8974358974365 4394.358974358975 
4356.923076923077 4077.9487179487187 4367.179487179487 4492.820512820514 4487.179487179488 4710.769230769231 4355.384615384616 4384.615384615385 4728.205128205129 4063.076923076924 3945.1282051282055 4366.666666666667 4617.948717948719 4398.461538461539 
4353.846153846154 4075.3846153846157 4368.717948717949 4491.794871794872 4486.153846153847 4711.282051282052 4360.512820512821 4385.641025641026 4728.717948717949 4065.1282051282055 3942.564102564103 4367.179487179487 4612.820512820514 4395.8974358974365 
4354.871794871796 4071.2820512820517 4383.589743589744 4496.410256410257 4483.589743589744 4706.666666666667 4362.051282051282 4382.564102564103 4726.153846153847 4064.1025641025644 3946.666666666667 4358.974358974359 4612.307692307693 4393.846153846154 
4356.410256410257 4073.333333333334 4384.615384615385 4502.051282051282 4484.615384615385 4709.2307692307695 4364.102564102564 4381.538461538462 4725.641025641026 4061.538461538462 3947.692307692308 4354.358974358975 4613.846153846154 4393.846153846154 
4357.435897435898 4075.3846153846157 4385.641025641026 4501.025641025642 4483.076923076924 4711.282051282052 4361.025641025642 4381.025641025642 4726.666666666667 4062.0512820512827 3943.589743589744 4353.846153846154 4615.8974358974365 4395.8974358974365 
4361.538461538462 4072.307692307693 4389.743589743591 4498.974358974359 4480.000000000001 4706.666666666667 4348.205128205129 4380.000000000001 4726.666666666667 4062.564102564103 3942.0512820512827 4352.307692307693 4616.410256410257 4394.871794871796 
4368.205128205129 4074.8717948717954 4384.102564102564 4501.025641025642 4484.615384615385 4706.153846153847 4333.846153846154 4382.564102564103 4725.641025641026 4062.0512820512827 3942.564102564103 4345.641025641026 4613.333333333334 4392.307692307693 
4375.384615384616 4080.5128205128212 4387.6923076923085 4504.102564102564 4487.179487179488 4704.102564102564 4333.846153846154 4381.025641025642 4726.153846153847 4063.589743589744 3942.564102564103 4346.153846153847 4617.948717948719 4395.384615384616 
4369.2307692307695 4076.410256410257 4387.179487179487 4504.102564102564 4487.179487179488 4705.128205128206 4345.128205128206 4380.000000000001 4727.179487179488 4063.589743589744 3940.5128205128212 4342.564102564103 4617.435897435898 4394.871794871796 
4373.846153846154 4074.8717948717954 4393.333333333334 4502.051282051282 4484.102564102564 4705.641025641026 4348.717948717949 4381.538461538462 4726.666666666667 4063.076923076924 3943.589743589744 4345.641025641026 4617.948717948719 4399.48717948718 
4367.179487179487 4076.9230769230776 4391.794871794872 4502.051282051282 4484.615384615385 4709.743589743591 4345.128205128206 4384.615384615385 4726.666666666667 4063.076923076924 3940.0000000000005 4342.564102564103 4614.358974358975 4397.435897435898 
4366.666666666667 4078.461538461539 4398.461538461539 4504.615384615385 4481.025641025642 4705.128205128206 4347.6923076923085 4381.538461538462 4727.179487179488 4063.589743589744 3939.48717948718 4347.6923076923085 4616.923076923077 4397.948717948719 
4359.48717948718 4077.9487179487187 4390.769230769231 4504.615384615385 4484.102564102564 4708.205128205129 4354.358974358975 4382.051282051282 4726.666666666667 4062.0512820512827 3938.9743589743593 4342.051282051282 4614.358974358975 4393.846153846154 
4371.282051282052 4081.0256410256416 4392.820512820514 4506.153846153847 4484.615384615385 4708.205128205129 4354.871794871796 4382.564102564103 4724.615384615386 4063.589743589744 3942.0512820512827 4343.076923076924 4620.512820512821 4393.846153846154 
4369.743589743591 4077.9487179487187 4386.666666666667 4508.205128205129 4485.641025641026 4711.282051282052 4352.307692307693 4382.564102564103 4726.153846153847 4063.076923076924 3939.48717948718 4337.435897435898 4617.948717948719 4390.769230769231 
4373.846153846154 4077.9487179487187 4391.282051282052 4506.666666666667 4482.564102564103 4705.128205128206 4354.871794871796 4382.051282051282 4726.666666666667 4060.0000000000005 3937.9487179487182 4338.974358974359 4617.435897435898 4393.846153846154 
4369.2307692307695 4077.435897435898 4389.2307692307695 4505.128205128206 4482.051282051282 4704.102564102564 4360.512820512821 4383.076923076924 4726.666666666667 4061.0256410256416 3939.48717948718 4337.948717948719 4617.948717948719 4394.358974358975 
4377.435897435898 4075.3846153846157 4393.333333333334 4506.153846153847 4479.48717948718 4705.641025641026 4356.923076923077 4382.051282051282 4727.179487179488 4064.615384615385 3943.076923076924 4338.974358974359 4618.974358974359 4395.8974358974365 
4377.435897435898 4073.333333333334 4392.307692307693 4505.128205128206 4482.051282051282 4711.282051282052 4355.8974358974365 4383.076923076924 4727.6923076923085 4063.589743589744 3942.0512820512827 4337.435897435898 4615.8974358974365 4395.8974358974365 
4371.282051282052 4076.9230769230776 4392.307692307693 4504.615384615385 4484.102564102564 4710.769230769231 4361.025641025642 4383.076923076924 4727.6923076923085 4064.615384615385 3940.5128205128212 4340.512820512821 4614.358974358975 4397.435897435898 
4366.153846153847 4078.9743589743593 4390.256410256411 4508.717948717949 4484.615384615385 4709.743589743591 4348.205128205129 4382.564102564103 4727.6923076923085 4065.1282051282055 3941.538461538462 4342.051282051282 4613.333333333334 4399.48717948718 
4368.205128205129 4078.9743589743593 4390.256410256411 4508.205128205129 4485.641025641026 4708.205128205129 4328.205128205129 4383.589743589744 4727.6923076923085 4061.0256410256416 3942.0512820512827 4338.461538461539 4614.358974358975 4396.923076923077 
4374.358974358975 4078.9743589743593 4394.358974358975 4506.153846153847 4485.641025641026 4703.589743589744 4323.589743589744 4382.051282051282 4727.179487179488 4061.538461538462 3940.0000000000005 4338.461538461539 4617.948717948719 4394.358974358975 
4369.743589743591 4077.9487179487187 4390.256410256411 4504.102564102564 4484.615384615385 4705.641025641026 4325.641025641026 4380.512820512821 4726.666666666667 4065.6410256410263 3936.410256410257 4338.461538461539 4614.358974358975 4393.333333333334 
4371.282051282052 4078.9743589743593 4394.358974358975 4503.076923076924 4480.512820512821 4708.717948717949 4327.6923076923085 4377.948717948719 4727.6923076923085 4065.1282051282055 3939.48717948718 4342.564102564103 4615.384615384616 4397.435897435898 
4366.666666666667 4075.3846153846157 4392.820512820514 4503.589743589744 4483.076923076924 4708.717948717949 4336.410256410257 4381.538461538462 4728.205128205129 4062.0512820512827 3940.5128205128212 4337.948717948719 4614.358974358975 4396.410256410257 
4370.256410256411 4075.3846153846157 4397.948717948719 4506.666666666667 4483.076923076924 4703.076923076924 4341.025641025642 4382.564102564103 4726.666666666667 4063.589743589744 3943.589743589744 4339.48717948718 4616.410256410257 4396.923076923077 
4357.435897435898 4076.410256410257 4392.820512820514 4506.153846153847 4485.641025641026 4708.205128205129 4341.538461538462 4381.538461538462 4726.666666666667 4063.589743589744 3941.538461538462 4336.923076923077 4614.871794871796 4393.846153846154 
4357.948717948719 4077.9487179487187 4400.000000000001 4506.153846153847 4481.025641025642 4707.179487179488 4346.153846153847 4379.48717948718 4727.179487179488 4062.564102564103 3942.564102564103 4342.564102564103 4618.461538461539 4394.871794871796 
4356.923076923077 4075.8974358974365 4393.846153846154 4507.6923076923085 4483.076923076924 4707.6923076923085 4358.461538461539 4383.589743589744 4726.153846153847 4062.564102564103 3941.0256410256416 4338.461538461539 4616.410256410257 4391.794871794872 
4370.256410256411 4077.435897435898 4394.871794871796 4506.666666666667 4484.615384615385 4704.615384615386 4366.666666666667 4381.538461538462 4724.102564102564 4063.589743589744 3942.564102564103 4341.025641025642 4619.48717948718 4394.358974358975 
4369.743589743591 4075.8974358974365 4387.179487179487 4503.076923076924 4488.717948717949 4709.743589743591 4361.025641025642 4378.461538461539 4725.641025641026 4062.564102564103 3938.461538461539 4335.8974358974365 4615.8974358974365 4393.846153846154 
4374.871794871796 4076.410256410257 4389.2307692307695 4505.641025641026 4485.128205128206 4709.2307692307695 4351.794871794872 4380.512820512821 4727.179487179488 4062.564102564103 3938.9743589743593 4338.461538461539 4615.384615384616 4395.384615384616 
4372.307692307693 4077.435897435898 4385.128205128206 4508.205128205129 4484.102564102564 4709.743589743591 4351.282051282052 4384.102564102564 4727.179487179488 4064.615384615385 3937.435897435898 4336.410256410257 4614.871794871796 4396.410256410257 
4372.307692307693 4076.9230769230776 4387.179487179487 4506.153846153847 4483.076923076924 4707.6923076923085 4352.307692307693 4383.076923076924 4725.128205128206 4063.589743589744 3937.9487179487182 4335.384615384616 4618.461538461539 4398.974358974359 
4366.666666666667 4075.8974358974365 4389.743589743591 4504.615384615385 4485.641025641026 4709.2307692307695 4358.461538461539 4383.589743589744 4726.666666666667 4061.538461538462 3942.564102564103 4335.384615384616 4617.435897435898 4397.435897435898 
4366.153846153847 4080.0000000000005 4392.820512820514 4506.666666666667 4484.102564102564 4710.256410256411 4356.923076923077 4384.615384615385 4730.769230769231 4064.615384615385 3943.076923076924 4337.435897435898 4614.871794871796 4396.410256410257 
4364.615384615385 4078.461538461539 4394.358974358975 4506.153846153847 4480.000000000001 4706.666666666667 4334.871794871796 4382.564102564103 4729.2307692307695 4066.1538461538466 3941.0256410256416 4337.435897435898 4615.384615384616 4396.923076923077 
4362.564102564103 4072.307692307693 4393.846153846154 4503.076923076924 4480.512820512821 4706.153846153847 4327.179487179487 4381.538461538462 4724.615384615386 4063.589743589744 3942.0512820512827 4335.8974358974365 4616.923076923077 4395.384615384616 
4368.717948717949 4072.307692307693 4396.923076923077 4504.615384615385 4481.025641025642 4707.179487179488 4341.025641025642 4381.025641025642 4724.102564102564 4063.589743589744 3944.1025641025644 4340.000000000001 4618.461538461539 4397.948717948719 
4370.256410256411 4074.358974358975 4389.743589743591 4504.615384615385 4484.102564102564 4708.717948717949 4346.666666666667 4382.051282051282 4727.6923076923085 4063.076923076924 3941.0256410256416 4336.410256410257 4615.8974358974365 4396.410256410257 
4377.435897435898 4076.410256410257 4391.794871794872 4506.666666666667 4484.102564102564 4704.102564102564 4341.025641025642 4383.076923076924 4726.666666666667 4060.5128205128212 3940.0000000000005 4337.435897435898 4618.974358974359 4395.384615384616 
4373.846153846154 4078.461538461539 4390.769230769231 4507.6923076923085 4484.615384615385 4706.153846153847 4337.435897435898 4384.615384615385 4727.6923076923085 4060.5128205128212 3936.9230769230776 4335.8974358974365 4614.871794871796 4392.307692307693 
4376.410256410257 4083.076923076924 4395.8974358974365 4506.666666666667 4481.025641025642 4703.589743589744 4324.102564102564 4381.538461538462 4729.2307692307695 4063.589743589744 3939.48717948718 4341.538461538462 4618.974358974359 4395.384615384616 
4368.205128205129 4078.9743589743593 4387.6923076923085 4507.179487179488 4483.076923076924 4706.153846153847 4313.333333333334 4381.538461538462 4727.179487179488 4063.076923076924 3940.0000000000005 4335.8974358974365 4617.435897435898 4395.8974358974365 
4373.846153846154 4076.410256410257 4393.846153846154 4508.717948717949 4481.538461538462 4704.102564102564 4319.48717948718 4381.538461538462 4726.666666666667 4062.0512820512827 3940.5128205128212 4337.435897435898 4617.435897435898 4398.974358974359 
4367.179487179487 4076.410256410257 4395.8974358974365 4508.205128205129 4483.076923076924 4706.153846153847 4326.153846153847 4382.564102564103 4729.2307692307695 4063.076923076924 3937.9487179487182 4336.923076923077 4615.384615384616 4395.8974358974365 
4371.794871794872 4080.0000000000005 4400.512820512821 4506.666666666667 4481.025641025642 4704.615384615386 4320.000000000001 4381.025641025642 4726.666666666667 4064.1025641025644 3942.564102564103 4344.102564102564 4620.000000000001 4396.410256410257 
4367.6923076923085 4080.5128205128212 4391.794871794872 4506.666666666667 4482.564102564103 4709.743589743591 4322.051282051282 4381.025641025642 4724.102564102564 4062.564102564103 3943.076923076924 4338.461538461539 4615.384615384616 4394.358974358975 
4372.307692307693 4080.5128205128212 4393.846153846154 4506.666666666667 4481.025641025642 4707.6923076923085 4333.333333333334 4381.538461538462 4725.128205128206 4063.076923076924 3942.0512820512827 4336.410256410257 4615.384615384616 4395.384615384616 
4372.307692307693 4077.435897435898 4393.333333333334 4506.666666666667 4482.051282051282 4708.205128205129 4334.358974358975 4380.512820512821 4727.179487179488 4065.1282051282055 3940.5128205128212 4336.923076923077 4618.461538461539 4396.410256410257 
4375.384615384616 4076.9230769230776 4393.333333333334 4507.6923076923085 4482.564102564103 4707.179487179488 4330.769230769231 4378.974358974359 4727.179487179488 4064.615384615385 3942.564102564103 4342.564102564103 4618.461538461539 4398.461538461539 
4375.8974358974365 4077.435897435898 4389.743589743591 4508.717948717949 4481.538461538462 4708.717948717949 4340.512820512821 4380.512820512821 4726.666666666667 4063.076923076924 3943.076923076924 4342.051282051282 4617.435897435898 4398.461538461539 
4376.410256410257 4078.461538461539 4389.743589743591 4509.743589743591 4480.512820512821 4709.743589743591 4341.538461538462 4380.512820512821 4725.641025641026 4064.1025641025644 3940.5128205128212 4336.410256410257 4618.461538461539 4398.974358974359 
4373.846153846154 4081.0256410256416 4393.333333333334 4509.2307692307695 4480.512820512821 4706.666666666667 4321.025641025642 4378.461538461539 4725.641025641026 4064.615384615385 3940.0000000000005 4335.384615384616 4618.974358974359 4400.000000000001 
4369.743589743591 4082.0512820512827 4395.384615384616 4507.6923076923085 4481.538461538462 4706.666666666667 4307.179487179487 4380.000000000001 4726.153846153847 4063.076923076924 3940.5128205128212 4336.410256410257 4617.435897435898 4398.461538461539 
4377.948717948719 4080.0000000000005 4404.102564102564 4507.179487179488 4478.974358974359 4707.6923076923085 4321.538461538462 4379.48717948718 4726.153846153847 4062.564102564103 3942.0512820512827 4341.025641025642 4619.48717948718 4402.051282051282 
4376.923076923077 4078.461538461539 4405.641025641026 4507.6923076923085 4479.48717948718 4707.179487179488 4349.2307692307695 4378.461538461539 4727.6923076923085 4062.0512820512827 3940.0000000000005 4336.923076923077 4615.384615384616 4400.512820512821 
4377.948717948719 4081.538461538462 4410.256410256411 4511.794871794872 4478.974358974359 4704.102564102564 4353.333333333334 4376.923076923077 4726.666666666667 4062.0512820512827 3941.538461538462 4342.051282051282 4618.974358974359 4399.48717948718 
4374.871794871796 4081.0256410256416 4403.076923076924 4516.923076923077 4482.051282051282 4710.769230769231 4335.384615384616 4376.410256410257 4726.666666666667 4062.564102564103 3940.5128205128212 4340.000000000001 4617.948717948719 4397.435897435898 
4386.153846153847 4082.564102564103 4408.717948717949 4516.923076923077 4477.948717948719 4708.205128205129 4329.743589743591 4372.307692307693 4726.666666666667 4063.076923076924 3942.0512820512827 4344.615384615385 4618.974358974359 4401.538461538462 
4385.641025641026 4083.076923076924 4406.666666666667 4513.333333333334 4475.8974358974365 4707.6923076923085 4344.615384615385 4376.410256410257 4725.128205128206 4062.0512820512827 3943.076923076924 4341.025641025642 4617.948717948719 4399.48717948718 
4393.846153846154 4087.692307692308 4409.2307692307695 4516.923076923077 4475.384615384616 4708.717948717949 4351.794871794872 4378.974358974359 4723.076923076924 4062.564102564103 3945.6410256410263 4343.076923076924 4623.589743589744 4402.051282051282 
4388.717948717949 4088.205128205129 4401.538461538462 4521.538461538462 4478.974358974359 4711.794871794872 4354.358974358975 4377.948717948719 4723.076923076924 4063.076923076924 3942.0512820512827 4340.000000000001 4617.948717948719 4401.538461538462 
4390.256410256411 4086.666666666667 4408.717948717949 4521.538461538462 4476.410256410257 4707.6923076923085 4362.564102564103 4375.8974358974365 4723.589743589744 4060.5128205128212 3940.5128205128212 4342.564102564103 4618.974358974359 4404.102564102564 
4381.538461538462 4086.666666666667 4408.717948717949 4520.512820512821 4478.974358974359 4712.307692307693 4363.589743589744 4377.435897435898 4725.128205128206 4060.5128205128212 3938.461538461539 4337.435897435898 4621.025641025642 4405.128205128206 
4388.205128205129 4089.7435897435903 4414.358974358975 4522.564102564103 4478.974358974359 4712.820512820514 4357.948717948719 4375.384615384616 4724.615384615386 4065.1282051282055 3940.5128205128212 4336.410256410257 4622.051282051282 4405.128205128206 
4391.282051282052 4087.692307692308 4421.025641025642 4521.538461538462 4478.461538461539 4712.820512820514 4352.820512820514 4376.410256410257 4723.589743589744 4064.1025641025644 3940.5128205128212 4332.307692307693 4618.974358974359 4401.538461538462 
4388.205128205129 4088.717948717949 4434.358974358975 4522.051282051282 4475.8974358974365 4711.794871794872 4342.051282051282 4377.435897435898 4723.589743589744 4059.48717948718 3938.461538461539 4329.743589743591 4621.538461538462 4401.538461538462 
4393.333333333334 4093.8461538461543 4438.461538461539 4532.820512820514 4475.384615384616 4711.282051282052 4336.410256410257 4374.871794871796 4724.615384615386 4058.461538461539 3938.9743589743593 4327.179487179487 4622.564102564103 4403.589743589744 
4409.743589743591 4097.435897435898 4434.358974358975 4541.538461538462 4475.8974358974365 4709.2307692307695 4338.461538461539 4373.333333333334 4723.076923076924 4061.0256410256416 3938.461538461539 4320.000000000001 4620.000000000001 4403.589743589744 
4412.820512820514 4098.461538461539 4436.410256410257 4540.512820512821 4473.846153846154 4707.6923076923085 4343.589743589744 4372.307692307693 4721.025641025642 4062.0512820512827 3936.9230769230776 4315.384615384616 4622.051282051282 4404.102564102564 
4400.512820512821 4097.435897435898 4436.410256410257 4537.435897435898 4473.846153846154 4711.794871794872 4355.384615384616 4372.307692307693 4721.025641025642 4062.564102564103 3935.3846153846157 4315.384615384616 4621.538461538462 4404.102564102564 
4408.205128205129 4097.948717948719 4441.025641025642 4539.48717948718 4472.307692307693 4710.769230769231 4357.435897435898 4373.846153846154 4721.025641025642 4062.0512820512827 3937.435897435898 4323.589743589744 4622.051282051282 4407.179487179487 
4410.769230769231 4103.589743589744 4439.48717948718 4542.051282051282 4472.307692307693 4712.820512820514 4342.051282051282 4373.846153846154 4721.538461538462 4060.0000000000005 3935.3846153846157 4321.538461538462 4621.538461538462 4406.666666666667 
4415.8974358974365 4109.74358974359 4451.282051282052 4547.179487179488 4468.205128205129 4710.769230769231 4335.8974358974365 4368.717948717949 4721.538461538462 4059.48717948718 3935.8974358974365 4322.051282051282 4626.666666666667 4408.205128205129 
4412.307692307693 4108.205128205129 4456.923076923077 4553.333333333334 4472.820512820514 4713.333333333334 4343.589743589744 4369.2307692307695 4722.051282051282 4060.0000000000005 3932.307692307693 4313.846153846154 4622.051282051282 4407.179487179487 
4412.307692307693 4109.74358974359 4463.589743589744 4553.333333333334 4470.256410256411 4711.794871794872 4340.512820512821 4369.743589743591 4722.564102564103 4062.0512820512827 3935.3846153846157 4321.025641025642 4623.589743589744 4408.205128205129 
4396.923076923077 4106.153846153847 4451.282051282052 4546.666666666667 4468.717948717949 4718.461538461539 4336.923076923077 4370.769230769231 4723.076923076924 4063.076923076924 3940.0000000000005 4331.282051282052 4624.102564102564 4403.589743589744 
4398.461538461539 4100.512820512821 4452.307692307693 4537.948717948719 4467.6923076923085 4721.538461538462 4341.538461538462 4368.205128205129 4720.000000000001 4063.589743589744 3945.1282051282055 4352.307692307693 4628.205128205129 4406.666666666667 
4394.871794871796 4097.435897435898 4451.794871794872 4532.820512820514 4470.256410256411 4724.615384615386 4344.615384615385 4370.769230769231 4720.000000000001 4064.1025641025644 3943.589743589744 4360.000000000001 4620.512820512821 4407.179487179487 
4399.48717948718 4103.076923076924 4454.871794871796 4535.8974358974365 4467.6923076923085 4721.538461538462 4349.2307692307695 4371.794871794872 4721.538461538462 4064.615384615385 3945.6410256410263 4362.051282051282 4620.000000000001 4411.794871794872 
4395.8974358974365 4106.666666666667 4454.871794871796 4542.051282051282 4470.256410256411 4725.128205128206 4360.000000000001 4370.256410256411 4721.025641025642 4062.0512820512827 3943.076923076924 4357.435897435898 4623.076923076924 4412.307692307693 
4401.025641025642 4109.74358974359 4466.666666666667 4543.076923076924 4468.717948717949 4726.153846153847 4353.333333333334 4367.6923076923085 4719.48717948718 4061.538461538462 3941.538461538462 4357.435897435898 4627.6923076923085 4412.307692307693 
4401.025641025642 4111.282051282052 4470.769230769231 4543.589743589744 4467.6923076923085 4725.641025641026 4337.435897435898 4369.2307692307695 4718.974358974359 4063.589743589744 3941.538461538462 4356.410256410257 4624.615384615385 4410.769230769231 
4400.512820512821 4112.307692307693 4470.256410256411 4544.102564102564 4468.717948717949 4726.666666666667 4338.974358974359 4369.2307692307695 4718.461538461539 4063.076923076924 3942.564102564103 4357.948717948719 4622.564102564103 4409.743589743591 
4393.333333333334 4108.717948717949 4467.6923076923085 4539.48717948718 4468.205128205129 4730.256410256411 4345.641025641026 4365.128205128206 4719.48717948718 4062.0512820512827 3944.615384615385 4362.564102564103 4625.128205128206 4410.256410256411 
4385.641025641026 4102.564102564103 4462.564102564103 4535.384615384616 4466.666666666667 4731.794871794872 4346.153846153847 4365.128205128206 4720.512820512821 4062.0512820512827 3945.1282051282055 4363.589743589744 4624.102564102564 4407.6923076923085 
4388.205128205129 4097.948717948719 4460.000000000001 4536.923076923077 4467.6923076923085 4731.282051282052 4356.410256410257 4368.205128205129 4720.512820512821 4060.5128205128212 3946.1538461538466 4362.051282051282 4623.076923076924 4406.666666666667 
4389.743589743591 4098.461538461539 4452.307692307693 4536.923076923077 4471.282051282052 4731.794871794872 4377.948717948719 4372.820512820514 4721.538461538462 4060.0000000000005 3944.615384615385 4349.2307692307695 4622.051282051282 4405.641025641026 
4397.948717948719 4105.128205128206 4454.871794871796 4538.974358974359 4468.717948717949 4726.153846153847 4387.179487179487 4370.769230769231 4721.025641025642 4062.0512820512827 3943.076923076924 4341.025641025642 4624.102564102564 4410.256410256411 
4397.435897435898 4105.128205128206 4453.333333333334 4544.615384615385 4471.282051282052 4728.205128205129 4380.512820512821 4369.743589743591 4718.461538461539 4062.0512820512827 3935.3846153846157 4327.6923076923085 4620.000000000001 4407.6923076923085 
4404.102564102564 4102.564102564103 4457.435897435898 4549.2307692307695 4470.256410256411 4726.666666666667 4372.307692307693 4370.769230769231 4720.000000000001 4061.538461538462 3932.820512820513 4317.948717948719 4623.589743589744 4406.153846153847 
4392.820512820514 4101.025641025642 4449.743589743591 4546.153846153847 4472.307692307693 4727.6923076923085 4379.48717948718 4374.358974358975 4724.102564102564 4061.538461538462 3931.2820512820517 4305.641025641026 4621.025641025642 4402.564102564103 
4385.641025641026 4101.538461538462 4448.717948717949 4540.000000000001 4473.333333333334 4724.615384615386 4388.717948717949 4373.333333333334 4724.615384615386 4059.48717948718 3934.358974358975 4315.384615384616 4618.974358974359 4402.564102564103 
4362.564102564103 4093.333333333334 4440.512820512821 4530.769230769231 4477.948717948719 4730.256410256411 4381.025641025642 4373.846153846154 4724.102564102564 4057.9487179487182 3934.8717948717954 4330.256410256411 4614.871794871796 4397.948717948719 
4354.871794871796 4088.205128205129 4450.256410256411 4519.48717948718 4473.333333333334 4730.256410256411 4367.179487179487 4372.820512820514 4721.538461538462 4061.538461538462 3938.9743589743593 4354.358974358975 4619.48717948718 4398.461538461539 
4347.6923076923085 4083.076923076924 4452.820512820514 4514.871794871796 4471.794871794872 4731.794871794872 4361.025641025642 4373.846153846154 4722.564102564103 4064.1025641025644 3944.1025641025644 4362.051282051282 4614.871794871796 4398.461538461539 
4352.820512820514 4081.538461538462 4448.205128205129 4517.435897435898 4471.794871794872 4730.769230769231 4354.358974358975 4373.846153846154 4724.615384615386 4062.564102564103 3948.205128205129 4362.564102564103 4613.846153846154 4402.564102564103 
4353.333333333334 4084.1025641025644 4432.820512820514 4522.051282051282 4474.358974358975 4731.282051282052 4359.48717948718 4374.358974358975 4723.076923076924 4061.538461538462 3944.615384615385 4352.820512820514 4615.8974358974365 4402.051282051282 
4361.538461538462 4091.2820512820517 4431.794871794872 4526.153846153847 4475.8974358974365 4726.666666666667 4370.769230769231 4375.384615384616 4721.025641025642 4064.1025641025644 3942.0512820512827 4344.102564102564 4616.923076923077 4400.512820512821 
4367.6923076923085 4090.7692307692314 4437.435897435898 4528.205128205129 4476.410256410257 4725.128205128206 4368.717948717949 4377.435897435898 4724.102564102564 4064.1025641025644 3940.0000000000005 4332.307692307693 4616.410256410257 4401.538461538462 
4372.820512820514 4089.23076923077 4442.564102564103 4529.743589743591 4476.410256410257 4725.641025641026 4365.641025641026 4377.948717948719 4725.641025641026 4062.0512820512827 3937.9487179487182 4322.051282051282 4618.461538461539 4402.051282051282 
4371.794871794872 4090.2564102564106 4443.076923076924 4531.282051282052 4478.974358974359 4722.564102564103 4384.615384615385 4374.358974358975 4723.076923076924 4063.076923076924 3937.435897435898 4321.538461538462 4618.974358974359 4402.051282051282 
4363.076923076924 4088.205128205129 4437.435897435898 4528.717948717949 4480.000000000001 4724.615384615386 4397.948717948719 4374.871794871796 4721.538461538462 4063.076923076924 3937.435897435898 4325.128205128206 4614.358974358975 4399.48717948718 
4360.000000000001 4082.564102564103 4439.48717948718 4523.076923076924 4474.871794871796 4727.179487179488 4386.666666666667 4377.948717948719 4721.538461538462 4064.1025641025644 3940.5128205128212 4336.410256410257 4615.8974358974365 4400.000000000001 
4349.2307692307695 4078.9743589743593 4436.410256410257 4515.8974358974365 4477.948717948719 4727.179487179488 4379.48717948718 4379.48717948718 4722.051282051282 4063.076923076924 3941.538461538462 4342.564102564103 4613.846153846154 4396.923076923077 
4345.128205128206 4080.0000000000005 4442.051282051282 4511.282051282052 4477.948717948719 4724.102564102564 4384.615384615385 4378.461538461539 4722.051282051282 4063.076923076924 3944.615384615385 4354.871794871796 4612.820512820514 4398.974358974359 
4335.8974358974365 4076.9230769230776 4439.48717948718 4509.2307692307695 4476.410256410257 4729.743589743591 4390.256410256411 4378.974358974359 4721.538461538462 4062.0512820512827 3943.076923076924 4355.384615384616 4610.256410256411 4397.435897435898 
4350.769230769231 4077.9487179487187 4443.589743589744 4511.794871794872 4474.358974358975 4725.128205128206 4390.256410256411 4375.384615384616 4720.000000000001 4060.5128205128212 3943.076923076924 4359.48717948718 4614.358974358975 4399.48717948718 
4361.025641025642 4080.5128205128212 4432.820512820514 4517.435897435898 4478.461538461539 4723.589743589744 4393.846153846154 4375.8974358974365 4718.974358974359 4061.538461538462 3939.48717948718 4354.358974358975 4611.794871794872 4399.48717948718 
4373.333333333334 4088.717948717949 4433.333333333334 4525.641025641026 4476.923076923077 4722.051282051282 4400.512820512821 4374.871794871796 4719.48717948718 4062.0512820512827 3938.9743589743593 4351.282051282052 4615.384615384616 4402.564102564103 
4373.333333333334 4092.820512820513 4425.128205128206 4528.205128205129 4480.512820512821 4725.641025641026 4402.051282051282 4373.846153846154 4720.512820512821 4059.48717948718 3937.9487179487182 4339.48717948718 4614.358974358975 4400.000000000001 
4384.615384615385 4095.8974358974365 4424.102564102564 4528.717948717949 4479.48717948718 4724.102564102564 4392.307692307693 4373.846153846154 4721.538461538462 4060.5128205128212 3939.48717948718 4338.461538461539 4616.410256410257 4401.025641025642 
4378.974358974359 4095.8974358974365 4420.512820512821 4531.282051282052 4481.538461538462 4728.205128205129 4384.102564102564 4374.871794871796 4721.538461538462 4061.0256410256416 3936.410256410257 4335.384615384616 4612.820512820514 4399.48717948718 
4377.435897435898 4098.461538461539 4430.256410256411 4532.307692307693 4482.051282051282 4728.205128205129 4385.641025641026 4370.256410256411 4719.48717948718 4058.461538461539 3935.8974358974365 4336.923076923077 4613.333333333334 4398.974358974359 
4370.256410256411 4097.948717948719 4434.871794871796 4529.743589743591 4478.974358974359 4728.205128205129 4373.846153846154 4373.846153846154 4720.512820512821 4057.9487179487182 3936.410256410257 4339.48717948718 4614.358974358975 4397.948717948719 
4360.512820512821 4092.820512820513 4441.538461538462 4524.615384615385 4476.923076923077 4729.2307692307695 4333.333333333334 4378.461538461539 4723.589743589744 4060.0000000000005 3938.461538461539 4352.307692307693 4613.846153846154 4398.974358974359 
4345.641025641026 4086.1538461538466 4455.384615384616 4517.435897435898 4478.974358974359 4731.282051282052 4299.48717948718 4375.8974358974365 4722.051282051282 4058.461538461539 3942.0512820512827 4367.6923076923085 4610.256410256411 4396.923076923077 
4336.410256410257 4082.564102564103 4469.2307692307695 4509.743589743591 4477.948717948719 4731.794871794872 4291.282051282052 4374.871794871796 4717.435897435898 4058.9743589743593 3944.615384615385 4376.410256410257 4606.666666666667 4391.794871794872 
4344.102564102564 4081.0256410256416 4464.102564102564 4508.205128205129 4474.358974358975 4732.820512820514 4287.6923076923085 4375.8974358974365 4716.923076923077 4058.461538461539 3947.692307692308 4378.461538461539 4609.743589743591 4392.307692307693 
4351.794871794872 4083.076923076924 4439.48717948718 4512.820512820514 4478.461538461539 4734.871794871796 4288.717948717949 4374.358974358975 4721.025641025642 4056.410256410257 3946.1538461538466 4370.769230769231 4610.256410256411 4397.948717948719 
4363.589743589744 4092.307692307693 4435.8974358974365 4521.025641025642 4481.025641025642 4728.717948717949 4298.974358974359 4371.282051282052 4721.025641025642 4057.9487179487182 3944.615384615385 4363.076923076924 4612.307692307693 4403.589743589744 
4367.179487179487 4097.948717948719 4435.384615384616 4527.6923076923085 4485.641025641026 4729.2307692307695 4302.564102564103 4374.871794871796 4719.48717948718 4059.48717948718 3941.538461538462 4347.179487179487 4610.769230769231 4401.538461538462 
4383.589743589744 4099.48717948718 4441.538461538462 4534.358974358975 4481.025641025642 4729.743589743591 4296.923076923077 4372.307692307693 4718.461538461539 4058.9743589743593 3942.564102564103 4344.102564102564 4611.794871794872 4404.102564102564 
4384.102564102564 4099.48717948718 4442.051282051282 4536.410256410257 4478.974358974359 4731.794871794872 4306.666666666667 4368.717948717949 4719.48717948718 4057.9487179487182 3938.461538461539 4341.025641025642 4608.717948717949 4400.512820512821 
4387.6923076923085 4102.564102564103 4455.8974358974365 4535.384615384616 4477.948717948719 4729.2307692307695 4322.564102564103 4367.179487179487 4717.948717948719 4058.9743589743593 3939.48717948718 4349.2307692307695 4611.282051282052 4400.512820512821 
4377.435897435898 4097.435897435898 4453.846153846154 4533.333333333334 4481.538461538462 4736.410256410257 4331.282051282052 4372.307692307693 4716.923076923077 4060.0000000000005 3940.0000000000005 4350.256410256411 4607.6923076923085 4398.461538461539 
4376.410256410257 4093.8461538461543 4457.435897435898 4530.769230769231 4477.948717948719 4735.384615384616 4336.410256410257 4372.820512820514 4715.384615384616 4062.0512820512827 3941.0256410256416 4357.435897435898 4609.2307692307695 4400.512820512821 
4366.666666666667 4091.7948717948725 4451.282051282052 4528.205128205129 4480.512820512821 4738.461538461539 4340.512820512821 4371.794871794872 4716.410256410257 4061.0256410256416 3938.461538461539 4356.923076923077 4609.2307692307695 4396.923076923077 
4362.564102564103 4093.333333333334 4446.666666666667 4525.641025641026 4482.051282051282 4740.512820512821 4333.333333333334 4372.307692307693 4719.48717948718 4060.0000000000005 3939.48717948718 4359.48717948718 4613.846153846154 4399.48717948718 
4354.871794871796 4091.2820512820517 4430.769230769231 4522.051282051282 4486.666666666667 4741.025641025642 4327.179487179487 4376.923076923077 4718.974358974359 4060.0000000000005 3936.9230769230776 4351.794871794872 4608.205128205129 4396.923076923077 
4357.435897435898 4086.1538461538466 4420.512820512821 4522.051282051282 4487.6923076923085 4735.384615384616 4331.794871794872 4380.000000000001 4718.461538461539 4058.461538461539 3936.9230769230776 4341.025641025642 4605.128205128206 4391.282051282052 
4336.410256410257 4072.307692307693 4390.769230769231 4516.923076923077 4492.820512820514 4737.435897435898 4331.794871794872 4385.128205128206 4723.076923076924 4060.0000000000005 3934.8717948717954 4321.025641025642 4603.076923076924 4385.128205128206 
4310.256410256411 4049.7435897435903 4345.128205128206 4496.410256410257 4501.538461538462 4735.8974358974365 4328.717948717949 4395.8974358974365 4729.743589743591 4062.564102564103 3927.692307692308 4291.794871794872 4597.948717948719 4377.948717948719 
4296.923076923077 4032.820512820513 4314.358974358975 4480.000000000001 4509.743589743591 4725.641025641026 4333.846153846154 4405.641025641026 4732.307692307693 4061.0256410256416 3920.5128205128212 4268.717948717949 4592.820512820514 4372.820512820514 
4298.974358974359 4033.333333333334 4314.358974358975 4475.8974358974365 4512.307692307693 4713.846153846154 4334.871794871796 4407.6923076923085 4732.820512820514 4059.48717948718 3917.9487179487182 4261.025641025642 4591.794871794872 4371.794871794872 
4306.153846153847 4042.0512820512827 4335.8974358974365 4478.974358974359 4508.205128205129 4707.6923076923085 4330.769230769231 4404.615384615385 4732.820512820514 4060.5128205128212 3918.461538461539 4270.769230769231 4594.871794871796 4376.410256410257 
4304.102564102564 4045.6410256410263 4354.871794871796 4483.076923076924 4504.615384615385 4709.2307692307695 4334.358974358975 4401.025641025642 4730.769230769231 4061.0256410256416 3919.48717948718 4282.051282051282 4593.846153846154 4376.410256410257 
4310.769230769231 4055.8974358974365 4382.051282051282 4489.2307692307695 4501.025641025642 4707.6923076923085 4329.743589743591 4393.333333333334 4727.6923076923085 4060.0000000000005 3928.717948717949 4297.435897435898 4599.48717948718 4377.948717948719 
4308.717948717949 4061.538461538462 4395.384615384616 4488.717948717949 4502.051282051282 4713.333333333334 4306.153846153847 4391.282051282052 4725.641025641026 4058.9743589743593 3932.820512820513 4307.179487179487 4598.461538461539 4376.410256410257 
4317.435897435898 4058.461538461539 4410.256410256411 4485.641025641026 4495.8974358974365 4715.8974358974365 4296.410256410257 4390.256410256411 4726.153846153847 4060.0000000000005 3934.8717948717954 4325.641025641026 4600.512820512821 4377.948717948719 
4311.282051282052 4051.2820512820517 4405.128205128206 4484.102564102564 4496.923076923077 4720.000000000001 4315.384615384616 4389.743589743591 4726.153846153847 4058.461538461539 3933.8461538461543 4331.794871794872 4597.948717948719 4373.333333333334 
4320.512820512821 4053.8461538461543 4386.666666666667 4484.615384615385 4497.435897435898 4718.461538461539 4324.615384615385 4389.743589743591 4723.076923076924 4057.435897435898 3940.5128205128212 4345.128205128206 4600.000000000001 4376.410256410257 
4315.8974358974365 4055.3846153846157 4349.2307692307695 4483.589743589744 4501.538461538462 4723.076923076924 4312.820512820514 4392.307692307693 4723.589743589744 4057.9487179487182 3943.589743589744 4356.410256410257 4595.384615384616 4381.538461538462 
4315.8974358974365 4054.8717948717954 4344.615384615385 4478.461538461539 4501.538461538462 4720.000000000001 4300.000000000001 4389.743589743591 4724.102564102564 4059.48717948718 3942.0512820512827 4369.2307692307695 4595.384615384616 4384.102564102564 
4311.282051282052 4053.333333333334 4349.743589743591 4472.820512820514 4504.615384615385 4721.025641025642 4301.538461538462 4389.2307692307695 4724.102564102564 4059.48717948718 3938.461538461539 4367.6923076923085 4593.846153846154 4379.48717948718 
4317.948717948719 4056.9230769230776 4351.794871794872 4473.333333333334 4504.102564102564 4720.000000000001 4311.794871794872 4391.794871794872 4725.128205128206 4059.48717948718 3936.9230769230776 4364.102564102564 4594.358974358975 4383.589743589744 
4323.589743589744 4063.076923076924 4348.717948717949 4483.076923076924 4504.615384615385 4721.025641025642 4322.564102564103 4391.282051282052 4726.153846153847 4060.5128205128212 3930.2564102564106 4345.641025641026 4592.307692307693 4383.076923076924 
4335.8974358974365 4073.333333333334 4356.923076923077 4495.8974358974365 4503.589743589744 4717.948717948719 4329.743589743591 4387.6923076923085 4724.102564102564 4061.538461538462 3927.1794871794878 4326.666666666667 4595.8974358974365 4380.512820512821 
4357.435897435898 4081.0256410256416 4356.410256410257 4506.153846153847 4503.076923076924 4717.435897435898 4334.871794871796 4387.6923076923085 4724.102564102564 4059.48717948718 3925.1282051282055 4309.2307692307695 4600.512820512821 4383.589743589744 
4376.923076923077 4085.1282051282055 4355.384615384616 4513.333333333334 4501.538461538462 4716.410256410257 4329.743589743591 4389.2307692307695 4724.615384615386 4057.435897435898 3921.538461538462 4291.794871794872 4601.025641025642 4387.6923076923085 
4387.179487179487 4087.692307692308 4364.615384615385 4520.512820512821 4500.000000000001 4715.384615384616 4309.743589743591 4386.666666666667 4720.000000000001 4058.461538461539 3923.589743589744 4284.615384615385 4602.051282051282 4386.666666666667 
4388.717948717949 4088.717948717949 4374.358974358975 4522.051282051282 4502.564102564103 4716.923076923077 4295.8974358974365 4383.076923076924 4718.974358974359 4060.0000000000005 3925.6410256410263 4282.564102564103 4603.076923076924 4384.615384615385 
4396.410256410257 4086.666666666667 4391.282051282052 4522.051282051282 4500.512820512821 4714.871794871796 4294.871794871796 4381.025641025642 4722.564102564103 4059.48717948718 3923.589743589744 4282.564102564103 4605.128205128206 4388.717948717949 
4390.256410256411 4084.615384615385 4391.794871794872 4523.076923076924 4496.410256410257 4715.8974358974365 4292.307692307693 4383.589743589744 4721.538461538462 4057.9487179487182 3920.0000000000005 4277.948717948719 4602.051282051282 4387.179487179487 
4382.564102564103 4089.7435897435903 4390.256410256411 4523.076923076924 4495.384615384616 4716.923076923077 4286.666666666667 4382.564102564103 4717.948717948719 4058.9743589743593 3923.589743589744 4291.282051282052 4603.589743589744 4386.666666666667 
4372.307692307693 4090.7692307692314 4383.076923076924 4521.538461538462 4501.025641025642 4721.538461538462 4291.282051282052 4383.076923076924 4722.564102564103 4058.461538461539 3923.076923076924 4295.8974358974365 4602.564102564103 4384.102564102564 
4381.025641025642 4089.7435897435903 4390.256410256411 4521.538461538462 4497.435897435898 4718.974358974359 4298.461538461539 4382.051282051282 4724.615384615386 4059.48717948718 3922.564102564103 4297.948717948719 4605.128205128206 4386.666666666667 
4378.974358974359 4087.692307692308 4385.641025641026 4520.000000000001 4496.410256410257 4721.025641025642 4296.923076923077 4383.076923076924 4720.512820512821 4060.5128205128212 3922.564102564103 4300.000000000001 4601.538461538462 4386.153846153847 
4383.589743589744 4091.7948717948725 4391.282051282052 4516.410256410257 4494.871794871796 4720.000000000001 4293.333333333334 4381.538461538462 4718.461538461539 4060.5128205128212 3929.2307692307695 4315.8974358974365 4603.589743589744 4390.256410256411 
