4380.512820512821 4087.692307692308 4394.871794871796 4525.641025641026 4486.153846153847 4720.000000000001 4473.333333333334 4383.589743589744 4728.717948717949 4060.0000000000005 3934.358974358975 4264.102564102564 4614.358974358975 4380.000000000001 
4360.512820512821 4078.461538461539 4380.512820512821 4517.948717948719 4483.076923076924 4716.410256410257 4480.512820512821 4388.717948717949 4728.205128205129 4061.538461538462 3942.564102564103 4280.512820512821 4616.923076923077 4383.589743589744 
4346.666666666667 4081.538461538462 4405.128205128206 4506.666666666667 4482.051282051282 4708.717948717949 4459.48717948718 4388.205128205129 4726.153846153847 4062.564102564103 3952.820512820513 4304.615384615385 4617.435897435898 4386.666666666667 
4342.051282051282 4072.820512820513 4424.102564102564 4500.000000000001 4482.051282051282 4709.2307692307695 4415.8974358974365 4382.051282051282 4726.666666666667 4061.538461538462 3955.8974358974365 4325.128205128206 4615.8974358974365 4387.6923076923085 
4340.512820512821 4055.3846153846157 4416.410256410257 4489.743589743591 4482.051282051282 4715.384615384616 4383.076923076924 4377.435897435898 4726.153846153847 4061.0256410256416 3950.7692307692314 4344.102564102564 4612.307692307693 4390.256410256411 
4346.153846153847 4060.5128205128212 4400.512820512821 4486.666666666667 4483.076923076924 4718.974358974359 4371.282051282052 4377.948717948719 4724.102564102564 4064.1025641025644 3944.615384615385 4369.743589743591 4612.307692307693 4397.435897435898 
4353.333333333334 4082.0512820512827 4381.025641025642 4499.48717948718 4487.6923076923085 4721.025641025642 4358.974358974359 4379.48717948718 4725.641025641026 4064.615384615385 3939.48717948718 4381.025641025642 4611.794871794872 4400.512820512821 
4361.025641025642 4092.307692307693 4382.051282051282 4509.743589743591 4491.794871794872 4718.461538461539 4358.974358974359 4381.025641025642 4726.153846153847 4061.538461538462 3935.3846153846157 4368.205128205129 4609.743589743591 4402.564102564103 
4384.102564102564 4088.205128205129 4393.333333333334 4511.282051282052 4491.282051282052 4716.923076923077 4413.846153846154 4387.179487179487 4723.076923076924 4058.9743589743593 3926.666666666667 4334.358974358975 4606.666666666667 4406.666666666667 
4426.153846153847 4085.6410256410263 4408.205128205129 4522.051282051282 4482.564102564103 4714.358974358975 4470.256410256411 4384.615384615385 4722.051282051282 4058.9743589743593 3920.5128205128212 4311.794871794872 4613.846153846154 4410.256410256411 
4418.461538461539 4084.1025641025644 4395.384615384616 4531.794871794872 4484.615384615385 4718.461538461539 4474.358974358975 4376.923076923077 4723.076923076924 4060.0000000000005 3920.0000000000005 4292.820512820514 4612.820512820514 4396.410256410257 
4406.666666666667 4086.666666666667 4381.025641025642 4526.153846153847 4485.641025641026 4714.358974358975 4464.102564102564 4374.871794871796 4725.128205128206 4062.0512820512827 3934.358974358975 4290.769230769231 4617.948717948719 4393.846153846154 
4404.615384615385 4087.692307692308 4374.871794871796 4520.512820512821 4485.128205128206 4713.333333333334 4465.128205128206 4382.051282051282 4728.205128205129 4060.5128205128212 3936.9230769230776 4278.974358974359 4620.000000000001 4396.923076923077 
4403.076923076924 4089.23076923077 4398.974358974359 4530.256410256411 4481.538461538462 4710.769230769231 4440.000000000001 4385.641025641026 4728.717948717949 4058.9743589743593 3933.8461538461543 4268.205128205129 4618.974358974359 4390.769230769231 
4374.358974358975 4089.7435897435903 4405.128205128206 4536.923076923077 4484.615384615385 4713.846153846154 4405.641025641026 4386.153846153847 4728.205128205129 4063.076923076924 3933.8461538461543 4257.948717948719 4613.846153846154 4373.333333333334 
4370.256410256411 4094.8717948717954 4395.384615384616 4526.666666666667 4481.538461538462 4709.2307692307695 4392.307692307693 4382.564102564103 4726.666666666667 4065.6410256410263 3939.48717948718 4273.333333333334 4621.025641025642 4380.512820512821 
4365.128205128206 4089.23076923077 4395.384615384616 4510.769230769231 4483.076923076924 4710.769230769231 4386.153846153847 4381.538461538462 4727.179487179488 4061.0256410256416 3939.48717948718 4302.051282051282 4617.435897435898 4393.333333333334 
4363.589743589744 4073.8461538461543 4418.461538461539 4505.641025641026 4485.128205128206 4716.923076923077 4390.256410256411 4380.512820512821 4727.179487179488 4059.48717948718 3935.8974358974365 4338.974358974359 4609.743589743591 4392.820512820514 
4354.358974358975 4064.1025641025644 4420.512820512821 4498.461538461539 4484.102564102564 4723.589743589744 4397.948717948719 4380.512820512821 4726.666666666667 4063.076923076924 3933.8461538461543 4363.589743589744 4607.179487179488 4388.205128205129 
4356.410256410257 4065.6410256410263 4415.384615384616 4485.128205128206 4481.025641025642 4716.923076923077 4376.923076923077 4382.051282051282 4725.641025641026 4063.076923076924 3937.9487179487182 4377.948717948719 4611.794871794872 4400.512820512821 
4364.615384615385 4063.589743589744 4409.743589743591 4485.128205128206 4483.076923076924 4712.307692307693 4356.410256410257 4383.589743589744 4723.076923076924 4060.0000000000005 3942.0512820512827 4382.051282051282 4614.358974358975 4410.769230769231 
4368.717948717949 4059.48717948718 4400.512820512821 4496.410256410257 4486.666666666667 4718.974358974359 4366.666666666667 4383.076923076924 4723.076923076924 4058.461538461539 3939.48717948718 4373.846153846154 4610.769230769231 4403.589743589744 
4362.564102564103 4070.2564102564106 4401.025641025642 4503.076923076924 4485.128205128206 4718.461538461539 4371.282051282052 4381.025641025642 4725.128205128206 4060.0000000000005 3941.538461538462 4359.48717948718 4610.769230769231 4398.461538461539 
4350.256410256411 4083.589743589744 4392.820512820514 4503.076923076924 4484.615384615385 4713.846153846154 4370.769230769231 4380.512820512821 4726.153846153847 4062.0512820512827 3945.1282051282055 4333.333333333334 4614.358974358975 4398.974358974359 
4368.205128205129 4086.1538461538466 4381.538461538462 4515.384615384616 4484.102564102564 4712.307692307693 4402.051282051282 4378.461538461539 4726.153846153847 4062.0512820512827 3942.564102564103 4310.769230769231 4619.48717948718 4396.923076923077 
4388.205128205129 4084.615384615385 4375.8974358974365 4532.820512820514 4486.666666666667 4717.435897435898 4432.820512820514 4381.538461538462 4727.6923076923085 4061.0256410256416 3933.8461538461543 4282.564102564103 4613.333333333334 4384.615384615385 
4396.923076923077 4096.923076923077 4397.948717948719 4534.358974358975 4484.615384615385 4711.794871794872 4426.153846153847 4382.564102564103 4728.205128205129 4062.0512820512827 3929.2307692307695 4266.153846153847 4613.846153846154 4382.051282051282 
4388.205128205129 4100.512820512821 4397.948717948719 4523.589743589744 4488.205128205129 4711.794871794872 4419.48717948718 4382.564102564103 4726.666666666667 4063.076923076924 3926.666666666667 4264.615384615385 4612.820512820514 4385.128205128206 
4394.358974358975 4085.1282051282055 4390.256410256411 4519.48717948718 4487.179487179488 4710.769230769231 4430.256410256411 4381.538461538462 4726.666666666667 4063.076923076924 3932.307692307693 4295.8974358974365 4614.871794871796 4392.307692307693 
4369.2307692307695 4071.2820512820517 4392.820512820514 4512.307692307693 4489.743589743591 4716.410256410257 4431.794871794872 4383.076923076924 4726.666666666667 4060.5128205128212 3932.307692307693 4323.076923076924 4613.846153846154 4387.6923076923085 
4347.179487179487 4077.435897435898 4421.025641025642 4496.410256410257 4487.179487179488 4717.948717948719 4422.564102564103 4380.512820512821 4725.128205128206 4059.48717948718 3936.9230769230776 4345.641025641026 4618.461538461539 4392.307692307693 
4346.666666666667 4075.8974358974365 4413.333333333334 4488.717948717949 4487.179487179488 4722.051282051282 4420.000000000001 4381.025641025642 4725.641025641026 4061.538461538462 3938.461538461539 4352.820512820514 4610.769230769231 4400.512820512821 
4367.179487179487 4070.2564102564106 4399.48717948718 4497.435897435898 4485.128205128206 4718.461538461539 4419.48717948718 4383.589743589744 4725.128205128206 4062.564102564103 3937.9487179487182 4355.384615384616 4608.717948717949 4403.589743589744 
4362.051282051282 4072.820512820513 4398.974358974359 4507.179487179488 4487.179487179488 4717.948717948719 4417.435897435898 4385.641025641026 4725.128205128206 4060.5128205128212 3937.435897435898 4344.615384615385 4612.307692307693 4396.410256410257 
4363.076923076924 4080.0000000000005 4404.102564102564 4507.179487179488 4482.564102564103 4714.871794871796 4411.794871794872 4383.076923076924 4726.153846153847 4062.0512820512827 3942.564102564103 4346.666666666667 4616.410256410257 4397.948717948719 
4364.102564102564 4075.3846153846157 4387.6923076923085 4501.538461538462 4481.025641025642 4717.948717948719 4405.641025641026 4380.512820512821 4725.641025641026 4065.1282051282055 3943.589743589744 4356.923076923077 4611.794871794872 4396.410256410257 
4365.641025641026 4070.7692307692314 4378.974358974359 4501.538461538462 4483.076923076924 4721.538461538462 4403.589743589744 4380.512820512821 4724.102564102564 4064.1025641025644 3942.564102564103 4356.410256410257 4609.2307692307695 4389.2307692307695 
4372.307692307693 4078.9743589743593 4386.666666666667 4505.641025641026 4483.589743589744 4720.512820512821 4408.717948717949 4379.48717948718 4724.615384615386 4062.564102564103 3942.0512820512827 4340.000000000001 4612.307692307693 4389.2307692307695 
4376.923076923077 4083.589743589744 4394.871794871796 4508.717948717949 4483.076923076924 4717.435897435898 4405.128205128206 4379.48717948718 4726.153846153847 4063.076923076924 3938.461538461539 4324.102564102564 4614.871794871796 4391.282051282052 
4387.6923076923085 4079.48717948718 4396.410256410257 4513.333333333334 4483.076923076924 4715.8974358974365 4391.794871794872 4381.025641025642 4726.666666666667 4063.076923076924 3936.410256410257 4317.435897435898 4615.8974358974365 4394.358974358975 
4394.871794871796 4080.0000000000005 4386.666666666667 4516.410256410257 4485.641025641026 4716.410256410257 4391.794871794872 4383.589743589744 4727.6923076923085 4062.0512820512827 3932.820512820513 4310.256410256411 4609.743589743591 4395.384615384616 
4378.461538461539 4083.076923076924 4410.769230769231 4510.256410256411 4484.615384615385 4711.794871794872 4402.564102564103 4382.051282051282 4726.666666666667 4063.589743589744 3933.333333333334 4324.615384615385 4611.282051282052 4395.8974358974365 
4337.435897435898 4072.307692307693 4432.307692307693 4497.435897435898 4484.615384615385 4715.384615384616 4400.000000000001 4381.025641025642 4724.615384615386 4063.076923076924 3937.435897435898 4343.589743589744 4609.743589743591 4393.333333333334 
4342.051282051282 4066.666666666667 4416.410256410257 4491.282051282052 4478.974358974359 4716.923076923077 4390.256410256411 4379.48717948718 4726.153846153847 4062.564102564103 3947.1794871794878 4362.564102564103 4613.846153846154 4397.435897435898 
4346.666666666667 4069.23076923077 4376.923076923077 4493.333333333334 4485.641025641026 4723.076923076924 4388.717948717949 4380.512820512821 4729.2307692307695 4062.0512820512827 3948.717948717949 4364.102564102564 4611.282051282052 4392.820512820514 
4351.794871794872 4076.410256410257 4383.589743589744 4498.974358974359 4487.6923076923085 4716.923076923077 4388.717948717949 4381.025641025642 4726.153846153847 4060.5128205128212 3948.717948717949 4364.615384615385 4612.820512820514 4391.282051282052 
4363.076923076924 4076.9230769230776 4385.641025641026 4501.538461538462 4484.615384615385 4713.333333333334 4389.2307692307695 4382.564102564103 4724.102564102564 4061.0256410256416 3945.6410256410263 4347.6923076923085 4610.256410256411 4392.820512820514 
4385.128205128206 4074.8717948717954 4385.128205128206 4505.128205128206 4482.051282051282 4711.282051282052 4384.615384615385 4378.461538461539 4727.6923076923085 4063.589743589744 3945.1282051282055 4340.512820512821 4614.358974358975 4394.871794871796 
4373.333333333334 4070.2564102564106 4391.282051282052 4508.205128205129 4488.205128205129 4716.923076923077 4378.974358974359 4377.948717948719 4728.717948717949 4062.0512820512827 3943.589743589744 4337.435897435898 4611.794871794872 4389.2307692307695 
4369.2307692307695 4071.2820512820517 4409.743589743591 4505.128205128206 4485.128205128206 4713.846153846154 4380.512820512821 4379.48717948718 4726.666666666667 4062.564102564103 3942.564102564103 4340.000000000001 4612.820512820514 4392.820512820514 
4365.641025641026 4071.2820512820517 4407.6923076923085 4501.025641025642 4483.076923076924 4715.384615384616 4385.128205128206 4381.538461538462 4727.6923076923085 4066.1538461538466 3937.435897435898 4336.410256410257 4613.846153846154 4395.8974358974365 
4362.051282051282 4073.8461538461543 4403.589743589744 4504.102564102564 4485.128205128206 4717.948717948719 4380.512820512821 4381.538461538462 4728.717948717949 4064.615384615385 3935.8974358974365 4336.410256410257 4612.820512820514 4395.8974358974365 
4361.538461538462 4081.0256410256416 4393.846153846154 4508.717948717949 4487.179487179488 4717.435897435898 4381.025641025642 4382.051282051282 4728.205128205129 4060.0000000000005 3937.435897435898 4331.282051282052 4612.307692307693 4396.923076923077 
4366.666666666667 4087.692307692308 4375.384615384616 4512.307692307693 4487.6923076923085 4715.384615384616 4392.820512820514 4382.051282051282 4726.666666666667 4062.0512820512827 3936.9230769230776 4324.102564102564 4616.923076923077 4396.410256410257 
4384.615384615385 4088.205128205129 4369.2307692307695 4520.000000000001 4489.743589743591 4713.333333333334 4398.461538461539 4382.051282051282 4726.153846153847 4065.6410256410263 3933.333333333334 4315.8974358974365 4616.923076923077 4393.333333333334 
4404.102564102564 4087.1794871794878 4377.435897435898 4521.025641025642 4492.307692307693 4710.256410256411 4392.307692307693 4384.615384615385 4727.6923076923085 4064.1025641025644 3928.205128205129 4303.076923076924 4611.794871794872 4390.256410256411 
4405.128205128206 4086.1538461538466 4391.794871794872 4514.358974358975 4485.641025641026 4705.641025641026 4392.307692307693 4380.512820512821 4728.717948717949 4062.564102564103 3928.205128205129 4309.2307692307695 4616.410256410257 4394.358974358975 
4391.282051282052 4078.461538461539 4393.846153846154 4509.743589743591 4481.538461538462 4709.743589743591 4401.538461538462 4376.923076923077 4726.666666666667 4061.538461538462 3934.8717948717954 4320.512820512821 4617.948717948719 4394.358974358975 
4379.48717948718 4070.7692307692314 4411.794871794872 4507.6923076923085 4481.538461538462 4711.282051282052 4402.051282051282 4379.48717948718 4725.128205128206 4062.0512820512827 3944.615384615385 4333.846153846154 4617.948717948719 4396.410256410257 
4341.538461538462 4066.666666666667 4427.6923076923085 4497.435897435898 4484.102564102564 4714.871794871796 4397.948717948719 4385.128205128206 4727.179487179488 4062.564102564103 3942.564102564103 4344.102564102564 4612.307692307693 4396.410256410257 
4331.282051282052 4069.7435897435903 4430.769230769231 4488.717948717949 4475.8974358974365 4713.333333333334 4402.564102564103 4382.051282051282 4726.153846153847 4063.589743589744 3945.6410256410263 4368.717948717949 4617.435897435898 4400.512820512821 
4335.8974358974365 4068.717948717949 4401.538461538462 4490.769230769231 4476.923076923077 4720.512820512821 4400.512820512821 4381.538461538462 4726.666666666667 4062.564102564103 3948.205128205129 4374.358974358975 4615.384615384616 4396.923076923077 
4349.743589743591 4070.7692307692314 4396.923076923077 4495.384615384616 4481.025641025642 4718.974358974359 4367.6923076923085 4383.076923076924 4727.179487179488 4062.564102564103 3951.7948717948725 4380.000000000001 4616.410256410257 4396.410256410257 
4347.6923076923085 4070.2564102564106 4398.974358974359 4490.256410256411 4485.641025641026 4716.410256410257 4329.743589743591 4384.102564102564 4727.179487179488 4063.076923076924 3950.2564102564106 4380.512820512821 4610.769230769231 4394.358974358975 
4368.205128205129 4069.23076923077 4398.461538461539 4487.179487179488 4481.025641025642 4711.282051282052 4318.461538461539 4380.000000000001 4726.666666666667 4064.615384615385 3949.7435897435903 4376.410256410257 4615.384615384616 4396.923076923077 
4383.076923076924 4068.205128205129 4389.2307692307695 4496.410256410257 4482.051282051282 4711.794871794872 4326.666666666667 4380.000000000001 4727.6923076923085 4064.1025641025644 3944.1025641025644 4351.282051282052 4618.974358974359 4394.358974358975 
4395.384615384616 4076.9230769230776 4390.256410256411 4509.743589743591 4483.589743589744 4706.666666666667 4333.846153846154 4382.564102564103 4729.2307692307695 4062.0512820512827 3940.0000000000005 4327.179487179487 4620.000000000001 4397.948717948719 
4384.615384615385 4085.6410256410263 4376.923076923077 4518.974358974359 4485.641025641026 4709.2307692307695 4345.641025641026 4382.564102564103 4729.2307692307695 4061.538461538462 3937.435897435898 4311.794871794872 4616.923076923077 4402.051282051282 
4376.923076923077 4087.692307692308 4370.256410256411 4522.564102564103 4485.641025641026 4712.820512820514 4354.871794871796 4383.589743589744 4727.6923076923085 4063.589743589744 3936.9230769230776 4306.666666666667 4618.461538461539 4402.051282051282 
4383.076923076924 4088.205128205129 4384.615384615385 4523.076923076924 4487.6923076923085 4710.256410256411 4351.794871794872 4385.128205128206 4727.179487179488 4064.615384615385 3937.435897435898 4301.538461538462 4618.461538461539 4396.410256410257 
4376.410256410257 4091.7948717948725 4400.512820512821 4519.48717948718 4486.153846153847 4704.102564102564 4349.743589743591 4383.589743589744 4727.6923076923085 4062.564102564103 3935.3846153846157 4296.923076923077 4613.846153846154 4391.282051282052 
4377.435897435898 4090.2564102564106 4398.974358974359 4519.48717948718 4483.589743589744 4703.076923076924 4349.743589743591 4377.948717948719 4727.179487179488 4060.5128205128212 3934.358974358975 4302.051282051282 4613.846153846154 4391.794871794872 
4393.846153846154 4084.1025641025644 4388.205128205129 4522.051282051282 4487.179487179488 4708.205128205129 4348.717948717949 4379.48717948718 4726.153846153847 4061.0256410256416 3934.358974358975 4304.615384615385 4610.256410256411 4390.256410256411 
4401.025641025642 4080.5128205128212 4397.435897435898 4515.384615384616 4485.128205128206 4706.153846153847 4348.717948717949 4381.538461538462 4724.102564102564 4061.538461538462 3937.435897435898 4317.435897435898 4610.769230769231 4391.282051282052 
4378.974358974359 4071.7948717948725 4404.102564102564 4501.538461538462 4483.076923076924 4708.205128205129 4352.307692307693 4380.512820512821 4723.076923076924 4061.0256410256416 3935.8974358974365 4331.282051282052 4611.794871794872 4391.794871794872 
4368.717948717949 4065.6410256410263 4411.282051282052 4500.000000000001 4481.025641025642 4713.333333333334 4356.923076923077 4380.512820512821 4724.102564102564 4062.564102564103 3939.48717948718 4349.743589743591 4613.333333333334 4398.974358974359 
4356.923076923077 4067.692307692308 4400.512820512821 4503.589743589744 4483.076923076924 4719.48717948718 4361.025641025642 4384.615384615385 4725.128205128206 4061.538461538462 3942.0512820512827 4352.307692307693 4606.153846153847 4401.025641025642 
4363.076923076924 4075.3846153846157 4396.410256410257 4503.589743589744 4481.025641025642 4715.384615384616 4361.538461538462 4382.564102564103 4724.615384615386 4061.0256410256416 3942.0512820512827 4353.846153846154 4611.282051282052 4402.564102564103 
4365.641025641026 4077.435897435898 4383.589743589744 4507.6923076923085 4487.179487179488 4720.000000000001 4359.48717948718 4383.076923076924 4727.6923076923085 4062.0512820512827 3933.333333333334 4342.051282051282 4611.282051282052 4396.410256410257 
4376.923076923077 4084.615384615385 4388.717948717949 4515.8974358974365 4488.205128205129 4716.410256410257 4353.333333333334 4383.076923076924 4727.6923076923085 4064.1025641025644 3932.307692307693 4336.410256410257 4611.794871794872 4394.358974358975 
4381.538461538462 4086.666666666667 4391.282051282052 4516.923076923077 4488.205128205129 4711.282051282052 4343.589743589744 4381.538461538462 4724.615384615386 4064.1025641025644 3935.8974358974365 4324.102564102564 4610.256410256411 4390.769230769231 
4390.769230769231 4082.564102564103 4402.051282051282 4511.282051282052 4485.128205128206 4707.6923076923085 4337.948717948719 4377.435897435898 4725.641025641026 4062.564102564103 3941.0256410256416 4323.076923076924 4614.871794871796 4392.820512820514 
4376.410256410257 4073.8461538461543 4407.6923076923085 4506.666666666667 4485.641025641026 4713.333333333334 4338.461538461539 4379.48717948718 4728.205128205129 4061.0256410256416 3941.538461538462 4329.2307692307695 4611.794871794872 4392.820512820514 
4370.256410256411 4071.7948717948725 4419.48717948718 4503.076923076924 4479.48717948718 4712.820512820514 4340.000000000001 4379.48717948718 4726.666666666667 4061.538461538462 3943.076923076924 4340.000000000001 4611.794871794872 4394.871794871796 
4357.948717948719 4071.7948717948725 4420.512820512821 4496.923076923077 4478.461538461539 4713.846153846154 4352.307692307693 4380.512820512821 4724.615384615386 4061.0256410256416 3944.1025641025644 4340.000000000001 4611.282051282052 4394.358974358975 
4344.102564102564 4072.820512820513 4412.307692307693 4497.948717948719 4481.538461538462 4714.358974358975 4358.974358974359 4384.102564102564 4725.128205128206 4058.9743589743593 3943.589743589744 4342.564102564103 4610.769230769231 4394.871794871796 
4347.6923076923085 4074.8717948717954 4403.589743589744 4505.641025641026 4482.051282051282 4714.871794871796 4346.153846153847 4384.102564102564 4724.615384615386 4059.48717948718 3943.076923076924 4349.2307692307695 4612.307692307693 4395.8974358974365 
4357.948717948719 4077.435897435898 4395.384615384616 4505.128205128206 4483.589743589744 4715.384615384616 4340.000000000001 4382.564102564103 4723.589743589744 4061.538461538462 3941.538461538462 4348.205128205129 4609.743589743591 4392.820512820514 
4368.205128205129 4077.9487179487187 4391.794871794872 4502.051282051282 4485.128205128206 4712.307692307693 4353.846153846154 4382.564102564103 4725.641025641026 4063.589743589744 3942.564102564103 4347.6923076923085 4610.769230769231 4393.846153846154 
4375.8974358974365 4074.8717948717954 4385.641025641026 4504.615384615385 4486.153846153847 4711.794871794872 4364.615384615385 4382.051282051282 4727.6923076923085 4062.564102564103 3939.48717948718 4345.641025641026 4611.794871794872 4391.282051282052 
4390.256410256411 4074.358974358975 4391.282051282052 4504.615384615385 4483.076923076924 4710.769230769231 4365.128205128206 4378.974358974359 4727.179487179488 4060.5128205128212 3938.461538461539 4349.2307692307695 4613.846153846154 4391.282051282052 
4384.102564102564 4074.8717948717954 4387.6923076923085 4502.051282051282 4485.641025641026 4713.333333333334 4370.256410256411 4381.025641025642 4725.641025641026 4061.0256410256416 3937.435897435898 4342.564102564103 4611.282051282052 4389.2307692307695 
4382.051282051282 4077.9487179487187 4392.307692307693 4506.153846153847 4481.025641025642 4709.743589743591 4369.743589743591 4381.025641025642 4725.128205128206 4064.1025641025644 3940.0000000000005 4343.589743589744 4617.948717948719 4395.8974358974365 
4361.538461538462 4075.8974358974365 4393.846153846154 4506.666666666667 4483.076923076924 4712.307692307693 4362.051282051282 4381.025641025642 4727.6923076923085 4063.589743589744 3938.9743589743593 4339.48717948718 4616.410256410257 4396.923076923077 
4356.410256410257 4075.8974358974365 4407.6923076923085 4502.051282051282 4483.589743589744 4709.2307692307695 4361.025641025642 4380.512820512821 4726.666666666667 4063.589743589744 3943.589743589744 4345.128205128206 4615.8974358974365 4398.461538461539 
4351.282051282052 4075.8974358974365 4404.102564102564 4501.538461538462 4485.128205128206 4713.333333333334 4367.179487179487 4382.051282051282 4725.128205128206 4064.615384615385 3944.1025641025644 4342.564102564103 4612.307692307693 4394.358974358975 
4361.538461538462 4076.9230769230776 4403.589743589744 4506.153846153847 4480.512820512821 4713.333333333334 4360.512820512821 4378.974358974359 4725.641025641026 4064.1025641025644 3941.0256410256416 4345.641025641026 4617.948717948719 4392.820512820514 
4373.846153846154 4076.410256410257 4390.256410256411 4509.2307692307695 4482.564102564103 4713.333333333334 4348.717948717949 4381.025641025642 4727.6923076923085 4059.48717948718 3937.9487179487182 4335.384615384616 4618.974358974359 4391.794871794872 
4390.256410256411 4081.538461538462 4383.076923076924 4510.769230769231 4483.589743589744 4709.2307692307695 4349.2307692307695 4381.538461538462 4727.179487179488 4061.538461538462 3940.0000000000005 4329.2307692307695 4616.923076923077 4396.923076923077 
4383.589743589744 4082.0512820512827 4378.974358974359 4512.307692307693 4484.102564102564 4711.282051282052 4351.794871794872 4377.948717948719 4729.2307692307695 4066.1538461538466 3936.9230769230776 4326.666666666667 4613.846153846154 4396.410256410257 
4377.435897435898 4082.0512820512827 4384.102564102564 4511.282051282052 4485.128205128206 4709.2307692307695 4348.717948717949 4376.923076923077 4729.743589743591 4064.615384615385 3936.410256410257 4329.2307692307695 4617.435897435898 4397.435897435898 
4366.153846153847 4079.48717948718 4390.769230769231 4505.128205128206 4485.128205128206 4706.666666666667 4356.410256410257 4380.000000000001 4727.179487179488 4062.0512820512827 3940.5128205128212 4332.307692307693 4617.948717948719 4398.461538461539 
4348.717948717949 4075.8974358974365 4405.128205128206 4502.051282051282 4484.102564102564 4711.282051282052 4369.2307692307695 4381.538461538462 4726.153846153847 4065.6410256410263 3938.9743589743593 4337.435897435898 4615.8974358974365 4397.435897435898 
4345.641025641026 4076.410256410257 4412.820512820514 4504.615384615385 4483.076923076924 4715.8974358974365 4369.2307692307695 4381.025641025642 4725.641025641026 4067.1794871794878 3938.9743589743593 4341.025641025642 4615.8974358974365 4393.333333333334 
4355.8974358974365 4078.461538461539 4400.000000000001 4505.641025641026 4485.128205128206 4714.871794871796 4364.102564102564 4384.102564102564 4726.153846153847 4064.615384615385 3938.9743589743593 4333.846153846154 4613.333333333334 4389.2307692307695 
4377.948717948719 4081.538461538462 4393.846153846154 4509.743589743591 4488.205128205129 4710.769230769231 4362.564102564103 4383.589743589744 4727.179487179488 4063.076923076924 3936.410256410257 4325.128205128206 4615.8974358974365 4390.769230769231 
4392.820512820514 4083.589743589744 4386.666666666667 4514.358974358975 4488.205128205129 4712.307692307693 4362.051282051282 4381.538461538462 4728.205128205129 4062.564102564103 3933.333333333334 4310.769230769231 4615.8974358974365 4390.256410256411 
4391.282051282052 4085.1282051282055 4382.564102564103 4510.769230769231 4483.076923076924 4707.6923076923085 4362.564102564103 4380.512820512821 4727.179487179488 4063.589743589744 3940.0000000000005 4325.128205128206 4617.948717948719 4395.8974358974365 
4357.948717948719 4074.358974358975 4380.000000000001 4498.461538461539 4486.666666666667 4709.743589743591 4366.153846153847 4384.615384615385 4725.641025641026 4062.564102564103 3943.076923076924 4350.769230769231 4613.846153846154 4391.282051282052 
4353.333333333334 4068.205128205129 4396.923076923077 4494.871794871796 4484.615384615385 4711.282051282052 4369.743589743591 4384.615384615385 4727.179487179488 4062.0512820512827 3945.1282051282055 4363.589743589744 4615.384615384616 4389.743589743591 
4366.666666666667 4071.7948717948725 4393.333333333334 4501.025641025642 4482.564102564103 4713.846153846154 4374.871794871796 4381.538461538462 4728.205128205129 4063.589743589744 3942.564102564103 4345.128205128206 4613.846153846154 4394.871794871796 
4371.794871794872 4074.358974358975 4401.025641025642 4499.48717948718 4479.48717948718 4707.6923076923085 4371.282051282052 4378.974358974359 4724.615384615386 4064.615384615385 3943.589743589744 4354.871794871796 4617.948717948719 4404.615384615385 
4322.564102564103 4058.461538461539 4410.256410256411 4483.589743589744 4484.102564102564 4715.384615384616 4364.102564102564 4382.564102564103 4724.102564102564 4061.0256410256416 3948.205128205129 4387.179487179487 4612.307692307693 4397.435897435898 
4311.794871794872 4050.7692307692314 4417.948717948719 4476.410256410257 4482.051282051282 4720.512820512821 4356.410256410257 4379.48717948718 4726.666666666667 4060.0000000000005 3956.410256410257 4412.307692307693 4610.256410256411 4392.307692307693 
4345.641025641026 4062.564102564103 4405.641025641026 4487.179487179488 4485.128205128206 4720.512820512821 4346.666666666667 4377.948717948719 4726.153846153847 4062.564102564103 3954.8717948717954 4391.282051282052 4610.256410256411 4394.871794871796 
4383.589743589744 4075.3846153846157 4394.871794871796 4501.025641025642 4485.128205128206 4713.333333333334 4338.461538461539 4382.564102564103 4723.589743589744 4064.1025641025644 3945.6410256410263 4353.333333333334 4616.923076923077 4400.512820512821 
4409.743589743591 4083.589743589744 4367.179487179487 4516.923076923077 4486.153846153847 4713.333333333334 4333.846153846154 4384.615384615385 4725.641025641026 4063.076923076924 3932.820512820513 4313.846153846154 4617.435897435898 4397.435897435898 
4433.846153846154 4093.8461538461543 4363.076923076924 4535.8974358974365 4489.2307692307695 4708.717948717949 4325.128205128206 4380.512820512821 4727.179487179488 4061.0256410256416 3925.1282051282055 4282.051282051282 4614.358974358975 4395.8974358974365 
4413.333333333334 4092.820512820513 4394.358974358975 4537.948717948719 4487.179487179488 4701.025641025642 4323.076923076924 4380.000000000001 4727.179487179488 4060.0000000000005 3927.692307692308 4277.435897435898 4613.333333333334 4400.000000000001 
4371.282051282052 4083.589743589744 4408.205128205129 4517.948717948719 4484.102564102564 4702.564102564103 4334.358974358975 4383.076923076924 4728.205128205129 4062.564102564103 3934.358974358975 4303.589743589744 4615.384615384616 4395.8974358974365 
4353.846153846154 4077.9487179487187 4404.102564102564 4504.615384615385 4483.589743589744 4709.743589743591 4338.974358974359 4380.000000000001 4727.179487179488 4062.564102564103 3939.48717948718 4330.256410256411 4614.871794871796 4387.6923076923085 
4340.512820512821 4076.9230769230776 4400.512820512821 4505.128205128206 4486.666666666667 4714.871794871796 4342.564102564103 4378.461538461539 4726.666666666667 4059.48717948718 3942.0512820512827 4336.923076923077 4609.743589743591 4385.128205128206 
4354.871794871796 4080.5128205128212 4397.948717948719 4507.6923076923085 4484.102564102564 4711.794871794872 4353.846153846154 4380.000000000001 4725.641025641026 4060.0000000000005 3943.076923076924 4341.025641025642 4613.333333333334 4393.333333333334 
4383.076923076924 4083.076923076924 4381.025641025642 4507.6923076923085 4485.641025641026 4711.794871794872 4362.564102564103 4384.102564102564 4725.641025641026 4062.564102564103 3934.8717948717954 4330.256410256411 4611.794871794872 4392.820512820514 
4391.794871794872 4080.5128205128212 4391.794871794872 4508.205128205129 4484.615384615385 4710.256410256411 4365.128205128206 4382.051282051282 4726.153846153847 4062.564102564103 3933.8461538461543 4327.179487179487 4613.333333333334 4392.820512820514 
4374.358974358975 4075.3846153846157 4396.923076923077 4504.615384615385 4486.666666666667 4713.333333333334 4372.307692307693 4380.512820512821 4726.153846153847 4062.0512820512827 3936.9230769230776 4331.794871794872 4612.820512820514 4395.384615384616 
4377.435897435898 4073.333333333334 4406.666666666667 4499.48717948718 4483.076923076924 4708.205128205129 4376.923076923077 4380.000000000001 4723.589743589744 4062.0512820512827 3942.564102564103 4350.256410256411 4615.8974358974365 4404.615384615385 
4358.974358974359 4067.692307692308 4408.205128205129 4493.846153846154 4483.076923076924 4712.820512820514 4367.179487179487 4381.538461538462 4725.128205128206 4062.564102564103 3941.0256410256416 4354.871794871796 4607.179487179488 4402.051282051282 
4345.641025641026 4068.717948717949 4405.641025641026 4494.871794871796 4483.076923076924 4717.435897435898 4342.564102564103 4379.48717948718 4727.179487179488 4065.1282051282055 3945.6410256410263 4363.076923076924 4611.794871794872 4396.410256410257 
4334.358974358975 4073.8461538461543 4390.256410256411 4498.461538461539 4482.564102564103 4719.48717948718 4325.641025641026 4381.025641025642 4725.128205128206 4063.076923076924 3949.2307692307695 4361.025641025642 4614.871794871796 4392.307692307693 
4342.564102564103 4074.358974358975 4397.948717948719 4496.923076923077 4479.48717948718 4714.358974358975 4333.846153846154 4383.589743589744 4723.076923076924 4061.0256410256416 3951.2820512820517 4364.102564102564 4615.384615384616 4395.384615384616 
4346.666666666667 4067.1794871794878 4395.8974358974365 4495.384615384616 4487.179487179488 4717.435897435898 4350.769230769231 4383.589743589744 4726.153846153847 4062.0512820512827 3949.7435897435903 4366.153846153847 4611.282051282052 4392.307692307693 
4360.512820512821 4069.23076923077 4384.615384615385 4494.871794871796 4486.666666666667 4713.846153846154 4344.615384615385 4381.025641025642 4727.6923076923085 4063.076923076924 3950.7692307692314 4366.666666666667 4615.384615384616 4388.717948717949 
4372.307692307693 4073.333333333334 4377.948717948719 4495.8974358974365 4480.512820512821 4710.256410256411 4330.769230769231 4381.538461538462 4726.153846153847 4061.538461538462 3950.2564102564106 4355.384615384616 4615.384615384616 4392.307692307693 
4385.641025641026 4071.7948717948725 4381.538461538462 4503.076923076924 4482.051282051282 4709.743589743591 4329.743589743591 4380.512820512821 4726.666666666667 4062.564102564103 3942.564102564103 4342.051282051282 4612.307692307693 4400.000000000001 
4385.641025641026 4074.8717948717954 4379.48717948718 4512.307692307693 4486.153846153847 4708.717948717949 4332.307692307693 4378.974358974359 4727.6923076923085 4063.589743589744 3938.461538461539 4333.846153846154 4613.846153846154 4401.538461538462 
4372.307692307693 4085.1282051282055 4377.435897435898 4512.307692307693 4484.615384615385 4708.717948717949 4336.410256410257 4382.564102564103 4727.6923076923085 4063.076923076924 3939.48717948718 4327.179487179487 4613.333333333334 4398.974358974359 
4370.256410256411 4086.666666666667 4395.8974358974365 4508.717948717949 4483.076923076924 4709.2307692307695 4348.205128205129 4383.589743589744 4728.205128205129 4064.1025641025644 3939.48717948718 4332.820512820514 4615.384615384616 4400.512820512821 
4358.974358974359 4076.410256410257 4405.641025641026 4504.615384615385 4486.153846153847 4714.358974358975 4357.948717948719 4382.564102564103 4729.743589743591 4065.1282051282055 3935.8974358974365 4339.48717948718 4613.333333333334 4396.923076923077 
4358.974358974359 4073.333333333334 4406.153846153847 4502.051282051282 4483.076923076924 4716.410256410257 4358.461538461539 4381.538461538462 4726.666666666667 4066.1538461538466 3938.461538461539 4349.743589743591 4613.846153846154 4393.846153846154 
4365.128205128206 4075.8974358974365 4397.948717948719 4502.051282051282 4484.102564102564 4718.974358974359 4356.410256410257 4383.076923076924 4726.153846153847 4064.1025641025644 3940.5128205128212 4343.076923076924 4612.307692307693 4390.769230769231 
4388.717948717949 4077.435897435898 4404.615384615385 4503.076923076924 4482.051282051282 4711.794871794872 4347.6923076923085 4381.025641025642 4727.179487179488 4061.538461538462 3943.076923076924 4334.871794871796 4621.025641025642 4396.410256410257 
4396.410256410257 4072.307692307693 4390.769230769231 4505.641025641026 4482.564102564103 4712.307692307693 4342.051282051282 4382.051282051282 4727.6923076923085 4062.564102564103 3938.461538461539 4320.000000000001 4620.512820512821 4394.871794871796 
4405.128205128206 4078.461538461539 4383.589743589744 4514.358974358975 4480.000000000001 4709.2307692307695 4345.128205128206 4382.051282051282 4726.666666666667 4065.1282051282055 3937.435897435898 4315.384615384616 4622.564102564103 4397.948717948719 
4386.666666666667 4085.1282051282055 4380.512820512821 4520.512820512821 4484.102564102564 4708.205128205129 4347.179487179487 4381.538461538462 4728.205128205129 4063.589743589744 3935.8974358974365 4305.128205128206 4618.974358974359 4401.538461538462 
4375.384615384616 4082.564102564103 4394.871794871796 4517.435897435898 4482.564102564103 4705.641025641026 4343.076923076924 4381.025641025642 4729.743589743591 4064.615384615385 3936.9230769230776 4314.871794871796 4618.974358974359 4403.076923076924 
4368.717948717949 4077.435897435898 4390.769230769231 4512.307692307693 4482.564102564103 4710.256410256411 4341.025641025642 4382.051282051282 4729.743589743591 4066.666666666667 3932.820512820513 4320.000000000001 4615.8974358974365 4397.435897435898 
4374.358974358975 4082.564102564103 4388.205128205129 4514.358974358975 4481.538461538462 4709.2307692307695 4344.615384615385 4380.000000000001 4728.205128205129 4063.076923076924 3933.333333333334 4319.48717948718 4617.948717948719 4398.974358974359 
4372.307692307693 4084.615384615385 4387.179487179487 4513.846153846154 4486.666666666667 4710.256410256411 4350.256410256411 4382.564102564103 4727.179487179488 4060.0000000000005 3937.435897435898 4316.923076923077 4616.923076923077 4396.923076923077 
4376.923076923077 4081.0256410256416 4392.820512820514 4507.179487179488 4487.179487179488 4709.743589743591 4348.717948717949 4383.076923076924 4728.205128205129 4063.589743589744 3940.5128205128212 4321.025641025642 4617.435897435898 4393.846153846154 
4387.179487179487 4082.0512820512827 4389.2307692307695 4510.256410256411 4485.641025641026 4708.717948717949 4345.128205128206 4379.48717948718 4727.179487179488 4064.615384615385 3935.3846153846157 4315.8974358974365 4616.923076923077 4394.358974358975 
4395.8974358974365 4086.1538461538466 4388.205128205129 4518.461538461539 4485.641025641026 4706.666666666667 4345.641025641026 4378.974358974359 4725.128205128206 4062.564102564103 3932.307692307693 4308.205128205129 4617.948717948719 4395.384615384616 
4374.358974358975 4079.48717948718 4403.589743589744 4510.769230769231 4484.615384615385 4707.179487179488 4347.6923076923085 4382.051282051282 4724.615384615386 4063.589743589744 3938.461538461539 4320.000000000001 4618.974358974359 4394.871794871796 
4341.025641025642 4068.717948717949 4414.871794871796 4496.410256410257 4484.102564102564 4713.333333333334 4347.179487179487 4384.102564102564 4724.615384615386 4062.0512820512827 3941.538461538462 4336.410256410257 4614.871794871796 4391.794871794872 
4354.358974358975 4071.7948717948725 4413.333333333334 4500.000000000001 4482.564102564103 4714.871794871796 4343.589743589744 4381.538461538462 4726.153846153847 4060.0000000000005 3942.564102564103 4341.025641025642 4615.8974358974365 4391.794871794872 
4378.461538461539 4078.9743589743593 4398.461538461539 4510.769230769231 4482.564102564103 4713.333333333334 4338.461538461539 4381.025641025642 4728.717948717949 4059.48717948718 3942.0512820512827 4327.6923076923085 4616.923076923077 4395.384615384616 
4375.8974358974365 4076.9230769230776 4408.205128205129 4509.743589743591 4477.948717948719 4706.153846153847 4337.948717948719 4381.025641025642 4728.205128205129 4061.0256410256416 3942.0512820512827 4333.846153846154 4618.461538461539 4401.538461538462 
4355.384615384616 4066.666666666667 4409.743589743591 4499.48717948718 4481.025641025642 4709.743589743591 4344.615384615385 4385.641025641026 4726.666666666667 4060.0000000000005 3941.538461538462 4346.153846153847 4613.333333333334 4393.846153846154 
4371.282051282052 4068.205128205129 4403.589743589744 4495.8974358974365 4481.538461538462 4709.2307692307695 4347.179487179487 4382.051282051282 4725.641025641026 4060.0000000000005 3948.205128205129 4361.538461538462 4617.435897435898 4396.410256410257 
4374.358974358975 4070.7692307692314 4395.8974358974365 4498.461538461539 4482.564102564103 4713.333333333334 4351.794871794872 4378.461538461539 4723.589743589744 4062.0512820512827 3944.1025641025644 4360.000000000001 4614.871794871796 4400.512820512821 
4370.256410256411 4067.692307692308 4404.102564102564 4496.410256410257 4478.974358974359 4714.358974358975 4360.512820512821 4379.48717948718 4722.564102564103 4063.076923076924 3941.538461538462 4369.2307692307695 4613.846153846154 4400.512820512821 
4350.256410256411 4066.666666666667 4385.641025641026 4490.769230769231 4484.615384615385 4722.051282051282 4357.948717948719 4382.051282051282 4726.153846153847 4061.538461538462 3943.076923076924 4372.820512820514 4609.743589743591 4393.846153846154 
4365.128205128206 4082.0512820512827 4377.948717948719 4501.025641025642 4485.641025641026 4715.384615384616 4348.205128205129 4381.538461538462 4727.6923076923085 4061.0256410256416 3942.0512820512827 4351.282051282052 4615.8974358974365 4398.461538461539 
4398.974358974359 4091.7948717948725 4383.589743589744 4522.051282051282 4484.615384615385 4707.6923076923085 4350.769230769231 4383.076923076924 4725.641025641026 4062.0512820512827 3931.7948717948725 4300.000000000001 4618.461538461539 4402.564102564103 
4416.923076923077 4087.692307692308 4391.282051282052 4532.307692307693 4484.615384615385 4703.076923076924 4357.948717948719 4381.538461538462 4724.615384615386 4064.1025641025644 3929.2307692307695 4276.410256410257 4620.000000000001 4400.512820512821 
4390.769230769231 4086.1538461538466 4389.2307692307695 4526.153846153847 4487.179487179488 4708.717948717949 4358.974358974359 4380.512820512821 4727.6923076923085 4063.076923076924 3929.7435897435903 4284.615384615385 4615.8974358974365 4392.307692307693 
4371.282051282052 4088.205128205129 4401.025641025642 4514.871794871796 4485.128205128206 4712.820512820514 4363.076923076924 4383.076923076924 4728.205128205129 4063.076923076924 3935.8974358974365 4303.589743589744 4616.410256410257 4390.256410256411 
4357.435897435898 4076.9230769230776 4413.333333333334 4501.538461538462 4481.538461538462 4711.282051282052 4370.769230769231 4382.564102564103 4725.641025641026 4063.076923076924 3945.6410256410263 4328.205128205129 4620.512820512821 4392.820512820514 
4336.410256410257 4065.1282051282055 4410.769230769231 4490.769230769231 4482.564102564103 4712.820512820514 4370.769230769231 4381.025641025642 4725.128205128206 4061.0256410256416 3948.717948717949 4350.256410256411 4616.410256410257 4388.205128205129 
4349.743589743591 4071.2820512820517 4403.589743589744 4498.974358974359 4484.615384615385 4716.923076923077 4364.102564102564 4381.538461538462 4725.641025641026 4059.48717948718 3945.1282051282055 4352.307692307693 4613.333333333334 4386.666666666667 
4376.410256410257 4080.5128205128212 4392.307692307693 4511.794871794872 4485.641025641026 4716.410256410257 4356.410256410257 4381.538461538462 4724.615384615386 4060.5128205128212 3940.0000000000005 4335.384615384616 4612.820512820514 4393.846153846154 
4389.2307692307695 4082.564102564103 4391.282051282052 4512.820512820514 4482.564102564103 4708.205128205129 4347.6923076923085 4379.48717948718 4723.076923076924 4059.48717948718 3935.3846153846157 4331.282051282052 4617.435897435898 4404.102564102564 
4388.717948717949 4078.9743589743593 4388.205128205129 4510.256410256411 4487.179487179488 4711.794871794872 4345.641025641026 4382.564102564103 4723.589743589744 4058.461538461539 3927.1794871794878 4329.2307692307695 4614.871794871796 4401.538461538462 
4391.794871794872 4075.8974358974365 4401.025641025642 4512.307692307693 4487.179487179488 4713.846153846154 4342.564102564103 4381.538461538462 4724.615384615386 4060.5128205128212 3930.7692307692314 4331.794871794872 4617.435897435898 4400.512820512821 
4368.205128205129 4075.8974358974365 4402.564102564103 4506.153846153847 4486.666666666667 4716.410256410257 4342.051282051282 4378.974358974359 4725.128205128206 4060.5128205128212 3937.9487179487182 4327.179487179487 4614.871794871796 4398.974358974359 
4365.641025641026 4082.0512820512827 4400.512820512821 4503.076923076924 4484.102564102564 4711.794871794872 4347.179487179487 4377.948717948719 4726.153846153847 4060.5128205128212 3943.076923076924 4334.871794871796 4615.384615384616 4400.000000000001 
4369.2307692307695 4080.5128205128212 4383.589743589744 4512.307692307693 4488.717948717949 4715.384615384616 4354.871794871796 4383.076923076924 4728.205128205129 4061.0256410256416 3937.9487179487182 4329.2307692307695 4610.769230769231 4390.769230769231 
4375.8974358974365 4083.076923076924 4385.128205128206 4518.461538461539 4487.6923076923085 4713.846153846154 4355.384615384616 4381.538461538462 4726.666666666667 4062.564102564103 3940.5128205128212 4325.641025641026 4615.384615384616 4389.2307692307695 
4369.2307692307695 4084.615384615385 4387.179487179487 4512.307692307693 4486.153846153847 4712.820512820514 4350.256410256411 4380.512820512821 4726.153846153847 4062.0512820512827 3941.538461538462 4322.564102564103 4615.384615384616 4390.769230769231 
4378.974358974359 4078.9743589743593 4397.948717948719 4506.666666666667 4480.512820512821 4708.717948717949 4344.615384615385 4381.025641025642 4726.153846153847 4061.0256410256416 3940.0000000000005 4329.2307692307695 4615.384615384616 4394.358974358975 
4384.102564102564 4073.333333333334 4394.871794871796 4508.717948717949 4483.589743589744 4712.820512820514 4341.025641025642 4382.564102564103 4726.153846153847 4061.538461538462 3937.435897435898 4327.179487179487 4612.820512820514 4393.846153846154 
4391.282051282052 4077.9487179487187 4396.923076923077 4509.743589743591 4486.153846153847 4710.256410256411 4335.8974358974365 4381.025641025642 4726.153846153847 4062.564102564103 3939.48717948718 4325.641025641026 4616.923076923077 4398.974358974359 
4381.025641025642 4077.435897435898 4399.48717948718 4506.153846153847 4483.589743589744 4708.205128205129 4327.179487179487 4381.025641025642 4727.6923076923085 4062.564102564103 3937.9487179487182 4325.641025641026 4615.8974358974365 4401.538461538462 
4372.820512820514 4077.435897435898 4393.846153846154 4507.6923076923085 4483.076923076924 4710.769230769231 4316.923076923077 4382.564102564103 4727.6923076923085 4062.564102564103 3934.358974358975 4325.641025641026 4611.282051282052 4400.512820512821 
4372.820512820514 4085.6410256410263 4391.282051282052 4514.871794871796 4486.666666666667 4711.794871794872 4308.205128205129 4383.076923076924 4727.6923076923085 4063.076923076924 3934.8717948717954 4321.025641025642 4613.846153846154 4398.974358974359 
4369.743589743591 4090.7692307692314 4400.512820512821 4516.410256410257 4487.179487179488 4709.2307692307695 4307.6923076923085 4383.076923076924 4728.205128205129 4063.076923076924 3933.8461538461543 4307.179487179487 4615.384615384616 4394.358974358975 
4381.025641025642 4087.692307692308 4411.794871794872 4516.410256410257 4483.589743589744 4707.179487179488 4319.48717948718 4381.025641025642 4726.666666666667 4062.564102564103 3931.7948717948725 4299.48717948718 4616.410256410257 4392.820512820514 
4394.358974358975 4081.0256410256416 4402.051282051282 4518.461538461539 4484.615384615385 4710.256410256411 4328.205128205129 4383.076923076924 4725.128205128206 4060.5128205128212 3930.7692307692314 4300.512820512821 4612.307692307693 4390.256410256411 
4391.794871794872 4076.9230769230776 4409.2307692307695 4513.846153846154 4483.076923076924 4709.2307692307695 4330.256410256411 4383.076923076924 4725.641025641026 4062.564102564103 3938.461538461539 4322.564102564103 4614.358974358975 4390.256410256411 
4354.871794871796 4068.717948717949 4417.948717948719 4497.948717948719 4484.102564102564 4712.820512820514 4338.974358974359 4382.051282051282 4727.179487179488 4064.615384615385 3943.589743589744 4344.102564102564 4611.282051282052 4388.205128205129 
4351.282051282052 4064.615384615385 4416.410256410257 4491.282051282052 4481.538461538462 4715.384615384616 4341.538461538462 4381.538461538462 4725.641025641026 4062.0512820512827 3947.1794871794878 4359.48717948718 4613.846153846154 4395.384615384616 
4360.512820512821 4068.717948717949 4391.282051282052 4500.512820512821 4484.615384615385 4717.435897435898 4331.282051282052 4383.589743589744 4725.641025641026 4059.48717948718 3944.615384615385 4344.102564102564 4610.769230769231 4396.923076923077 
4376.410256410257 4083.589743589744 4382.051282051282 4513.846153846154 4486.153846153847 4708.205128205129 4327.6923076923085 4382.051282051282 4727.6923076923085 4062.0512820512827 3940.5128205128212 4325.641025641026 4613.333333333334 4398.974358974359 
4376.410256410257 4092.820512820513 4372.307692307693 4521.538461538462 4488.205128205129 4709.2307692307695 4330.256410256411 4383.076923076924 4727.6923076923085 4063.589743589744 3933.8461538461543 4306.666666666667 4613.846153846154 4399.48717948718 
4388.205128205129 4093.8461538461543 4385.128205128206 4524.615384615385 4483.076923076924 4709.2307692307695 4322.051282051282 4383.076923076924 4724.615384615386 4064.1025641025644 3933.333333333334 4305.128205128206 4616.923076923077 4402.564102564103 
4384.615384615385 4084.1025641025644 4404.615384615385 4518.974358974359 4485.128205128206 4710.256410256411 4323.076923076924 4383.589743589744 4726.153846153847 4062.564102564103 3930.7692307692314 4306.153846153847 4611.794871794872 4398.461538461539 
4381.025641025642 4079.48717948718 4415.8974358974365 4510.256410256411 4486.153846153847 4707.179487179488 4340.512820512821 4378.974358974359 4727.6923076923085 4062.0512820512827 3932.307692307693 4314.871794871796 4614.358974358975 4394.871794871796 
4374.871794871796 4079.48717948718 4403.589743589744 4510.256410256411 4485.641025641026 4712.307692307693 4346.153846153847 4376.923076923077 4726.666666666667 4063.076923076924 3936.9230769230776 4317.435897435898 4616.923076923077 4392.307692307693 
4375.384615384616 4074.8717948717954 4406.153846153847 4507.179487179488 4482.051282051282 4712.307692307693 4338.461538461539 4380.000000000001 4725.641025641026 4063.589743589744 3941.0256410256416 4323.589743589744 4617.948717948719 4397.435897435898 
4364.615384615385 4069.23076923077 4411.794871794872 4498.974358974359 4478.461538461539 4711.282051282052 4331.794871794872 4383.589743589744 4726.153846153847 4064.1025641025644 3941.0256410256416 4333.846153846154 4617.435897435898 4397.948717948719 
4351.794871794872 4073.333333333334 4409.2307692307695 4500.000000000001 4481.538461538462 4715.384615384616 4327.6923076923085 4383.589743589744 4726.666666666667 4065.1282051282055 3942.0512820512827 4336.923076923077 4616.923076923077 4393.846153846154 
4359.48717948718 4080.0000000000005 4398.974358974359 4511.282051282052 4485.128205128206 4716.410256410257 4325.128205128206 4383.076923076924 4727.6923076923085 4064.1025641025644 3943.589743589744 4330.256410256411 4618.461538461539 4396.410256410257 
4378.461538461539 4083.076923076924 4380.512820512821 4514.871794871796 4482.051282051282 4712.820512820514 4328.205128205129 4385.128205128206 4726.153846153847 4062.0512820512827 3939.48717948718 4318.974358974359 4617.435897435898 4398.974358974359 
4396.410256410257 4085.6410256410263 4382.051282051282 4517.435897435898 4480.000000000001 4709.743589743591 4333.846153846154 4381.025641025642 4726.153846153847 4062.564102564103 3934.8717948717954 4318.461538461539 4616.923076923077 4396.923076923077 
4394.871794871796 4083.589743589744 4391.794871794872 4520.000000000001 4488.717948717949 4712.307692307693 4336.923076923077 4378.974358974359 4728.717948717949 4061.0256410256416 3927.692307692308 4311.794871794872 4612.820512820514 4389.2307692307695 
4402.564102564103 4085.6410256410263 4403.076923076924 4518.461538461539 4486.153846153847 4706.153846153847 4331.794871794872 4378.461538461539 4728.717948717949 4059.48717948718 3927.1794871794878 4307.179487179487 4616.410256410257 4392.820512820514 
4406.153846153847 4089.23076923077 4394.871794871796 4517.948717948719 4484.102564102564 4706.666666666667 4323.076923076924 4382.051282051282 4727.179487179488 4060.0000000000005 3930.7692307692314 4297.435897435898 4613.333333333334 4395.384615384616 
4402.564102564103 4087.692307692308 4399.48717948718 4520.512820512821 4484.615384615385 4706.153846153847 4318.974358974359 4382.051282051282 4726.666666666667 4063.589743589744 3935.8974358974365 4303.589743589744 4615.384615384616 4398.461538461539 
4371.282051282052 4082.0512820512827 4397.435897435898 4515.8974358974365 4487.6923076923085 4709.2307692307695 4315.384615384616 4383.076923076924 4727.179487179488 4065.6410256410263 3930.7692307692314 4307.6923076923085 4613.846153846154 4396.410256410257 
4364.615384615385 4082.0512820512827 4404.615384615385 4510.256410256411 4482.564102564103 4707.179487179488 4306.666666666667 4384.102564102564 4727.6923076923085 4065.1282051282055 3934.8717948717954 4318.461538461539 4616.923076923077 4400.512820512821 
4354.871794871796 4075.3846153846157 4406.666666666667 4505.641025641026 4482.564102564103 4711.282051282052 4308.205128205129 4384.615384615385 4728.717948717949 4062.564102564103 3943.076923076924 4323.076923076924 4612.307692307693 4396.923076923077 
4346.666666666667 4068.717948717949 4423.589743589744 4499.48717948718 4479.48717948718 4712.307692307693 4317.948717948719 4381.538461538462 4726.153846153847 4063.076923076924 3948.205128205129 4338.461538461539 4611.282051282052 4391.282051282052 
4332.820512820514 4065.1282051282055 4421.025641025642 4489.2307692307695 4483.076923076924 4714.871794871796 4326.153846153847 4381.025641025642 4725.128205128206 4063.589743589744 3949.2307692307695 4359.48717948718 4612.307692307693 4386.153846153847 
4335.384615384616 4061.0256410256416 4402.051282051282 4481.025641025642 4484.615384615385 4712.820512820514 4331.282051282052 4382.051282051282 4727.179487179488 4063.589743589744 3955.3846153846157 4386.666666666667 4616.410256410257 4389.743589743591 
4333.846153846154 4056.9230769230776 4389.2307692307695 4478.461538461539 4481.538461538462 4716.923076923077 4335.384615384616 4381.025641025642 4727.6923076923085 4062.0512820512827 3956.410256410257 4397.948717948719 4613.846153846154 4392.820512820514 
4340.000000000001 4060.5128205128212 4400.512820512821 4480.000000000001 4478.974358974359 4718.461538461539 4324.615384615385 4377.948717948719 4723.589743589744 4061.538461538462 3951.7948717948725 4395.8974358974365 4611.282051282052 4397.948717948719 
4338.974358974359 4062.0512820512827 4409.2307692307695 4481.538461538462 4482.051282051282 4714.358974358975 4306.153846153847 4377.948717948719 4722.051282051282 4062.0512820512827 3949.2307692307695 4395.384615384616 4611.794871794872 4402.564102564103 
4329.2307692307695 4055.8974358974365 4409.2307692307695 4481.025641025642 4482.051282051282 4714.358974358975 4302.051282051282 4380.000000000001 4725.641025641026 4062.564102564103 3952.307692307693 4404.102564102564 4611.282051282052 4404.615384615385 
4324.615384615385 4051.7948717948725 4413.333333333334 4477.435897435898 4478.974358974359 4715.8974358974365 4308.205128205129 4381.025641025642 4725.641025641026 4064.1025641025644 3955.8974358974365 4420.512820512821 4612.820512820514 4403.589743589744 
4312.307692307693 4050.7692307692314 4407.179487179487 4473.333333333334 4482.051282051282 4718.461538461539 4309.743589743591 4382.051282051282 4723.076923076924 4064.615384615385 3955.8974358974365 4427.6923076923085 4609.2307692307695 4400.000000000001 
4327.179487179487 4055.8974358974365 4403.589743589744 4478.461538461539 4482.051282051282 4717.948717948719 4312.307692307693 4378.974358974359 4723.589743589744 4062.564102564103 3955.3846153846157 4418.461538461539 4611.282051282052 4400.000000000001 
4355.384615384616 4066.1538461538466 4389.743589743591 4490.256410256411 4484.102564102564 4718.461538461539 4324.615384615385 4381.538461538462 4725.641025641026 4059.48717948718 3948.205128205129 4380.000000000001 4614.871794871796 4394.871794871796 
4391.794871794872 4078.9743589743593 4380.000000000001 4506.153846153847 4486.153846153847 4711.794871794872 4332.307692307693 4384.102564102564 4725.128205128206 4061.0256410256416 3943.076923076924 4346.153846153847 4617.435897435898 4394.358974358975 
4404.615384615385 4084.1025641025644 4365.641025641026 4519.48717948718 4490.769230769231 4710.256410256411 4330.256410256411 4385.641025641026 4727.179487179488 4062.0512820512827 3938.461538461539 4315.384615384616 4613.333333333334 4392.820512820514 
4412.307692307693 4089.23076923077 4375.384615384616 4522.051282051282 4487.179487179488 4707.179487179488 4328.717948717949 4381.538461538462 4728.205128205129 4063.076923076924 3938.9743589743593 4304.102564102564 4620.512820512821 4395.384615384616 
4397.948717948719 4091.2820512820517 4383.589743589744 4518.974358974359 4486.666666666667 4706.666666666667 4325.641025641026 4380.512820512821 4726.153846153847 4064.615384615385 3934.8717948717954 4293.846153846154 4617.948717948719 4392.820512820514 
4398.461538461539 4093.333333333334 4394.871794871796 4523.076923076924 4486.153846153847 4704.615384615386 4317.948717948719 4381.538461538462 4726.153846153847 4065.1282051282055 3931.2820512820517 4295.8974358974365 4614.358974358975 4395.384615384616 
4400.512820512821 4095.8974358974365 4391.794871794872 4527.6923076923085 4488.717948717949 4712.307692307693 4323.076923076924 4385.641025641026 4727.179487179488 4061.538461538462 3926.1538461538466 4285.641025641026 4614.871794871796 4395.8974358974365 
4405.128205128206 4099.48717948718 4405.128205128206 4528.205128205129 4481.025641025642 4710.256410256411 4335.384615384616 4383.589743589744 4723.076923076924 4059.48717948718 3928.717948717949 4286.153846153847 4622.051282051282 4398.974358974359 
4402.051282051282 4094.358974358975 4417.435897435898 4527.6923076923085 4477.435897435898 4707.179487179488 4338.461538461539 4377.435897435898 4723.589743589744 4060.5128205128212 3931.2820512820517 4300.000000000001 4617.435897435898 4400.512820512821 
4410.256410256411 4089.23076923077 4424.615384615385 4526.153846153847 4480.000000000001 4706.153846153847 4333.333333333334 4374.358974358975 4724.102564102564 4063.076923076924 3931.7948717948725 4319.48717948718 4614.871794871796 4403.589743589744 
4418.974358974359 4090.7692307692314 4421.538461538462 4527.6923076923085 4479.48717948718 4710.769230769231 4336.410256410257 4374.358974358975 4720.512820512821 4064.1025641025644 3935.3846153846157 4327.6923076923085 4617.435897435898 4405.641025641026 
4425.641025641026 4097.435897435898 4426.666666666667 4530.769230769231 4474.871794871796 4710.769230769231 4346.153846153847 4373.846153846154 4720.000000000001 4062.564102564103 3940.5128205128212 4336.923076923077 4621.025641025642 4409.2307692307695 
4415.8974358974365 4097.435897435898 4442.564102564103 4530.769230769231 4474.358974358975 4712.307692307693 4350.256410256411 4370.769230769231 4720.512820512821 4060.5128205128212 3942.564102564103 4351.794871794872 4622.051282051282 4411.282051282052 
4403.076923076924 4094.8717948717954 4454.358974358975 4529.743589743591 4473.333333333334 4718.974358974359 4345.641025641026 4367.179487179487 4718.974358974359 4061.0256410256416 3943.076923076924 4360.000000000001 4620.000000000001 4408.717948717949 
4403.076923076924 4098.974358974359 4459.48717948718 4532.307692307693 4468.205128205129 4723.076923076924 4344.102564102564 4368.717948717949 4721.538461538462 4062.564102564103 3946.1538461538466 4366.153846153847 4620.512820512821 4407.6923076923085 
4392.307692307693 4102.564102564103 4452.307692307693 4532.307692307693 4471.282051282052 4725.641025641026 4347.179487179487 4371.794871794872 4721.538461538462 4063.076923076924 3947.1794871794878 4364.615384615385 4618.974358974359 4407.179487179487 
4395.384615384616 4106.666666666667 4453.846153846154 4533.333333333334 4471.794871794872 4721.025641025642 4342.564102564103 4368.205128205129 4716.923076923077 4063.076923076924 3949.2307692307695 4366.666666666667 4624.102564102564 4408.205128205129 
4406.666666666667 4107.6923076923085 4451.794871794872 4536.410256410257 4469.743589743591 4723.076923076924 4335.8974358974365 4367.6923076923085 4718.974358974359 4062.564102564103 3945.6410256410263 4362.051282051282 4622.564102564103 4403.589743589744 
4419.48717948718 4109.2307692307695 4465.128205128206 4534.871794871796 4465.641025641026 4722.051282051282 4337.435897435898 4368.205128205129 4721.538461538462 4062.564102564103 3943.589743589744 4366.153846153847 4626.666666666667 4407.6923076923085 
4404.102564102564 4107.6923076923085 4477.948717948719 4530.769230769231 4467.6923076923085 4726.153846153847 4343.076923076924 4366.666666666667 4718.974358974359 4063.076923076924 3947.1794871794878 4370.769230769231 4628.717948717949 4410.256410256411 
4408.205128205129 4112.820512820514 4501.025641025642 4530.256410256411 4463.589743589744 4725.641025641026 4338.461538461539 4362.051282051282 4717.948717948719 4065.1282051282055 3955.3846153846157 4393.846153846154 4631.794871794872 4414.358974358975 
4412.820512820514 4119.48717948718 4499.48717948718 4539.48717948718 4464.615384615385 4730.769230769231 4331.794871794872 4362.051282051282 4718.461538461539 4064.615384615385 3952.307692307693 4397.948717948719 4625.641025641026 4412.307692307693 
4442.564102564103 4137.948717948719 4481.538461538462 4561.538461538462 4463.589743589744 4731.282051282052 4330.256410256411 4357.948717948719 4715.8974358974365 4065.6410256410263 3946.666666666667 4384.102564102564 4629.743589743591 4418.461538461539 
4497.948717948719 4164.102564102564 4457.435897435898 4588.717948717949 4464.615384615385 4732.307692307693 4327.6923076923085 4354.358974358975 4713.846153846154 4065.1282051282055 3936.9230769230776 4347.179487179487 4633.846153846154 4427.6923076923085 
4541.538461538462 4185.641025641026 4483.076923076924 4612.307692307693 4461.025641025642 4727.6923076923085 4321.538461538462 4347.179487179487 4710.769230769231 4061.538461538462 3927.1794871794878 4312.820512820514 4635.384615384616 4434.358974358975 
4523.076923076924 4178.974358974359 4511.794871794872 4618.461538461539 4463.076923076924 4733.333333333334 4324.102564102564 4346.153846153847 4709.2307692307695 4058.461538461539 3917.435897435898 4282.051282051282 4630.769230769231 4424.102564102564 
4478.974358974359 4143.076923076924 4492.307692307693 4594.358974358975 4469.743589743591 4740.512820512821 4335.384615384616 4359.48717948718 4716.410256410257 4061.0256410256416 3916.9230769230776 4267.179487179487 4627.6923076923085 4411.282051282052 
4414.871794871796 4104.615384615385 4449.2307692307695 4558.461538461539 4475.384615384616 4741.538461538462 4349.743589743591 4375.8974358974365 4725.641025641026 4062.564102564103 3921.0256410256416 4264.102564102564 4623.076923076924 4404.615384615385 
4366.666666666667 4093.8461538461543 4437.435897435898 4538.461538461539 4478.974358974359 4739.48717948718 4357.948717948719 4383.076923076924 4725.641025641026 4061.0256410256416 3925.1282051282055 4276.410256410257 4617.948717948719 4397.948717948719 
4339.48717948718 4093.333333333334 4452.307692307693 4526.666666666667 4480.512820512821 4740.512820512821 4356.923076923077 4380.512820512821 4722.564102564103 4061.0256410256416 3932.820512820513 4311.282051282052 4616.923076923077 4389.743589743591 
4314.871794871796 4077.9487179487187 4463.076923076924 4504.102564102564 4477.948717948719 4740.512820512821 4358.974358974359 4380.000000000001 4724.615384615386 4059.48717948718 3942.564102564103 4345.128205128206 4615.384615384616 4388.717948717949 
4300.512820512821 4057.435897435898 4462.051282051282 4482.564102564103 4470.769230769231 4735.384615384616 4362.564102564103 4381.538461538462 4726.666666666667 4061.538461538462 3956.9230769230776 4387.6923076923085 4617.435897435898 4396.410256410257 
4298.974358974359 4044.1025641025644 4441.025641025642 4473.846153846154 4472.307692307693 4735.8974358974365 4369.743589743591 4383.589743589744 4723.589743589744 4064.1025641025644 3964.1025641025644 4429.2307692307695 4615.384615384616 4399.48717948718 
4317.435897435898 4048.717948717949 4437.435897435898 4478.974358974359 4475.384615384616 4734.358974358975 4388.205128205129 4378.974358974359 4721.025641025642 4062.564102564103 3965.6410256410263 4449.743589743591 4616.410256410257 4404.615384615385 
4332.307692307693 4064.615384615385 4438.461538461539 4490.256410256411 4477.948717948719 4733.333333333334 4398.461538461539 4373.846153846154 4723.076923076924 4061.538461538462 3958.9743589743593 4416.410256410257 4610.256410256411 4405.128205128206 
