4538.974358974359 4032.820512820513 4461.538461538462 4606.153846153847 4478.461538461539 4730.769230769231 4261.538461538462 4372.307692307693 4745.641025641026 4184.102564102564 3966.1538461538466 4690.769230769231 4665.641025641026 4426.666666666667 
4543.589743589744 4024.615384615385 4456.410256410257 4618.974358974359 4475.384615384616 4732.820512820514 4252.820512820514 4369.743589743591 4745.641025641026 4184.102564102564 3969.7435897435903 4702.051282051282 4666.153846153847 4426.666666666667 
4527.179487179488 4023.589743589744 4451.794871794872 4616.410256410257 4474.871794871796 4735.384615384616 4245.641025641026 4371.282051282052 4745.641025641026 4184.102564102564 3966.1538461538466 4686.666666666667 4665.641025641026 4425.641025641026 
4504.615384615385 4030.7692307692314 4458.974358974359 4600.000000000001 4476.923076923077 4733.333333333334 4252.307692307693 4376.923076923077 4745.641025641026 4184.102564102564 3954.8717948717954 4682.564102564103 4664.615384615386 4422.564102564103 
4490.769230769231 4030.2564102564106 4467.6923076923085 4595.384615384616 4481.538461538462 4736.410256410257 4263.076923076924 4374.871794871796 4745.641025641026 4184.102564102564 3942.0512820512827 4697.948717948719 4660.000000000001 4414.871794871796 
4489.743589743591 4025.6410256410263 4462.051282051282 4600.512820512821 4485.641025641026 4742.051282051282 4268.205128205129 4371.282051282052 4745.641025641026 4184.102564102564 3939.48717948718 4695.8974358974365 4655.8974358974365 4406.666666666667 
4496.410256410257 4031.7948717948725 4462.051282051282 4593.333333333334 4482.051282051282 4739.48717948718 4266.666666666667 4372.820512820514 4746.153846153847 4184.102564102564 3942.564102564103 4675.384615384616 4661.025641025642 4402.051282051282 
4506.153846153847 4034.8717948717954 4482.564102564103 4578.461538461539 4477.435897435898 4734.871794871796 4264.615384615385 4373.333333333334 4745.128205128206 4184.102564102564 3942.564102564103 4672.307692307693 4666.153846153847 4406.153846153847 
4521.538461538462 4023.076923076924 4494.358974358975 4570.769230769231 4477.435897435898 4733.333333333334 4269.2307692307695 4371.794871794872 4745.128205128206 4184.102564102564 3945.1282051282055 4693.846153846154 4662.564102564103 4415.8974358974365 
4541.538461538462 4015.8974358974365 4490.256410256411 4589.743589743591 4476.410256410257 4727.179487179488 4263.589743589744 4371.282051282052 4746.153846153847 4184.102564102564 3956.410256410257 4714.358974358975 4664.615384615386 4422.564102564103 
4551.794871794872 4024.1025641025644 4501.538461538462 4621.025641025642 4471.794871794872 4716.923076923077 4236.923076923077 4362.564102564103 4741.025641025642 4184.102564102564 3978.9743589743593 4742.051282051282 4677.948717948719 4432.820512820514 
4547.6923076923085 4031.2820512820517 4511.794871794872 4641.025641025642 4471.794871794872 4713.846153846154 4211.282051282052 4351.794871794872 4731.282051282052 4184.102564102564 4008.717948717949 4778.974358974359 4688.717948717949 4444.615384615385 
4533.846153846154 4029.7435897435903 4495.8974358974365 4653.846153846154 4473.333333333334 4718.461538461539 4221.025641025642 4356.923076923077 4734.871794871796 4184.102564102564 4017.9487179487182 4773.846153846154 4684.102564102564 4438.974358974359 
4509.743589743591 4031.7948717948725 4476.410256410257 4649.2307692307695 4474.871794871796 4731.282051282052 4252.307692307693 4375.8974358974365 4748.205128205129 4184.102564102564 3991.2820512820517 4709.2307692307695 4668.205128205129 4421.538461538462 
4487.6923076923085 4040.0000000000005 4454.358974358975 4604.615384615385 4481.025641025642 4746.666666666667 4274.871794871796 4395.8974358974365 4751.794871794872 4184.102564102564 3952.307692307693 4646.666666666667 4661.538461538462 4412.307692307693 
4490.256410256411 4038.461538461539 4431.282051282052 4551.794871794872 4490.769230769231 4752.307692307693 4293.846153846154 4402.051282051282 4748.717948717949 4184.102564102564 3919.48717948718 4631.794871794872 4667.6923076923085 4412.307692307693 
4514.871794871796 4021.538461538462 4450.769230769231 4549.2307692307695 4491.794871794872 4744.615384615386 4295.8974358974365 4392.307692307693 4747.6923076923085 4184.102564102564 3909.7435897435903 4647.6923076923085 4663.076923076924 4412.820512820514 
4543.076923076924 4021.0256410256416 4466.666666666667 4586.666666666667 4485.128205128206 4742.051282051282 4278.461538461539 4379.48717948718 4751.282051282052 4184.102564102564 3940.0000000000005 4631.282051282052 4648.205128205129 4413.333333333334 
4545.128205128206 4037.435897435898 4524.615384615385 4600.000000000001 4477.948717948719 4734.871794871796 4253.846153846154 4372.307692307693 4749.2307692307695 4184.102564102564 3954.358974358975 4658.974358974359 4650.256410256411 4412.307692307693 
4528.717948717949 4025.6410256410263 4591.282051282052 4600.512820512821 4470.256410256411 4712.307692307693 4232.307692307693 4360.000000000001 4737.435897435898 4184.102564102564 3953.333333333334 4804.615384615386 4661.538461538462 4415.384615384616 
4514.871794871796 4014.8717948717954 4417.435897435898 4631.282051282052 4477.948717948719 4727.179487179488 4251.794871794872 4358.974358974359 4737.435897435898 4184.102564102564 3998.9743589743593 4761.538461538462 4670.769230769231 4422.051282051282 
4465.641025641026 4038.9743589743593 4341.025641025642 4602.564102564103 4489.2307692307695 4768.205128205129 4296.410256410257 4387.6923076923085 4749.2307692307695 4184.102564102564 3973.8461538461543 4551.794871794872 4670.256410256411 4415.8974358974365 
4446.666666666667 4042.564102564103 4551.282051282052 4503.589743589744 4484.102564102564 4752.307692307693 4302.051282051282 4415.8974358974365 4754.358974358975 4184.102564102564 3867.692307692308 4606.153846153847 4654.358974358975 4412.820512820514 
4534.358974358975 4003.076923076924 4535.384615384616 4525.641025641026 4481.025641025642 4713.333333333334 4282.564102564103 4403.589743589744 4745.641025641026 4184.102564102564 3880.512820512821 4785.128205128206 4642.051282051282 4416.410256410257 
4580.000000000001 3998.461538461539 4343.589743589744 4652.820512820514 4489.2307692307695 4730.256410256411 4261.025641025642 4358.461538461539 4738.974358974359 4184.102564102564 3993.8461538461543 4708.717948717949 4658.974358974359 4413.333333333334 
4507.179487179488 4055.8974358974365 4477.435897435898 4670.769230769231 4478.974358974359 4743.076923076924 4202.564102564103 4323.589743589744 4732.307692307693 4184.102564102564 4043.076923076924 4643.076923076924 4686.666666666667 4428.205128205129 
4497.948717948719 4071.2820512820517 4628.205128205129 4610.769230769231 4457.435897435898 4705.128205128206 4171.282051282052 4327.6923076923085 4730.256410256411 4184.615384615385 4023.076923076924 4842.051282051283 4688.205128205129 4447.6923076923085 
4568.205128205129 4009.7435897435903 4455.8974358974365 4634.871794871796 4465.128205128206 4701.538461538462 4251.282051282052 4366.153846153847 4741.538461538462 4184.102564102564 3969.2307692307695 4872.307692307693 4669.743589743591 4421.538461538462 
4536.410256410257 3990.2564102564106 4343.076923076924 4637.435897435898 4486.153846153847 4749.2307692307695 4338.974358974359 4408.717948717949 4750.769230769231 4184.615384615385 3903.076923076924 4609.743589743591 4646.153846153847 4390.256410256411 
4442.051282051282 4042.0512820512827 4368.205128205129 4501.025641025642 4500.512820512821 4786.153846153847 4352.307692307693 4443.589743589744 4751.794871794872 4186.666666666667 3868.717948717949 4426.153846153847 4637.435897435898 4403.076923076924 
4437.435897435898 4047.1794871794878 4387.6923076923085 4407.179487179487 4508.717948717949 4785.128205128206 4349.743589743591 4455.8974358974365 4751.282051282052 4186.666666666667 3821.0256410256416 4448.205128205129 4636.410256410257 4404.615384615385 
4482.564102564103 4006.1538461538466 4376.410256410257 4490.256410256411 4506.153846153847 4768.717948717949 4357.948717948719 4427.6923076923085 4752.820512820514 4185.128205128206 3797.9487179487182 4538.974358974359 4618.974358974359 4382.564102564103 
4473.333333333334 4022.564102564103 4367.6923076923085 4587.179487179488 4492.820512820514 4751.282051282052 4332.820512820514 4393.333333333334 4751.794871794872 4184.615384615385 3880.0000000000005 4615.384615384616 4614.871794871796 4387.179487179487 
4461.025641025642 4057.435897435898 4453.333333333334 4558.974358974359 4480.512820512821 4730.769230769231 4276.410256410257 4378.974358974359 4747.179487179488 4184.615384615385 3955.3846153846157 4689.743589743591 4649.743589743591 4404.615384615385 
4513.333333333334 4042.0512820512827 4587.179487179488 4573.333333333334 4470.256410256411 4717.435897435898 4228.205128205129 4360.512820512821 4738.974358974359 4184.615384615385 3946.666666666667 4723.589743589744 4680.000000000001 4409.743589743591 
4562.051282051282 4015.8974358974365 4600.512820512821 4706.666666666667 4457.435897435898 4710.769230769231 4208.717948717949 4342.564102564103 4732.307692307693 4185.128205128206 3953.8461538461543 4781.025641025642 4669.2307692307695 4412.820512820514 
4573.333333333334 4017.9487179487182 4455.384615384616 4768.717948717949 4460.000000000001 4711.282051282052 4222.051282051282 4353.333333333334 4733.846153846154 4185.128205128206 4000.0000000000005 4807.6923076923085 4664.615384615386 4423.589743589744 
4571.282051282052 4018.9743589743593 4444.102564102564 4697.435897435898 4473.333333333334 4713.333333333334 4227.179487179487 4364.102564102564 4735.384615384616 4185.128205128206 3990.7692307692314 4728.205128205129 4682.564102564103 4437.435897435898 
4543.589743589744 4017.435897435898 4539.48717948718 4636.410256410257 4474.358974358975 4718.461538461539 4213.333333333334 4355.384615384616 4737.435897435898 4185.128205128206 3964.1025641025644 4714.871794871796 4680.512820512821 4448.205128205129 
4505.641025641026 4034.358974358975 4468.205128205129 4670.769230769231 4471.794871794872 4729.2307692307695 4230.256410256411 4351.794871794872 4745.641025641026 4185.128205128206 3992.820512820513 4764.615384615386 4670.256410256411 4444.615384615385 
4490.256410256411 4045.1282051282055 4389.2307692307695 4706.666666666667 4475.384615384616 4736.410256410257 4255.384615384616 4355.384615384616 4751.794871794872 4185.128205128206 4010.7692307692314 4761.538461538462 4671.794871794872 4427.179487179487 
4484.102564102564 4036.410256410257 4527.179487179488 4671.282051282052 4478.461538461539 4728.717948717949 4230.256410256411 4359.48717948718 4744.102564102564 4185.128205128206 3995.8974358974365 4765.641025641026 4673.333333333334 4420.512820512821 
4503.589743589744 4032.307692307693 4591.282051282052 4630.769230769231 4476.410256410257 4718.461538461539 4203.076923076924 4365.641025641026 4736.923076923077 4185.128205128206 4009.23076923077 4791.282051282052 4672.820512820514 4425.641025641026 
4540.512820512821 4030.2564102564106 4480.512820512821 4636.923076923077 4475.384615384616 4729.2307692307695 4232.307692307693 4367.179487179487 4742.564102564103 4185.128205128206 3997.435897435898 4740.000000000001 4672.820512820514 4420.512820512821 
4538.461538461539 4019.48717948718 4467.6923076923085 4620.512820512821 4478.974358974359 4746.153846153847 4273.333333333334 4374.358974358975 4750.769230769231 4185.128205128206 3932.307692307693 4663.076923076924 4661.025641025642 4411.282051282052 
4512.820512820514 4017.435897435898 4468.205128205129 4544.102564102564 4492.307692307693 4762.051282051282 4304.615384615385 4403.076923076924 4748.717948717949 4185.128205128206 3894.358974358975 4611.282051282052 4645.641025641026 4410.769230769231 
4490.256410256411 4024.615384615385 4394.358974358975 4492.820512820514 4506.153846153847 4780.512820512821 4351.794871794872 4433.333333333334 4747.179487179488 4185.128205128206 3864.615384615385 4499.48717948718 4636.410256410257 4401.538461538462 
4455.8974358974365 4031.2820512820517 4329.743589743591 4485.128205128206 4509.2307692307695 4790.769230769231 4396.410256410257 4451.794871794872 4758.974358974359 4185.128205128206 3823.076923076924 4388.717948717949 4630.769230769231 4384.615384615385 
4429.2307692307695 4035.8974358974365 4318.461538461539 4466.666666666667 4508.205128205129 4784.615384615386 4398.974358974359 4465.128205128206 4763.076923076924 4185.128205128206 3819.48717948718 4402.564102564103 4630.256410256411 4378.974358974359 
4457.435897435898 4035.8974358974365 4360.000000000001 4458.974358974359 4508.205128205129 4771.282051282052 4364.615384615385 4457.435897435898 4752.307692307693 4185.128205128206 3841.0256410256416 4468.205128205129 4635.8974358974365 4385.128205128206 
4513.846153846154 4035.3846153846157 4428.205128205129 4507.179487179488 4500.512820512821 4753.333333333334 4318.974358974359 4416.923076923077 4747.6923076923085 4185.128205128206 3873.333333333334 4522.051282051282 4644.102564102564 4395.8974358974365 
4546.153846153847 4036.410256410257 4457.435897435898 4574.358974358975 4487.179487179488 4730.769230769231 4271.794871794872 4369.743589743591 4746.666666666667 4185.128205128206 3946.666666666667 4617.435897435898 4659.48717948718 4412.820512820514 
4566.666666666667 4036.410256410257 4480.000000000001 4617.435897435898 4473.846153846154 4713.333333333334 4229.2307692307695 4340.000000000001 4735.8974358974365 4185.128205128206 4009.7435897435903 4735.384615384616 4680.512820512821 4431.282051282052 
4586.153846153847 4028.205128205129 4554.358974358975 4645.641025641026 4460.000000000001 4698.461538461539 4202.051282051282 4327.179487179487 4727.179487179488 4184.102564102564 4012.307692307693 4819.48717948718 4688.205128205129 4445.128205128206 
4575.8974358974365 4021.538461538462 4544.615384615385 4665.641025641026 4458.461538461539 4696.923076923077 4201.538461538462 4336.410256410257 4728.205128205129 4183.076923076924 4015.8974358974365 4843.589743589744 4682.564102564103 4449.2307692307695 
4530.256410256411 4025.6410256410263 4464.615384615385 4663.076923076924 4470.256410256411 4716.923076923077 4220.512820512821 4360.000000000001 4732.307692307693 4183.076923076924 4021.538461538462 4797.948717948719 4680.512820512821 4442.051282051282 
4486.666666666667 4030.2564102564106 4444.102564102564 4628.717948717949 4480.512820512821 4739.48717948718 4244.102564102564 4380.512820512821 4744.102564102564 4183.076923076924 3981.0256410256416 4711.794871794872 4677.435897435898 4432.307692307693 
4462.564102564103 4029.23076923077 4440.000000000001 4577.435897435898 4486.666666666667 4752.307692307693 4278.974358974359 4398.461538461539 4753.333333333334 4183.076923076924 3928.205128205129 4639.48717948718 4657.948717948719 4421.538461538462 
4452.820512820514 4028.205128205129 4393.333333333334 4536.410256410257 4494.358974358975 4765.128205128206 4327.6923076923085 4415.384615384616 4750.769230769231 4183.076923076924 3889.7435897435903 4582.564102564103 4633.846153846154 4405.128205128206 
4461.538461538462 4029.7435897435903 4385.641025641026 4513.846153846154 4495.8974358974365 4770.769230769231 4355.384615384616 4420.000000000001 4748.717948717949 4183.076923076924 3856.410256410257 4531.794871794872 4624.615384615385 4388.717948717949 
4489.2307692307695 4034.358974358975 4404.102564102564 4505.128205128206 4494.871794871796 4756.923076923077 4341.025641025642 4410.769230769231 4750.256410256411 4183.076923076924 3858.9743589743593 4530.769230769231 4634.871794871796 4385.128205128206 
4516.923076923077 4035.3846153846157 4414.871794871796 4515.384615384616 4495.8974358974365 4745.128205128206 4314.358974358975 4403.076923076924 4750.256410256411 4183.076923076924 3887.692307692308 4569.2307692307695 4647.6923076923085 4386.666666666667 
4528.205128205129 4030.7692307692314 4444.102564102564 4540.512820512821 4493.333333333334 4748.205128205129 4306.666666666667 4407.179487179487 4750.256410256411 4183.076923076924 3888.205128205129 4578.461538461539 4641.538461538462 4386.153846153847 
4521.025641025642 4030.2564102564106 4410.256410256411 4543.589743589744 4490.256410256411 4749.743589743591 4317.948717948719 4418.974358974359 4750.769230769231 4183.076923076924 3876.410256410257 4563.076923076924 4636.410256410257 4390.769230769231 
4494.871794871796 4031.7948717948725 4348.205128205129 4510.256410256411 4495.384615384616 4751.282051282052 4338.461538461539 4429.743589743591 4750.256410256411 4183.076923076924 3867.692307692308 4535.384615384616 4643.589743589744 4395.8974358974365 
4465.641025641026 4029.7435897435903 4349.2307692307695 4483.589743589744 4505.128205128206 4766.153846153847 4362.051282051282 4438.461538461539 4751.282051282052 4183.076923076924 3845.6410256410263 4472.820512820514 4641.025641025642 4399.48717948718 
4461.025641025642 4028.205128205129 4354.871794871796 4487.179487179488 4510.256410256411 4772.820512820514 4371.794871794872 4443.589743589744 4751.794871794872 4183.076923076924 3833.333333333334 4445.641025641026 4628.205128205129 4401.025641025642 
4484.615384615385 4028.717948717949 4341.538461538462 4505.641025641026 4504.102564102564 4758.974358974359 4353.333333333334 4433.333333333334 4750.256410256411 4183.589743589744 3853.333333333334 4499.48717948718 4631.282051282052 4400.000000000001 
4509.743589743591 4029.7435897435903 4394.358974358975 4532.307692307693 4495.8974358974365 4741.538461538462 4315.384615384616 4406.153846153847 4749.743589743591 4183.589743589744 3887.692307692308 4573.333333333334 4644.102564102564 4402.564102564103 
4526.666666666667 4035.3846153846157 4461.538461538462 4565.641025641026 4486.666666666667 4727.179487179488 4275.8974358974365 4378.974358974359 4747.6923076923085 4181.538461538462 3931.7948717948725 4633.333333333334 4658.974358974359 4410.769230769231 
4543.589743589744 4038.9743589743593 4482.564102564103 4596.923076923077 4476.410256410257 4711.282051282052 4245.128205128206 4358.974358974359 4737.948717948719 4183.589743589744 3968.205128205129 4712.307692307693 4670.769230769231 4420.000000000001 
4555.8974358974365 4031.7948717948725 4493.846153846154 4621.538461538462 4470.769230769231 4698.461538461539 4223.076923076924 4341.025641025642 4731.794871794872 4183.589743589744 3980.5128205128212 4791.794871794872 4667.6923076923085 4424.615384615385 
4552.307692307693 4028.205128205129 4492.820512820514 4640.000000000001 4470.256410256411 4703.589743589744 4211.282051282052 4334.871794871796 4735.384615384616 4174.358974358975 3992.820512820513 4814.871794871796 4671.794871794872 4431.282051282052 
4533.333333333334 4030.7692307692314 4503.076923076924 4644.615384615385 4469.743589743591 4713.333333333334 4207.179487179487 4342.564102564103 4735.384615384616 4168.717948717949 4001.0256410256416 4809.743589743591 4680.000000000001 4435.384615384616 
4517.948717948719 4026.1538461538466 4488.205128205129 4640.512820512821 4470.769230769231 4719.48717948718 4217.948717948719 4353.846153846154 4732.820512820514 4171.282051282052 3993.8461538461543 4783.076923076924 4672.307692307693 4435.384615384616 
4506.666666666667 4016.9230769230776 4456.923076923077 4627.179487179488 4474.358974358975 4726.153846153847 4241.025641025642 4365.128205128206 4740.512820512821 4171.282051282052 3975.8974358974365 4744.615384615386 4663.076923076924 4431.794871794872 
4490.256410256411 4021.538461538462 4457.948717948719 4601.538461538462 4477.435897435898 4737.435897435898 4265.128205128206 4378.461538461539 4748.717948717949 4169.2307692307695 3949.2307692307695 4709.2307692307695 4660.512820512821 4424.615384615385 
4483.076923076924 4030.2564102564106 4447.179487179487 4571.282051282052 4484.615384615385 4747.6923076923085 4288.205128205129 4391.794871794872 4748.205128205129 4171.282051282052 3922.564102564103 4654.358974358975 4651.794871794872 4417.435897435898 
4486.666666666667 4028.205128205129 4419.48717948718 4544.102564102564 4492.820512820514 4751.794871794872 4308.717948717949 4398.461538461539 4748.205128205129 4171.282051282052 3903.076923076924 4595.384615384616 4643.076923076924 4407.6923076923085 
4490.256410256411 4030.7692307692314 4428.717948717949 4533.333333333334 4494.358974358975 4753.333333333334 4317.948717948719 4398.461538461539 4750.256410256411 4169.2307692307695 3892.307692307693 4562.564102564103 4645.641025641026 4399.48717948718 
4500.512820512821 4037.9487179487182 4427.6923076923085 4532.307692307693 4493.846153846154 4751.794871794872 4317.948717948719 4401.538461538462 4749.743589743591 4169.2307692307695 3897.435897435898 4565.641025641026 4644.615384615385 4396.923076923077 
4514.358974358975 4036.410256410257 4393.846153846154 4535.8974358974365 4494.358974358975 4752.820512820514 4314.871794871796 4405.128205128206 4748.205128205129 4169.2307692307695 3908.205128205129 4561.025641025642 4646.153846153847 4397.948717948719 
4506.666666666667 4035.3846153846157 4416.410256410257 4550.769230769231 4493.846153846154 4753.333333333334 4306.153846153847 4401.025641025642 4749.743589743591 4169.2307692307695 3904.615384615385 4550.256410256411 4654.871794871796 4402.564102564103 
4494.358974358975 4036.9230769230776 4437.948717948719 4554.358974358975 4492.820512820514 4749.2307692307695 4296.923076923077 4403.076923076924 4750.256410256411 4169.2307692307695 3905.1282051282055 4579.48717948718 4656.923076923077 4408.205128205129 
4503.076923076924 4025.1282051282055 4420.000000000001 4543.589743589744 4491.794871794872 4748.205128205129 4297.948717948719 4411.282051282052 4749.2307692307695 4169.2307692307695 3913.8461538461543 4601.538461538462 4657.435897435898 4412.307692307693 
4511.282051282052 4013.333333333334 4426.153846153847 4540.000000000001 4489.743589743591 4749.743589743591 4301.538461538462 4407.6923076923085 4748.717948717949 4169.2307692307695 3912.820512820513 4589.2307692307695 4663.076923076924 4416.410256410257 
4506.666666666667 4021.0256410256416 4443.589743589744 4538.974358974359 4489.2307692307695 4744.102564102564 4293.333333333334 4400.000000000001 4748.717948717949 4168.717948717949 3915.3846153846157 4584.102564102564 4664.615384615386 4424.102564102564 
4509.2307692307695 4034.358974358975 4441.025641025642 4539.48717948718 4490.256410256411 4732.820512820514 4282.051282051282 4397.948717948719 4748.717948717949 4168.717948717949 3929.2307692307695 4607.6923076923085 4663.076923076924 4423.076923076924 
4520.512820512821 4035.3846153846157 4436.410256410257 4561.025641025642 4491.282051282052 4731.282051282052 4280.512820512821 4388.717948717949 4748.717948717949 4168.717948717949 3938.461538461539 4623.076923076924 4664.615384615386 4414.358974358975 
4525.128205128206 4033.333333333334 4441.538461538462 4583.589743589744 4484.615384615385 4736.923076923077 4277.435897435898 4373.846153846154 4748.205128205129 4168.717948717949 3951.2820512820517 4632.820512820514 4664.615384615386 4413.333333333334 
4529.743589743591 4037.435897435898 4453.333333333334 4585.641025641026 4475.384615384616 4728.205128205129 4262.564102564103 4370.769230769231 4746.666666666667 4168.717948717949 3970.2564102564106 4669.2307692307695 4667.6923076923085 4418.974358974359 
4540.000000000001 4039.48717948718 4470.256410256411 4592.820512820514 4476.923076923077 4715.8974358974365 4247.179487179487 4369.743589743591 4746.666666666667 4168.717948717949 3973.8461538461543 4698.461538461539 4673.333333333334 4424.102564102564 
4541.538461538462 4028.717948717949 4463.076923076924 4607.6923076923085 4478.461538461539 4724.102564102564 4244.102564102564 4366.153846153847 4747.179487179488 4168.717948717949 3968.717948717949 4702.051282051282 4672.307692307693 4429.743589743591 
4525.128205128206 4018.461538461539 4460.512820512821 4603.589743589744 4474.358974358975 4734.358974358975 4251.794871794872 4370.256410256411 4746.666666666667 4168.717948717949 3961.0256410256416 4692.307692307693 4663.076923076924 4431.282051282052 
4501.025641025642 4019.48717948718 4460.512820512821 4575.384615384616 4481.025641025642 4735.384615384616 4272.307692307693 4384.615384615385 4747.179487179488 4168.717948717949 3940.0000000000005 4668.205128205129 4655.384615384616 4426.666666666667 
4476.923076923077 4019.48717948718 4438.974358974359 4541.538461538462 4492.307692307693 4743.589743589744 4300.512820512821 4398.461538461539 4748.205128205129 4168.717948717949 3908.205128205129 4634.871794871796 4648.205128205129 4415.8974358974365 
4462.564102564103 4018.461538461539 4424.615384615385 4533.333333333334 4491.794871794872 4755.384615384616 4320.000000000001 4405.128205128206 4749.2307692307695 4168.717948717949 3889.7435897435903 4597.948717948719 4636.923076923077 4402.051282051282 
4466.153846153847 4026.1538461538466 4418.461538461539 4542.564102564103 4491.794871794872 4752.820512820514 4321.025641025642 4407.6923076923085 4748.717948717949 4168.717948717949 3887.692307692308 4574.871794871796 4630.256410256411 4393.846153846154 
4479.48717948718 4032.307692307693 4408.717948717949 4539.48717948718 4495.8974358974365 4750.256410256411 4308.717948717949 4405.641025641026 4748.717948717949 4168.717948717949 3887.692307692308 4573.333333333334 4635.384615384616 4392.820512820514 
4499.48717948718 4029.7435897435903 4401.538461538462 4537.948717948719 4496.410256410257 4751.282051282052 4300.000000000001 4396.923076923077 4749.2307692307695 4168.717948717949 3896.410256410257 4580.000000000001 4645.128205128206 4397.435897435898 
4516.923076923077 4028.205128205129 4407.179487179487 4550.256410256411 4492.820512820514 4741.025641025642 4300.000000000001 4388.717948717949 4748.205128205129 4168.717948717949 3907.692307692308 4590.256410256411 4647.6923076923085 4403.589743589744 
4524.102564102564 4029.7435897435903 4410.256410256411 4555.8974358974365 4491.794871794872 4731.794871794872 4297.435897435898 4387.179487179487 4747.179487179488 4168.717948717949 3912.820512820513 4610.256410256411 4649.743589743591 4412.820512820514 
4526.153846153847 4029.23076923077 4421.538461538462 4558.974358974359 4489.2307692307695 4731.794871794872 4286.666666666667 4387.179487179487 4747.6923076923085 4168.717948717949 3921.538461538462 4636.923076923077 4660.512820512821 4423.589743589744 
4522.051282051282 4028.717948717949 4438.461538461539 4575.8974358974365 4482.051282051282 4732.820512820514 4274.871794871796 4381.538461538462 4748.717948717949 4168.717948717949 3941.538461538462 4658.974358974359 4666.153846153847 4428.717948717949 
4511.282051282052 4028.717948717949 4443.589743589744 4593.846153846154 4474.358974358975 4729.743589743591 4261.025641025642 4373.333333333334 4748.717948717949 4168.717948717949 3958.9743589743593 4682.051282051282 4665.641025641026 4429.743589743591 
4502.051282051282 4028.717948717949 4458.461538461539 4602.051282051282 4474.871794871796 4726.666666666667 4246.666666666667 4370.256410256411 4748.205128205129 4168.717948717949 3962.564102564103 4707.6923076923085 4666.153846153847 4430.769230769231 
4500.512820512821 4029.23076923077 4475.384615384616 4604.102564102564 4477.948717948719 4724.102564102564 4246.153846153847 4371.282051282052 4748.717948717949 4168.717948717949 3958.461538461539 4715.8974358974365 4665.641025641026 4426.153846153847 
4511.794871794872 4028.717948717949 4467.179487179487 4600.512820512821 4473.846153846154 4727.6923076923085 4258.974358974359 4371.282051282052 4748.717948717949 4168.717948717949 3947.692307692308 4705.641025641026 4664.102564102564 4416.923076923077 
4524.615384615385 4028.717948717949 4448.205128205129 4590.256410256411 4475.384615384616 4734.358974358975 4273.333333333334 4374.871794871796 4748.717948717949 4168.717948717949 3931.7948717948725 4680.000000000001 4662.051282051282 4411.794871794872 
4527.6923076923085 4030.2564102564106 4442.564102564103 4571.794871794872 4486.153846153847 4733.846153846154 4282.051282051282 4386.666666666667 4748.717948717949 4168.717948717949 3917.9487179487182 4641.025641025642 4654.358974358975 4408.205128205129 
4522.564102564103 4030.7692307692314 4432.820512820514 4554.358974358975 4491.794871794872 4738.461538461539 4290.256410256411 4396.923076923077 4748.717948717949 4168.717948717949 3909.2307692307695 4610.256410256411 4645.641025641026 4404.102564102564 
4512.820512820514 4030.2564102564106 4415.8974358974365 4549.743589743591 4489.743589743591 4747.6923076923085 4301.538461538462 4403.589743589744 4748.205128205129 4168.717948717949 3904.1025641025644 4601.025641025642 4646.153846153847 4407.179487179487 
4490.256410256411 4029.23076923077 4415.8974358974365 4549.2307692307695 4490.769230769231 4752.820512820514 4303.589743589744 4404.102564102564 4749.2307692307695 4168.717948717949 3904.1025641025644 4608.205128205129 4648.205128205129 4412.820512820514 
4471.794871794872 4029.23076923077 4432.820512820514 4552.307692307693 4492.820512820514 4749.743589743591 4292.820512820514 4396.923076923077 4749.743589743591 4168.717948717949 3913.333333333334 4623.076923076924 4644.102564102564 4414.358974358975 
4478.461538461539 4029.7435897435903 4446.666666666667 4563.076923076924 4489.2307692307695 4741.538461538462 4283.076923076924 4389.2307692307695 4748.205128205129 4168.717948717949 3928.717948717949 4643.076923076924 4642.051282051282 4416.410256410257 
4497.435897435898 4029.23076923077 4447.6923076923085 4577.435897435898 4488.717948717949 4734.358974358975 4274.358974358975 4382.051282051282 4747.179487179488 4168.717948717949 3941.538461538462 4660.000000000001 4648.717948717949 4420.512820512821 
4512.307692307693 4030.7692307692314 4454.358974358975 4585.128205128206 4489.2307692307695 4732.307692307693 4264.102564102564 4372.307692307693 4747.6923076923085 4168.717948717949 3947.692307692308 4670.256410256411 4659.48717948718 4420.512820512821 
4527.179487179488 4030.7692307692314 4466.666666666667 4585.128205128206 4481.538461538462 4733.333333333334 4261.538461538462 4369.2307692307695 4746.666666666667 4168.717948717949 3949.7435897435903 4679.48717948718 4666.153846153847 4418.461538461539 
4540.512820512821 4026.1538461538466 4463.589743589744 4584.615384615385 4474.358974358975 4731.794871794872 4262.564102564103 4370.769230769231 4746.666666666667 4168.717948717949 3953.333333333334 4685.641025641026 4665.128205128206 4418.461538461539 
4535.8974358974365 4025.1282051282055 4445.128205128206 4587.6923076923085 4479.48717948718 4730.256410256411 4263.589743589744 4370.256410256411 4747.179487179488 4168.717948717949 3957.9487179487182 4674.871794871796 4665.128205128206 4420.512820512821 
4519.48717948718 4029.23076923077 4435.384615384616 4584.615384615385 4488.205128205129 4736.410256410257 4271.794871794872 4375.384615384616 4746.666666666667 4169.2307692307695 3954.358974358975 4643.589743589744 4665.128205128206 4421.025641025642 
4507.179487179488 4031.2820512820517 4433.333333333334 4572.820512820514 4489.743589743591 4746.666666666667 4282.564102564103 4387.179487179487 4747.6923076923085 4169.74358974359 3943.076923076924 4621.025641025642 4665.128205128206 4420.512820512821 
4495.384615384616 4028.205128205129 4424.102564102564 4557.435897435898 4489.2307692307695 4751.282051282052 4289.74358974359 4398.461538461539 4749.743589743591 4169.2307692307695 3933.8461538461543 4614.871794871796 4665.128205128206 4419.48717948718 
4491.282051282052 4029.7435897435903 4425.128205128206 4546.153846153847 4489.743589743591 4748.717948717949 4300.000000000001 4405.128205128206 4750.769230769231 4169.74358974359 3922.564102564103 4603.076923076924 4657.948717948719 4419.48717948718 
4498.461538461539 4032.307692307693 4442.564102564103 4547.6923076923085 4491.282051282052 4744.102564102564 4302.051282051282 4405.128205128206 4748.717948717949 4170.256410256411 3910.7692307692314 4596.410256410257 4650.769230769231 4418.974358974359 
4512.307692307693 4032.820512820513 4447.6923076923085 4545.128205128206 4489.743589743591 4733.846153846154 4290.256410256411 4397.948717948719 4748.205128205129 4170.256410256411 3916.410256410257 4625.128205128206 4653.846153846154 4419.48717948718 
4530.256410256411 4031.2820512820517 4487.179487179488 4561.025641025642 4480.000000000001 4727.179487179488 4271.282051282052 4383.076923076924 4751.282051282052 4169.74358974359 3934.8717948717954 4662.051282051282 4661.538461538462 4418.974358974359 
4540.000000000001 4028.717948717949 4552.820512820514 4647.6923076923085 4471.794871794872 4731.794871794872 4243.589743589744 4363.076923076924 4744.615384615386 4171.282051282052 3953.8461538461543 4682.564102564103 4663.589743589744 4418.461538461539 
4542.564102564103 4032.307692307693 4545.128205128206 4734.871794871796 4468.717948717949 4722.051282051282 4214.871794871796 4349.743589743591 4733.846153846154 4171.282051282052 3977.9487179487182 4728.205128205129 4667.6923076923085 4422.051282051282 
4549.2307692307695 4035.8974358974365 4501.025641025642 4732.307692307693 4464.102564102564 4701.025641025642 4203.076923076924 4344.615384615385 4733.333333333334 4167.179487179487 4001.538461538462 4794.871794871796 4680.000000000001 4433.333333333334 
4550.256410256411 4032.820512820513 4502.564102564103 4695.8974358974365 4464.102564102564 4700.512820512821 4208.717948717949 4346.153846153847 4734.358974358975 4171.794871794872 4012.307692307693 4808.205128205129 4682.564102564103 4441.025641025642 
4530.256410256411 4025.1282051282055 4504.102564102564 4683.076923076924 4471.794871794872 4717.948717948719 4225.128205128206 4357.948717948719 4733.333333333334 4183.076923076924 4001.538461538462 4767.179487179488 4672.307692307693 4436.923076923077 
4500.000000000001 4024.615384615385 4469.743589743591 4650.769230769231 4477.948717948719 4733.333333333334 4252.820512820514 4372.820512820514 4742.564102564103 4184.615384615385 3973.333333333334 4714.871794871796 4659.48717948718 4430.256410256411 
4477.435897435898 4029.7435897435903 4440.512820512821 4597.435897435898 4485.641025641026 4749.743589743591 4284.615384615385 4385.128205128206 4752.307692307693 4181.025641025642 3940.5128205128212 4653.846153846154 4653.333333333334 4423.589743589744 
4466.666666666667 4031.2820512820517 4420.512820512821 4562.051282051282 4494.871794871796 4764.102564102564 4308.717948717949 4397.948717948719 4749.743589743591 4183.076923076924 3909.7435897435903 4593.333333333334 4644.615384615385 4414.358974358975 
4467.179487179487 4029.7435897435903 4403.589743589744 4543.076923076924 4495.384615384616 4767.6923076923085 4321.025641025642 4406.153846153847 4748.205128205129 4183.589743589744 3890.7692307692314 4561.538461538462 4635.384615384616 4403.589743589744 
4474.871794871796 4030.2564102564106 4401.538461538462 4533.333333333334 4493.846153846154 4767.6923076923085 4323.589743589744 4403.589743589744 4750.769230769231 4180.000000000001 3890.7692307692314 4555.384615384616 4637.435897435898 4395.8974358974365 
4490.256410256411 4030.2564102564106 4402.564102564103 4531.794871794872 4495.8974358974365 4763.589743589744 4319.48717948718 4397.435897435898 4749.2307692307695 4181.025641025642 3894.358974358975 4562.051282051282 4646.666666666667 4393.846153846154 
4512.820512820514 4025.1282051282055 4401.025641025642 4533.333333333334 4493.333333333334 4753.333333333334 4314.358974358975 4395.8974358974365 4748.205128205129 4181.538461538462 3893.8461538461543 4571.794871794872 4649.743589743591 4400.512820512821 
4522.051282051282 4020.0000000000005 4404.102564102564 4534.358974358975 4489.2307692307695 4747.6923076923085 4306.666666666667 4398.461538461539 4749.2307692307695 4180.000000000001 3900.5128205128212 4583.589743589744 4648.717948717949 4409.743589743591 
4513.333333333334 4017.435897435898 4409.743589743591 4535.8974358974365 4488.205128205129 4749.743589743591 4303.589743589744 4397.948717948719 4748.717948717949 4183.076923076924 3908.717948717949 4582.564102564103 4650.256410256411 4412.820512820514 
4502.051282051282 4021.538461538462 4408.717948717949 4538.974358974359 4491.794871794872 4751.282051282052 4308.717948717949 4398.974358974359 4748.205128205129 4186.666666666667 3907.1794871794878 4568.717948717949 4649.2307692307695 4412.307692307693 
4488.205128205129 4027.692307692308 4406.153846153847 4537.435897435898 4493.333333333334 4750.256410256411 4313.846153846154 4404.102564102564 4749.2307692307695 4185.641025641026 3905.6410256410263 4569.743589743591 4648.205128205129 4413.333333333334 
4473.846153846154 4032.307692307693 4404.615384615385 4537.435897435898 4493.333333333334 4748.717948717949 4311.794871794872 4404.102564102564 4749.743589743591 4185.128205128206 3908.205128205129 4582.564102564103 4650.256410256411 4414.358974358975 
4477.948717948719 4034.358974358975 4409.2307692307695 4543.589743589744 4493.846153846154 4750.256410256411 4304.615384615385 4397.948717948719 4749.2307692307695 4185.641025641026 3911.2820512820517 4591.282051282052 4646.153846153847 4408.717948717949 
4499.48717948718 4034.358974358975 4421.025641025642 4551.282051282052 4491.282051282052 4750.769230769231 4295.8974358974365 4390.769230769231 4748.205128205129 4185.128205128206 3919.48717948718 4601.025641025642 4646.153846153847 4405.128205128206 
4517.948717948719 4033.333333333334 4430.256410256411 4558.461538461539 4487.6923076923085 4740.512820512821 4283.589743589744 4387.6923076923085 4748.717948717949 4184.102564102564 3929.7435897435903 4615.8974358974365 4654.358974358975 4410.769230769231 
4531.794871794872 4032.820512820513 4426.666666666667 4562.564102564103 4488.205128205129 4731.794871794872 4278.974358974359 4389.743589743591 4748.717948717949 4184.615384615385 3926.1538461538466 4620.512820512821 4656.410256410257 4412.820512820514 
4536.923076923077 4031.7948717948725 4421.538461538462 4558.461538461539 4489.743589743591 4734.358974358975 4286.153846153847 4392.307692307693 4748.717948717949 4184.102564102564 3911.7948717948725 4613.846153846154 4648.205128205129 4411.282051282052 
4526.666666666667 4028.205128205129 4422.051282051282 4555.8974358974365 4488.205128205129 4736.410256410257 4289.74358974359 4391.282051282052 4748.717948717949 4184.102564102564 3905.6410256410263 4620.000000000001 4645.641025641026 4412.820512820514 
4511.794871794872 4027.1794871794878 4425.641025641026 4560.512820512821 4488.205128205129 4733.333333333334 4286.666666666667 4391.794871794872 4748.717948717949 4184.102564102564 3906.1538461538466 4638.461538461539 4648.205128205129 4412.820512820514 
4496.923076923077 4030.2564102564106 4434.358974358975 4569.2307692307695 4490.256410256411 4733.333333333334 4281.025641025642 4391.282051282052 4748.717948717949 4184.102564102564 3913.8461538461543 4660.512820512821 4646.666666666667 4410.256410256411 
4487.179487179488 4032.307692307693 4448.717948717949 4578.974358974359 4485.128205128206 4734.358974358975 4269.74358974359 4382.564102564103 4748.717948717949 4183.589743589744 3930.7692307692314 4686.153846153847 4647.179487179488 4414.358974358975 
4488.205128205129 4033.8461538461543 4466.666666666667 4588.717948717949 4475.384615384616 4731.794871794872 4252.307692307693 4372.820512820514 4747.6923076923085 4184.102564102564 3946.1538461538466 4714.358974358975 4653.333333333334 4420.000000000001 
4497.435897435898 4034.8717948717954 4474.871794871796 4592.820512820514 4475.8974358974365 4731.282051282052 4247.6923076923085 4369.2307692307695 4746.666666666667 4187.179487179487 3950.7692307692314 4725.128205128206 4658.974358974359 4422.051282051282 
4510.769230769231 4032.307692307693 4465.641025641026 4591.282051282052 4478.461538461539 4732.307692307693 4258.974358974359 4368.717948717949 4746.666666666667 4186.153846153847 3950.7692307692314 4707.179487179488 4663.589743589744 4421.025641025642 
4524.102564102564 4028.717948717949 4450.256410256411 4584.102564102564 4474.358974358975 4731.282051282052 4272.820512820514 4371.282051282052 4747.179487179488 4185.641025641026 3947.1794871794878 4679.48717948718 4666.666666666667 4420.000000000001 
4527.179487179488 4027.692307692308 4433.333333333334 4572.820512820514 4478.461538461539 4737.948717948719 4281.538461538462 4381.025641025642 4747.6923076923085 4193.333333333334 3936.9230769230776 4645.128205128206 4661.538461538462 4420.512820512821 
4523.589743589744 4028.717948717949 4406.666666666667 4562.564102564103 4490.256410256411 4749.743589743591 4291.794871794872 4393.846153846154 4748.717948717949 4200.000000000001 3927.692307692308 4601.538461538462 4657.948717948719 4421.025641025642 
4512.820512820514 4029.23076923077 4378.974358974359 4552.820512820514 4493.333333333334 4752.820512820514 4308.717948717949 4404.102564102564 4750.256410256411 4198.974358974359 3917.435897435898 4566.153846153847 4658.461538461539 4417.435897435898 
4495.8974358974365 4032.307692307693 4374.871794871796 4538.461538461539 4493.333333333334 4757.435897435898 4321.538461538462 4413.333333333334 4750.769230769231 4199.48717948718 3902.0512820512827 4541.025641025642 4652.820512820514 4410.256410256411 
4485.128205128206 4035.3846153846157 4387.6923076923085 4524.102564102564 4495.384615384616 4764.615384615386 4323.589743589744 4420.000000000001 4750.256410256411 4203.589743589744 3889.7435897435903 4526.666666666667 4645.128205128206 4404.102564102564 
4488.205128205129 4034.8717948717954 4404.615384615385 4518.974358974359 4495.384615384616 4760.000000000001 4323.076923076924 4416.923076923077 4750.256410256411 4203.076923076924 3887.1794871794878 4536.923076923077 4646.666666666667 4402.564102564103 
4500.000000000001 4034.358974358975 4433.333333333334 4524.102564102564 4493.846153846154 4746.153846153847 4316.923076923077 4403.589743589744 4751.794871794872 4202.051282051282 3894.358974358975 4571.282051282052 4647.6923076923085 4402.051282051282 
4514.871794871796 4034.8717948717954 4469.2307692307695 4535.8974358974365 4492.820512820514 4740.000000000001 4292.820512820514 4389.2307692307695 4750.256410256411 4202.564102564103 3912.820512820513 4618.974358974359 4646.666666666667 4404.615384615385 
4528.205128205129 4032.820512820513 4493.333333333334 4560.000000000001 4486.666666666667 4732.820512820514 4261.538461538462 4375.8974358974365 4744.615384615386 4202.564102564103 3941.538461538462 4672.820512820514 4653.846153846154 4412.820512820514 
4537.435897435898 4029.23076923077 4505.641025641026 4595.384615384616 4479.48717948718 4720.000000000001 4238.974358974359 4362.051282051282 4746.153846153847 4202.051282051282 3967.692307692308 4721.025641025642 4665.641025641026 4422.051282051282 
4542.564102564103 4029.7435897435903 4505.641025641026 4621.025641025642 4475.384615384616 4715.384615384616 4228.205128205129 4352.307692307693 4748.717948717949 4202.051282051282 3988.205128205129 4752.820512820514 4673.846153846154 4431.282051282052 
4536.923076923077 4031.2820512820517 4489.743589743591 4625.641025641026 4472.307692307693 4723.589743589744 4226.666666666667 4350.769230769231 4737.435897435898 4202.051282051282 4002.0512820512827 4762.051282051282 4676.410256410257 4442.564102564103 
4525.641025641026 4031.2820512820517 4472.307692307693 4624.615384615385 4473.333333333334 4734.871794871796 4230.256410256411 4356.410256410257 4731.282051282052 4202.051282051282 4003.589743589744 4747.6923076923085 4677.435897435898 4446.666666666667 
4523.076923076924 4030.7692307692314 4461.025641025642 4622.564102564103 4474.871794871796 4733.333333333334 4239.48717948718 4363.589743589744 4744.615384615386 4202.051282051282 3994.8717948717954 4719.48717948718 4675.384615384616 4440.512820512821 
4522.051282051282 4031.2820512820517 4449.2307692307695 4606.666666666667 4475.8974358974365 4734.358974358975 4256.410256410257 4369.743589743591 4751.794871794872 4202.051282051282 3977.435897435898 4688.717948717949 4670.256410256411 4433.846153846154 
4512.820512820514 4030.7692307692314 4438.461538461539 4580.512820512821 4481.025641025642 4747.6923076923085 4272.820512820514 4378.974358974359 4747.179487179488 4202.051282051282 3951.2820512820517 4651.794871794872 4661.025641025642 4426.666666666667 
4501.025641025642 4032.820512820513 4429.743589743591 4561.538461538462 4489.2307692307695 4751.282051282052 4288.717948717949 4392.820512820514 4747.179487179488 4202.051282051282 3923.589743589744 4611.794871794872 4650.769230769231 4416.410256410257 
4490.256410256411 4034.8717948717954 4411.282051282052 4544.615384615385 4492.820512820514 4755.384615384616 4310.256410256411 4404.615384615385 4751.794871794872 4202.051282051282 3900.0000000000005 4577.948717948719 4647.179487179488 4406.153846153847 
4485.641025641026 4034.8717948717954 4392.307692307693 4518.974358974359 4494.358974358975 4763.589743589744 4325.128205128206 4411.794871794872 4752.307692307693 4202.051282051282 3880.512820512821 4557.948717948719 4643.076923076924 4399.48717948718 
4485.641025641026 4034.8717948717954 4407.179487179487 4512.307692307693 4494.871794871796 4758.461538461539 4326.153846153847 4415.8974358974365 4750.769230769231 4202.051282051282 3867.692307692308 4552.820512820514 4636.410256410257 4396.410256410257 
4485.641025641026 4035.3846153846157 4436.410256410257 4538.461538461539 4493.333333333334 4748.717948717949 4317.948717948719 4412.820512820514 4749.2307692307695 4202.051282051282 3869.2307692307695 4567.6923076923085 4636.410256410257 4395.8974358974365 
4493.333333333334 4032.820512820513 4441.538461538462 4566.153846153847 4490.256410256411 4746.666666666667 4298.974358974359 4403.589743589744 4749.743589743591 4202.051282051282 3887.692307692308 4613.333333333334 4644.102564102564 4404.102564102564 
4510.256410256411 4029.23076923077 4449.743589743591 4578.974358974359 4483.589743589744 4733.333333333334 4270.256410256411 4388.205128205129 4751.282051282052 4202.051282051282 3918.461538461539 4675.384615384616 4653.333333333334 4418.461538461539 
4524.102564102564 4030.2564102564106 4481.538461538462 4597.948717948719 4474.358974358975 4716.410256410257 4243.076923076924 4368.717948717949 4743.589743589744 4202.051282051282 3952.307692307693 4726.153846153847 4662.051282051282 4426.666666666667 
4537.435897435898 4032.820512820513 4502.051282051282 4625.641025641026 4472.307692307693 4713.846153846154 4220.512820512821 4353.333333333334 4735.384615384616 4202.051282051282 3982.0512820512827 4768.205128205129 4671.794871794872 4434.358974358975 
4548.717948717949 4034.8717948717954 4492.820512820514 4643.076923076924 4473.846153846154 4714.871794871796 4214.358974358975 4345.641025641026 4737.435897435898 4202.051282051282 4004.615384615385 4782.051282051282 4679.48717948718 4443.589743589744 
4545.128205128206 4035.8974358974365 4495.384615384616 4649.743589743591 4471.794871794872 4723.589743589744 4226.666666666667 4346.666666666667 4741.025641025642 4202.051282051282 4005.1282051282055 4753.333333333334 4677.948717948719 4442.051282051282 
4535.8974358974365 4031.7948717948725 4505.641025641026 4650.769230769231 4471.282051282052 4732.307692307693 4230.256410256411 4352.820512820514 4736.410256410257 4202.051282051282 3995.8974358974365 4735.8974358974365 4668.717948717949 4434.871794871796 
4534.358974358975 4027.1794871794878 4455.384615384616 4649.2307692307695 4475.384615384616 4735.384615384616 4228.205128205129 4355.384615384616 4732.820512820514 4202.051282051282 4001.538461538462 4732.307692307693 4670.769230769231 4436.923076923077 
4516.923076923077 4030.7692307692314 4431.794871794872 4639.48717948718 4477.435897435898 4741.538461538462 4237.435897435898 4354.358974358975 4740.000000000001 4202.051282051282 3996.410256410257 4715.384615384616 4676.923076923077 4436.410256410257 
4494.871794871796 4034.358974358975 4483.076923076924 4613.846153846154 4477.435897435898 4746.666666666667 4253.333333333334 4367.179487179487 4749.2307692307695 4202.051282051282 3965.1282051282055 4695.8974358974365 4664.102564102564 4429.743589743591 
4498.974358974359 4025.1282051282055 4465.641025641026 4580.000000000001 4483.076923076924 4745.128205128206 4275.384615384616 4391.794871794872 4750.769230769231 4202.051282051282 3934.358974358975 4669.743589743591 4648.205128205129 4420.512820512821 
4496.410256410257 4014.8717948717954 4412.820512820514 4544.615384615385 4491.794871794872 4751.794871794872 4308.205128205129 4407.6923076923085 4748.205128205129 4201.538461538462 3896.9230769230776 4616.410256410257 4643.589743589744 4408.205128205129 
4468.205128205129 4023.589743589744 4428.205128205129 4516.923076923077 4494.871794871796 4766.153846153847 4327.179487179487 4413.846153846154 4748.717948717949 4203.589743589744 3858.9743589743593 4562.564102564103 4635.384615384616 4401.538461538462 
4461.025641025642 4036.9230769230776 4432.307692307693 4505.641025641026 4495.384615384616 4763.076923076924 4321.538461538462 4417.948717948719 4750.256410256411 4200.000000000001 3857.435897435898 4567.179487179488 4627.179487179488 4397.948717948719 
4489.743589743591 4034.8717948717954 4406.153846153847 4523.589743589744 4493.846153846154 4751.794871794872 4309.2307692307695 4408.717948717949 4750.256410256411 4201.538461538462 3880.512820512821 4588.205128205129 4633.333333333334 4396.410256410257 
4504.615384615385 4033.333333333334 4426.666666666667 4558.974358974359 4489.2307692307695 4747.6923076923085 4293.333333333334 4389.743589743591 4750.769230769231 4210.769230769231 3905.6410256410263 4604.615384615385 4647.6923076923085 4403.076923076924 
4504.102564102564 4041.538461538462 4435.384615384616 4570.256410256411 4491.282051282052 4741.538461538462 4280.000000000001 4379.48717948718 4748.717948717949 4209.74358974359 3937.9487179487182 4637.435897435898 4658.461538461539 4414.358974358975 
4522.564102564103 4036.410256410257 4434.358974358975 4566.666666666667 4488.717948717949 4730.256410256411 4276.923076923077 4380.000000000001 4746.666666666667 4206.666666666667 3947.692307692308 4656.923076923077 4664.615384615386 4422.051282051282 
4538.461538461539 4018.461538461539 4452.307692307693 4582.564102564103 4480.512820512821 4735.384615384616 4278.974358974359 4381.538461538462 4748.205128205129 4214.871794871796 3933.333333333334 4645.128205128206 4663.076923076924 4426.666666666667 
4526.666666666667 4015.3846153846157 4418.974358974359 4593.333333333334 4484.102564102564 4750.256410256411 4282.564102564103 4386.153846153847 4748.205128205129 4218.461538461539 3938.9743589743593 4620.512820512821 4662.051282051282 4430.769230769231 
4505.641025641026 4023.589743589744 4402.564102564103 4567.6923076923085 4491.794871794872 4750.256410256411 4283.589743589744 4389.743589743591 4746.666666666667 4213.333333333334 3943.076923076924 4607.6923076923085 4663.589743589744 4428.205128205129 
4493.333333333334 4028.205128205129 4419.48717948718 4554.358974358975 4491.794871794872 4749.2307692307695 4288.205128205129 4389.2307692307695 4747.179487179488 4212.307692307693 3927.1794871794878 4594.358974358975 4655.384615384616 4423.076923076924 
4485.128205128206 4030.7692307692314 4407.179487179487 4566.153846153847 4492.307692307693 4752.307692307693 4297.948717948719 4389.2307692307695 4748.717948717949 4217.435897435898 3923.076923076924 4598.461538461539 4646.153846153847 4418.461538461539 
4480.512820512821 4034.8717948717954 4408.205128205129 4561.025641025642 4494.871794871796 4752.820512820514 4303.076923076924 4389.2307692307695 4748.717948717949 4218.974358974359 3926.1538461538466 4615.384615384616 4647.179487179488 4410.769230769231 
4491.282051282052 4037.435897435898 4440.000000000001 4551.282051282052 4494.358974358975 4749.2307692307695 4293.333333333334 4388.205128205129 4748.205128205129 4210.256410256411 3923.076923076924 4606.153846153847 4648.717948717949 4403.589743589744 
4512.307692307693 4031.7948717948725 4445.128205128206 4549.2307692307695 4495.8974358974365 4749.743589743591 4282.564102564103 4388.205128205129 4748.717948717949 4204.615384615385 3922.564102564103 4604.102564102564 4647.179487179488 4402.051282051282 
4525.641025641026 4025.1282051282055 4444.102564102564 4545.128205128206 4494.871794871796 4749.2307692307695 4281.538461538462 4388.205128205129 4748.717948717949 4212.820512820514 3916.9230769230776 4612.820512820514 4650.769230769231 4408.205128205129 
4524.615384615385 4022.0512820512827 4453.333333333334 4545.128205128206 4490.769230769231 4740.000000000001 4283.076923076924 4388.205128205129 4748.717948717949 4216.410256410257 3909.2307692307695 4625.128205128206 4651.794871794872 4416.410256410257 
4521.538461538462 4020.5128205128212 4436.923076923077 4549.2307692307695 4489.743589743591 4737.948717948719 4283.589743589744 4388.717948717949 4748.717948717949 4212.307692307693 3918.461538461539 4636.410256410257 4649.743589743591 4422.051282051282 
4511.282051282052 4022.0512820512827 4434.871794871796 4550.256410256411 4489.2307692307695 4746.666666666667 4282.051282051282 4388.205128205129 4748.717948717949 4213.846153846154 3926.666666666667 4630.256410256411 4652.307692307693 4421.538461538462 
4496.410256410257 4029.7435897435903 4430.769230769231 4555.8974358974365 4489.2307692307695 4752.307692307693 4281.538461538462 4388.717948717949 4748.717948717949 4217.435897435898 3930.2564102564106 4623.076923076924 4656.410256410257 4420.000000000001 
4497.948717948719 4034.8717948717954 4418.461538461539 4570.256410256411 4489.743589743591 4747.179487179488 4283.076923076924 4388.717948717949 4748.717948717949 4215.384615384616 3941.0256410256416 4630.769230769231 4661.025641025642 4422.051282051282 
4510.256410256411 4031.7948717948725 4426.153846153847 4572.820512820514 4484.615384615385 4737.435897435898 4274.358974358975 4385.641025641026 4748.717948717949 4216.410256410257 3945.6410256410263 4648.717948717949 4663.076923076924 4422.564102564103 
4518.974358974359 4029.23076923077 4436.410256410257 4569.2307692307695 4477.948717948719 4731.794871794872 4264.102564102564 4382.051282051282 4748.717948717949 4216.410256410257 3944.615384615385 4644.615384615385 4665.641025641026 4421.538461538462 
4524.615384615385 4030.2564102564106 4440.000000000001 4578.974358974359 4476.923076923077 4737.948717948719 4270.256410256411 4381.025641025642 4748.717948717949 4214.871794871796 3941.538461538462 4628.205128205129 4664.102564102564 4420.512820512821 
4521.538461538462 4030.2564102564106 4441.538461538462 4582.051282051282 4481.538461538462 4750.769230769231 4282.564102564103 4381.538461538462 4748.717948717949 4214.871794871796 3929.2307692307695 4629.2307692307695 4658.461538461539 4422.564102564103 
4513.846153846154 4030.2564102564106 4431.794871794872 4570.256410256411 4488.717948717949 4748.717948717949 4281.025641025642 4384.102564102564 4748.717948717949 4216.923076923077 3923.589743589744 4636.923076923077 4655.384615384616 4420.512820512821 
4504.615384615385 4029.23076923077 4420.512820512821 4563.076923076924 4489.743589743591 4737.435897435898 4280.000000000001 4388.205128205129 4748.717948717949 4216.923076923077 3922.564102564103 4643.589743589744 4651.282051282052 4413.333333333334 
4494.358974358975 4029.7435897435903 4436.410256410257 4565.641025641026 4482.051282051282 4733.846153846154 4283.076923076924 4388.717948717949 4748.717948717949 4215.384615384616 3915.3846153846157 4646.666666666667 4650.769230769231 4410.256410256411 
4494.871794871796 4029.7435897435903 4445.641025641026 4569.743589743591 4477.435897435898 4735.384615384616 4274.358974358975 4388.205128205129 4748.717948717949 4215.384615384616 3915.8974358974365 4661.538461538462 4651.794871794872 4413.333333333334 
4503.589743589744 4027.692307692308 4445.641025641026 4577.435897435898 4480.000000000001 4733.846153846154 4263.076923076924 4386.666666666667 4748.717948717949 4215.8974358974365 3926.1538461538466 4682.564102564103 4650.256410256411 4419.48717948718 
4511.282051282052 4030.2564102564106 4454.358974358975 4585.641025641026 4480.000000000001 4733.333333333334 4262.564102564103 4379.48717948718 4748.717948717949 4215.8974358974365 3937.435897435898 4688.205128205129 4650.256410256411 4423.076923076924 
4518.461538461539 4034.8717948717954 4460.000000000001 4589.743589743591 4477.948717948719 4735.8974358974365 4265.641025641026 4370.256410256411 4748.717948717949 4215.8974358974365 3945.1282051282055 4679.48717948718 4657.435897435898 4421.025641025642 
4523.589743589744 4031.7948717948725 4463.076923076924 4600.000000000001 4477.948717948719 4733.333333333334 4264.615384615385 4369.743589743591 4748.717948717949 4215.8974358974365 3946.1538461538466 4667.6923076923085 4664.615384615386 4418.974358974359 
4526.153846153847 4027.692307692308 4454.358974358975 4603.589743589744 4478.461538461539 4736.923076923077 4264.615384615385 4376.923076923077 4748.717948717949 4215.8974358974365 3944.1025641025644 4657.948717948719 4663.589743589744 4422.051282051282 
4519.48717948718 4029.7435897435903 4443.589743589744 4592.307692307693 4479.48717948718 4749.743589743591 4265.641025641026 4384.102564102564 4749.2307692307695 4215.8974358974365 3946.666666666667 4650.769230769231 4662.051282051282 4425.641025641026 
4508.205128205129 4030.7692307692314 4443.076923076924 4584.102564102564 4479.48717948718 4749.743589743591 4267.179487179487 4384.102564102564 4749.2307692307695 4215.8974358974365 3950.7692307692314 4648.717948717949 4663.076923076924 4426.666666666667 
4508.717948717949 4028.717948717949 4451.794871794872 4585.128205128206 4477.948717948719 4736.410256410257 4265.128205128206 4377.435897435898 4747.6923076923085 4215.8974358974365 3953.8461538461543 4660.000000000001 4664.615384615386 4427.6923076923085 
4521.025641025642 4029.7435897435903 4461.538461538462 4592.307692307693 4478.974358974359 4732.820512820514 4254.358974358975 4372.307692307693 4749.2307692307695 4215.8974358974365 3959.48717948718 4677.948717948719 4664.615384615386 4427.179487179487 
4525.128205128206 4030.2564102564106 4470.256410256411 4603.076923076924 4480.000000000001 4734.358974358975 4245.128205128206 4370.256410256411 4748.717948717949 4215.8974358974365 3961.538461538462 4689.743589743591 4663.589743589744 4427.6923076923085 
4525.641025641026 4029.23076923077 4470.769230769231 4601.538461538462 4476.410256410257 4733.846153846154 4250.256410256411 4370.769230769231 4738.974358974359 4215.8974358974365 3957.435897435898 4684.615384615386 4665.641025641026 4429.743589743591 
4527.6923076923085 4029.7435897435903 4461.025641025642 4582.051282051282 4479.48717948718 4743.589743589744 4264.102564102564 4377.948717948719 4731.282051282052 4215.8974358974365 3947.692307692308 4661.538461538462 4666.153846153847 4428.717948717949 
4517.948717948719 4030.7692307692314 4454.871794871796 4561.025641025642 4490.256410256411 4750.769230769231 4276.923076923077 4389.2307692307695 4740.000000000001 4215.8974358974365 3928.717948717949 4635.8974358974365 4656.923076923077 4418.974358974359 
4501.025641025642 4029.23076923077 4441.025641025642 4552.307692307693 4492.307692307693 4752.820512820514 4289.2307692307695 4397.948717948719 4751.282051282052 4215.8974358974365 3912.820512820513 4609.743589743591 4646.153846153847 4411.282051282052 
4490.256410256411 4030.2564102564106 4410.769230769231 4545.641025641026 4490.769230769231 4764.615384615386 4301.538461538462 4398.461538461539 4749.743589743591 4215.8974358974365 3910.2564102564106 4574.358974358975 4646.666666666667 4410.769230769231 
4481.025641025642 4036.410256410257 4422.564102564103 4537.435897435898 4494.871794871796 4763.076923076924 4299.48717948718 4392.820512820514 4747.179487179488 4215.8974358974365 3909.2307692307695 4579.48717948718 4648.205128205129 4413.333333333334 
4488.205128205129 4037.435897435898 4471.282051282052 4551.794871794872 4489.743589743591 4738.974358974359 4272.820512820514 4380.512820512821 4749.2307692307695 4215.8974358974365 3923.076923076924 4660.512820512821 4651.282051282052 4421.025641025642 
4523.589743589744 4029.7435897435903 4450.256410256411 4603.589743589744 4475.8974358974365 4730.256410256411 4244.615384615385 4363.076923076924 4749.2307692307695 4215.8974358974365 3972.307692307693 4721.538461538462 4665.641025641026 4431.794871794872 
4543.076923076924 4028.205128205129 4455.8974358974365 4635.8974358974365 4470.769230769231 4728.717948717949 4229.74358974359 4351.794871794872 4747.179487179488 4215.8974358974365 3998.461538461539 4737.435897435898 4675.384615384616 4436.410256410257 
4538.461538461539 4031.7948717948725 4517.435897435898 4608.717948717949 4470.769230769231 4715.8974358974365 4226.666666666667 4360.000000000001 4747.6923076923085 4215.8974358974365 3976.410256410257 4750.769230769231 4670.769230769231 4435.8974358974365 
4537.435897435898 4022.564102564103 4486.666666666667 4599.48717948718 4476.923076923077 4729.743589743591 4249.74358974359 4378.974358974359 4747.6923076923085 4215.8974358974365 3949.7435897435903 4701.538461538462 4662.564102564103 4425.641025641026 
4516.923076923077 4011.2820512820517 4420.000000000001 4635.8974358974365 4487.6923076923085 4766.153846153847 4286.153846153847 4389.2307692307695 4746.666666666667 4215.8974358974365 3915.3846153846157 4589.743589743591 4652.307692307693 4410.769230769231 
4474.358974358975 4027.1794871794878 4411.282051282052 4631.794871794872 4491.794871794872 4769.2307692307695 4300.512820512821 4397.948717948719 4748.205128205129 4215.8974358974365 3887.692307692308 4538.974358974359 4645.128205128206 4411.282051282052 
4467.179487179487 4045.1282051282055 4401.025641025642 4584.102564102564 4490.769230769231 4751.282051282052 4296.923076923077 4404.102564102564 4749.743589743591 4215.8974358974365 3898.461538461539 4583.076923076924 4645.128205128206 4414.871794871796 
4489.743589743591 4037.435897435898 4408.205128205129 4585.641025641026 4492.307692307693 4747.6923076923085 4288.717948717949 4393.333333333334 4748.717948717949 4215.8974358974365 3922.564102564103 4618.461538461539 4647.179487179488 4409.2307692307695 
4492.307692307693 4033.8461538461543 4471.794871794872 4618.461538461539 4486.153846153847 4743.589743589744 4266.153846153847 4375.384615384616 4747.6923076923085 4215.8974358974365 3940.5128205128212 4651.794871794872 4648.205128205129 4414.871794871796 
4497.948717948719 4043.076923076924 4488.717948717949 4611.794871794872 4476.923076923077 4731.794871794872 4247.179487179487 4367.179487179487 4746.666666666667 4215.8974358974365 3965.6410256410263 4709.2307692307695 4660.512820512821 4428.205128205129 
4528.205128205129 4033.333333333334 4494.871794871796 4597.435897435898 4474.358974358975 4727.179487179488 4242.051282051282 4364.615384615385 4746.666666666667 4215.8974358974365 3962.564102564103 4728.205128205129 4672.307692307693 4428.205128205129 
4546.153846153847 4015.3846153846157 4503.076923076924 4600.000000000001 4477.948717948719 4731.282051282052 4244.615384615385 4368.717948717949 4747.179487179488 4215.8974358974365 3942.564102564103 4700.512820512821 4663.589743589744 4423.589743589744 
4532.820512820514 4020.0000000000005 4437.948717948719 4588.717948717949 4486.153846153847 4743.076923076924 4267.6923076923085 4384.102564102564 4747.6923076923085 4215.8974358974365 3944.1025641025644 4648.205128205129 4657.435897435898 4423.589743589744 
4510.769230769231 4031.7948717948725 4396.410256410257 4557.435897435898 4494.358974358975 4761.538461538462 4297.948717948719 4397.948717948719 4748.717948717949 4215.8974358974365 3927.1794871794878 4583.589743589744 4661.025641025642 4417.435897435898 
4493.333333333334 4034.8717948717954 4385.128205128206 4538.461538461539 4494.871794871796 4771.282051282052 4314.358974358975 4407.179487179487 4749.743589743591 4215.8974358974365 3896.410256410257 4523.076923076924 4655.8974358974365 4413.333333333334 
4477.435897435898 4033.8461538461543 4355.384615384616 4532.820512820514 4492.820512820514 4767.179487179488 4328.205128205129 4415.384615384616 4750.769230769231 4215.8974358974365 3895.3846153846157 4509.743589743591 4644.615384615385 4410.769230769231 
4474.358974358975 4035.3846153846157 4354.358974358975 4524.615384615385 4501.025641025642 4767.6923076923085 4341.538461538462 4418.461538461539 4750.256410256411 4215.8974358974365 3895.3846153846157 4504.615384615385 4646.153846153847 4405.641025641026 
4484.102564102564 4034.358974358975 4381.025641025642 4510.769230769231 4507.179487179488 4772.307692307693 4341.538461538462 4420.512820512821 4750.256410256411 4215.8974358974365 3881.538461538462 4473.333333333334 4648.205128205129 4403.076923076924 
4492.307692307693 4026.666666666667 4389.2307692307695 4492.307692307693 4500.000000000001 4762.051282051282 4336.410256410257 4422.564102564103 4750.769230769231 4215.8974358974365 3873.8461538461543 4483.589743589744 4637.435897435898 4403.076923076924 
4498.461538461539 4024.615384615385 4405.128205128206 4494.358974358975 4492.307692307693 4749.2307692307695 4330.769230769231 4415.8974358974365 4750.769230769231 4215.8974358974365 3864.1025641025644 4526.666666666667 4631.282051282052 4402.051282051282 
4504.102564102564 4028.205128205129 4420.000000000001 4515.8974358974365 4492.307692307693 4746.153846153847 4315.8974358974365 4401.538461538462 4751.282051282052 4215.8974358974365 3865.1282051282055 4575.8974358974365 4634.871794871796 4400.512820512821 
