4314.871794871796 4082.0512820512827 4392.820512820514 4495.8974358974365 4483.589743589744 4712.820512820514 4381.025641025642 4383.589743589744 4728.717948717949 4063.589743589744 3944.615384615385 4328.205128205129 4613.846153846154 4391.794871794872 
4293.333333333334 4084.1025641025644 4396.410256410257 4493.333333333334 4483.589743589744 4720.000000000001 4387.6923076923085 4383.076923076924 4728.205128205129 4065.1282051282055 3944.1025641025644 4323.076923076924 4610.256410256411 4389.2307692307695 
4303.589743589744 4078.9743589743593 4406.153846153847 4493.846153846154 4481.538461538462 4713.846153846154 4380.512820512821 4381.025641025642 4726.666666666667 4063.589743589744 3945.1282051282055 4333.333333333334 4614.358974358975 4396.923076923077 
4325.128205128206 4073.8461538461543 4389.743589743591 4496.923076923077 4485.128205128206 4713.333333333334 4372.307692307693 4382.051282051282 4727.179487179488 4062.0512820512827 3941.538461538462 4331.282051282052 4611.794871794872 4400.000000000001 
4349.743589743591 4080.0000000000005 4390.769230769231 4494.871794871796 4481.538461538462 4710.256410256411 4376.410256410257 4380.000000000001 4726.666666666667 4064.1025641025644 3943.076923076924 4333.846153846154 4616.410256410257 4403.589743589744 
4349.2307692307695 4077.9487179487187 4388.205128205129 4497.948717948719 4484.102564102564 4715.384615384616 4376.923076923077 4381.025641025642 4726.666666666667 4062.564102564103 3938.9743589743593 4325.128205128206 4614.358974358975 4400.000000000001 
4360.512820512821 4073.333333333334 4384.615384615385 4506.666666666667 4480.000000000001 4712.820512820514 4364.102564102564 4381.025641025642 4724.615384615386 4061.0256410256416 3937.9487179487182 4324.102564102564 4615.384615384616 4402.564102564103 
4345.641025641026 4076.9230769230776 4375.384615384616 4502.564102564103 4479.48717948718 4711.794871794872 4358.974358974359 4382.051282051282 4725.641025641026 4062.0512820512827 3937.435897435898 4322.564102564103 4610.769230769231 4399.48717948718 
4324.102564102564 4082.0512820512827 4388.205128205129 4500.512820512821 4483.589743589744 4712.307692307693 4363.076923076924 4383.589743589744 4727.179487179488 4064.1025641025644 3938.9743589743593 4323.589743589744 4611.282051282052 4392.820512820514 
4315.8974358974365 4075.8974358974365 4402.051282051282 4512.307692307693 4486.666666666667 4714.871794871796 4361.025641025642 4383.589743589744 4728.205128205129 4063.589743589744 3941.0256410256416 4322.051282051282 4612.307692307693 4390.769230769231 
4312.307692307693 4074.8717948717954 4410.769230769231 4506.153846153847 4483.589743589744 4713.333333333334 4353.846153846154 4382.564102564103 4726.666666666667 4061.538461538462 3944.1025641025644 4326.666666666667 4609.2307692307695 4392.820512820514 
4310.256410256411 4082.0512820512827 4414.871794871796 4491.282051282052 4480.000000000001 4713.333333333334 4356.410256410257 4381.538461538462 4726.153846153847 4062.0512820512827 3944.615384615385 4332.307692307693 4610.256410256411 4393.846153846154 
4319.48717948718 4076.410256410257 4396.923076923077 4498.461538461539 4484.102564102564 4720.000000000001 4364.102564102564 4383.076923076924 4726.666666666667 4064.1025641025644 3938.9743589743593 4321.025641025642 4610.769230769231 4386.666666666667 
4338.974358974359 4070.7692307692314 4392.307692307693 4509.2307692307695 4483.589743589744 4714.358974358975 4355.8974358974365 4381.025641025642 4725.128205128206 4063.076923076924 3940.5128205128212 4322.564102564103 4615.384615384616 4390.769230769231 
4339.48717948718 4078.9743589743593 4390.769230769231 4497.948717948719 4484.102564102564 4711.794871794872 4341.025641025642 4381.538461538462 4725.128205128206 4061.0256410256416 3937.9487179487182 4324.615384615385 4612.307692307693 4397.435897435898 
4352.307692307693 4084.1025641025644 4389.2307692307695 4499.48717948718 4479.48717948718 4708.717948717949 4341.025641025642 4382.051282051282 4725.641025641026 4062.0512820512827 3936.410256410257 4328.717948717949 4615.8974358974365 4401.538461538462 
4343.076923076924 4073.8461538461543 4375.8974358974365 4513.846153846154 4482.564102564103 4711.282051282052 4353.846153846154 4382.564102564103 4725.641025641026 4061.0256410256416 3934.358974358975 4320.000000000001 4611.794871794872 4393.846153846154 
4339.48717948718 4080.0000000000005 4401.025641025642 4509.2307692307695 4479.48717948718 4706.153846153847 4354.871794871796 4377.948717948719 4725.641025641026 4061.0256410256416 3938.461538461539 4329.2307692307695 4614.871794871796 4399.48717948718 
4324.615384615385 4084.1025641025644 4406.153846153847 4496.923076923077 4482.051282051282 4714.871794871796 4345.128205128206 4380.000000000001 4727.179487179488 4062.564102564103 3936.410256410257 4327.6923076923085 4612.820512820514 4402.051282051282 
4332.820512820514 4075.3846153846157 4399.48717948718 4505.128205128206 4481.538461538462 4714.358974358975 4340.000000000001 4381.025641025642 4727.6923076923085 4062.564102564103 3940.0000000000005 4331.282051282052 4616.410256410257 4403.076923076924 
4319.48717948718 4073.8461538461543 4387.179487179487 4508.205128205129 4484.615384615385 4712.820512820514 4347.179487179487 4381.538461538462 4725.128205128206 4060.5128205128212 3941.0256410256416 4325.128205128206 4613.333333333334 4395.8974358974365 
4319.48717948718 4088.717948717949 4402.051282051282 4496.410256410257 4481.538461538462 4710.256410256411 4347.179487179487 4378.461538461539 4724.102564102564 4062.0512820512827 3944.615384615385 4328.717948717949 4615.384615384616 4393.846153846154 
4325.128205128206 4082.0512820512827 4399.48717948718 4498.974358974359 4483.076923076924 4715.8974358974365 4341.538461538462 4378.461538461539 4725.641025641026 4063.589743589744 3943.076923076924 4323.076923076924 4611.794871794872 4388.205128205129 
4335.8974358974365 4072.820512820513 4397.435897435898 4508.205128205129 4481.025641025642 4713.333333333334 4340.512820512821 4378.461538461539 4726.153846153847 4062.564102564103 3942.564102564103 4324.102564102564 4616.410256410257 4388.717948717949 
4326.666666666667 4081.538461538462 4398.974358974359 4503.589743589744 4483.589743589744 4714.358974358975 4343.076923076924 4377.948717948719 4725.128205128206 4063.076923076924 3943.076923076924 4324.615384615385 4619.48717948718 4389.2307692307695 
4328.205128205129 4081.0256410256416 4406.666666666667 4502.051282051282 4484.102564102564 4714.358974358975 4341.538461538462 4378.461538461539 4726.666666666667 4064.615384615385 3944.615384615385 4324.615384615385 4616.410256410257 4393.846153846154 
4337.948717948719 4069.23076923077 4403.589743589744 4507.6923076923085 4480.512820512821 4710.769230769231 4343.589743589744 4379.48717948718 4728.205128205129 4064.615384615385 3942.564102564103 4327.179487179487 4613.333333333334 4401.538461538462 
4334.871794871796 4073.333333333334 4396.410256410257 4502.564102564103 4479.48717948718 4709.2307692307695 4352.307692307693 4381.538461538462 4725.128205128206 4063.589743589744 3938.9743589743593 4329.2307692307695 4612.307692307693 4404.615384615385 
4330.769230769231 4084.1025641025644 4402.564102564103 4500.512820512821 4478.974358974359 4710.769230769231 4348.717948717949 4381.538461538462 4724.102564102564 4062.0512820512827 3940.5128205128212 4331.794871794872 4616.923076923077 4405.128205128206 
4326.153846153847 4078.9743589743593 4392.820512820514 4507.6923076923085 4483.076923076924 4715.384615384616 4336.410256410257 4383.076923076924 4726.153846153847 4061.0256410256416 3938.9743589743593 4323.076923076924 4614.358974358975 4400.000000000001 
4334.358974358975 4081.0256410256416 4391.794871794872 4506.666666666667 4483.076923076924 4712.307692307693 4337.435897435898 4381.025641025642 4724.615384615386 4063.076923076924 3940.5128205128212 4327.179487179487 4614.871794871796 4397.948717948719 
4325.641025641026 4088.205128205129 4392.307692307693 4497.435897435898 4484.615384615385 4714.871794871796 4352.820512820514 4383.076923076924 4725.641025641026 4064.1025641025644 3938.9743589743593 4323.076923076924 4610.769230769231 4390.769230769231 
4333.846153846154 4084.615384615385 4405.128205128206 4501.025641025642 4480.000000000001 4711.794871794872 4361.538461538462 4381.538461538462 4727.6923076923085 4061.538461538462 3942.0512820512827 4325.641025641026 4615.8974358974365 4391.282051282052 
4334.358974358975 4072.307692307693 4398.461538461539 4508.205128205129 4483.589743589744 4716.410256410257 4354.358974358975 4380.000000000001 4726.153846153847 4058.9743589743593 3939.48717948718 4320.000000000001 4611.794871794872 4388.717948717949 
4346.666666666667 4073.8461538461543 4406.153846153847 4506.666666666667 4482.051282051282 4709.743589743591 4340.512820512821 4378.974358974359 4724.102564102564 4061.538461538462 3941.0256410256416 4329.2307692307695 4614.871794871796 4394.871794871796 
4333.333333333334 4076.410256410257 4396.923076923077 4502.564102564103 4483.076923076924 4712.820512820514 4345.128205128206 4383.076923076924 4727.179487179488 4062.564102564103 3938.9743589743593 4325.641025641026 4610.256410256411 4394.358974358975 
4334.871794871796 4076.9230769230776 4398.974358974359 4505.128205128206 4479.48717948718 4713.333333333334 4357.948717948719 4381.538461538462 4727.179487179488 4061.538461538462 3941.0256410256416 4329.2307692307695 4611.282051282052 4397.435897435898 
4326.666666666667 4077.435897435898 4394.871794871796 4505.641025641026 4482.564102564103 4717.435897435898 4350.256410256411 4382.051282051282 4725.128205128206 4059.48717948718 3938.9743589743593 4324.102564102564 4612.307692307693 4397.435897435898 
4330.769230769231 4084.615384615385 4398.974358974359 4503.589743589744 4480.000000000001 4712.820512820514 4330.256410256411 4381.538461538462 4726.153846153847 4062.564102564103 3940.5128205128212 4325.128205128206 4616.923076923077 4401.025641025642 
4326.666666666667 4083.076923076924 4392.820512820514 4504.102564102564 4482.051282051282 4714.871794871796 4330.769230769231 4381.538461538462 4727.179487179488 4064.1025641025644 3941.538461538462 4323.076923076924 4611.282051282052 4398.974358974359 
4329.743589743591 4080.5128205128212 4398.974358974359 4503.589743589744 4483.076923076924 4713.846153846154 4334.358974358975 4380.512820512821 4725.128205128206 4064.1025641025644 3944.615384615385 4328.717948717949 4615.384615384616 4396.923076923077 
4332.307692307693 4081.538461538462 4405.641025641026 4501.538461538462 4482.051282051282 4711.794871794872 4329.2307692307695 4378.974358974359 4725.641025641026 4064.1025641025644 3945.1282051282055 4327.6923076923085 4619.48717948718 4397.435897435898 
4332.307692307693 4079.48717948718 4403.589743589744 4500.512820512821 4482.051282051282 4712.307692307693 4334.871794871796 4377.435897435898 4728.717948717949 4062.0512820512827 3941.538461538462 4324.615384615385 4614.358974358975 4398.461538461539 
4328.205128205129 4075.3846153846157 4398.974358974359 4503.076923076924 4483.589743589744 4713.333333333334 4349.2307692307695 4377.948717948719 4727.179487179488 4061.0256410256416 3941.538461538462 4329.743589743591 4612.307692307693 4396.410256410257 
4323.076923076924 4077.435897435898 4398.461538461539 4503.076923076924 4481.538461538462 4711.282051282052 4349.743589743591 4380.000000000001 4726.153846153847 4063.589743589744 3945.1282051282055 4329.2307692307695 4615.384615384616 4393.846153846154 
4311.282051282052 4080.0000000000005 4395.8974358974365 4503.076923076924 4483.589743589744 4718.974358974359 4342.051282051282 4382.564102564103 4724.615384615386 4062.564102564103 3941.538461538462 4320.000000000001 4607.179487179488 4389.743589743591 
4322.564102564103 4076.410256410257 4396.923076923077 4501.025641025642 4481.025641025642 4714.871794871796 4341.538461538462 4386.153846153847 4726.666666666667 4060.5128205128212 3939.48717948718 4321.025641025642 4610.769230769231 4392.307692307693 
4338.461538461539 4077.9487179487187 4418.461538461539 4501.025641025642 4468.205128205129 4690.256410256411 4343.076923076924 4379.48717948718 4730.769230769231 4064.615384615385 3952.820512820513 4345.641025641026 4636.923076923077 4409.2307692307695 
4275.8974358974365 4072.307692307693 4364.615384615385 4505.641025641026 4510.769230769231 4753.333333333334 4352.820512820514 4386.153846153847 4714.871794871796 4055.8974358974365 3921.538461538462 4290.256410256411 4573.333333333334 4370.769230769231 
4376.410256410257 4074.358974358975 4401.538461538462 4502.051282051282 4487.179487179488 4727.6923076923085 4352.820512820514 4381.538461538462 4724.615384615386 4060.0000000000005 3931.7948717948725 4313.846153846154 4601.025641025642 4391.794871794872 
4438.974358974359 4075.3846153846157 4415.384615384616 4507.179487179488 4472.820512820514 4701.538461538462 4354.871794871796 4380.000000000001 4729.2307692307695 4062.564102564103 3944.1025641025644 4333.846153846154 4626.666666666667 4406.153846153847 
4458.461538461539 4082.564102564103 4418.461538461539 4509.2307692307695 4469.2307692307695 4695.384615384616 4353.333333333334 4378.974358974359 4731.282051282052 4066.666666666667 3950.2564102564106 4343.589743589744 4636.923076923077 4410.256410256411 
4444.102564102564 4076.9230769230776 4408.205128205129 4512.307692307693 4482.051282051282 4707.179487179488 4352.820512820514 4378.461538461539 4733.846153846154 4065.6410256410263 3943.589743589744 4334.358974358975 4627.179487179488 4403.076923076924 
4417.948717948719 4070.7692307692314 4366.153846153847 4518.974358974359 4524.615384615385 4769.743589743591 4354.871794871796 4386.153846153847 4712.307692307693 4050.7692307692314 3910.7692307692314 4284.615384615385 4562.051282051282 4361.538461538462 
4467.6923076923085 4071.7948717948725 4387.179487179487 4513.846153846154 4506.153846153847 4753.846153846154 4353.333333333334 4387.6923076923085 4719.48717948718 4055.8974358974365 3921.0256410256416 4300.000000000001 4582.564102564103 4372.820512820514 
4562.051282051282 4072.820512820513 4454.358974358975 4509.2307692307695 4458.974358974359 4683.076923076924 4346.666666666667 4378.461538461539 4742.051282051282 4072.820512820513 3954.8717948717954 4359.48717948718 4652.307692307693 4416.923076923077 
4490.769230769231 4063.589743589744 4405.128205128206 4518.974358974359 4497.435897435898 4730.256410256411 4345.128205128206 4384.102564102564 4724.102564102564 4060.5128205128212 3929.2307692307695 4321.025641025642 4602.051282051282 4387.179487179487 
4426.153846153847 4064.615384615385 4351.794871794872 4516.410256410257 4529.2307692307695 4787.179487179488 4349.2307692307695 4393.846153846154 4705.128205128206 4048.717948717949 3904.615384615385 4276.923076923077 4550.256410256411 4357.948717948719 
4560.512820512821 4080.5128205128212 4472.307692307693 4498.461538461539 4434.358974358975 4647.179487179488 4346.666666666667 4373.846153846154 4753.333333333334 4077.9487179487187 3976.9230769230776 4385.641025641026 4691.794871794872 4448.205128205129 
4429.743589743591 4072.820512820513 4390.256410256411 4516.410256410257 4503.076923076924 4729.743589743591 4360.512820512821 4386.153846153847 4722.564102564103 4060.0000000000005 3933.333333333334 4309.2307692307695 4600.000000000001 4384.615384615385 
4311.282051282052 4068.205128205129 4272.307692307693 4522.564102564103 4589.2307692307695 4876.923076923077 4368.205128205129 4407.6923076923085 4676.410256410257 4033.333333333334 3861.0256410256416 4200.000000000001 4460.000000000001 4297.948717948719 
4478.461538461539 4077.435897435898 4381.538461538462 4499.48717948718 4502.051282051282 4756.923076923077 4370.256410256411 4390.256410256411 4722.564102564103 4058.9743589743593 3918.461538461539 4304.102564102564 4585.641025641026 4379.48717948718 
4560.000000000001 4073.8461538461543 4446.153846153847 4505.128205128206 4456.410256410257 4669.743589743591 4380.512820512821 4377.435897435898 4746.153846153847 4073.8461538461543 3957.9487179487182 4366.666666666667 4667.179487179488 4424.102564102564 
4479.48717948718 4058.9743589743593 4386.153846153847 4518.974358974359 4498.974358974359 4730.256410256411 4381.538461538462 4387.6923076923085 4723.589743589744 4060.0000000000005 3926.666666666667 4313.333333333334 4602.051282051282 4387.179487179487 
4489.2307692307695 4065.1282051282055 4407.179487179487 4501.538461538462 4493.333333333334 4733.846153846154 4374.358974358975 4385.641025641026 4724.102564102564 4060.0000000000005 3928.205128205129 4324.615384615385 4601.025641025642 4395.384615384616 
4510.769230769231 4070.7692307692314 4435.8974358974365 4494.358974358975 4474.871794871796 4699.48717948718 4367.6923076923085 4380.512820512821 4737.435897435898 4068.205128205129 3947.692307692308 4349.2307692307695 4634.871794871796 4406.666666666667 
4486.153846153847 4062.564102564103 4404.615384615385 4520.000000000001 4491.794871794872 4718.461538461539 4352.307692307693 4383.589743589744 4728.205128205129 4063.589743589744 3938.9743589743593 4326.666666666667 4614.358974358975 4389.743589743591 
4494.358974358975 4065.6410256410263 4409.2307692307695 4514.358974358975 4487.6923076923085 4718.974358974359 4350.256410256411 4381.538461538462 4728.205128205129 4061.538461538462 3934.8717948717954 4325.641025641026 4612.307692307693 4398.974358974359 
4505.641025641026 4079.48717948718 4422.051282051282 4495.8974358974365 4483.589743589744 4716.923076923077 4375.384615384616 4381.538461538462 4725.641025641026 4061.0256410256416 3936.410256410257 4334.871794871796 4616.923076923077 4401.538461538462 
4511.794871794872 4068.205128205129 4396.410256410257 4513.846153846154 4488.717948717949 4717.435897435898 4383.589743589744 4386.666666666667 4727.179487179488 4063.076923076924 3936.9230769230776 4328.717948717949 4619.48717948718 4392.820512820514 
4519.48717948718 4061.538461538462 4402.564102564103 4524.615384615385 4484.615384615385 4713.333333333334 4368.205128205129 4385.641025641026 4726.666666666667 4062.564102564103 3936.410256410257 4328.205128205129 4618.461538461539 4398.974358974359 
4502.051282051282 4073.333333333334 4421.025641025642 4498.461538461539 4481.025641025642 4716.923076923077 4364.102564102564 4384.615384615385 4726.666666666667 4061.538461538462 3937.9487179487182 4330.256410256411 4614.871794871796 4403.076923076924 
4499.48717948718 4069.23076923077 4406.153846153847 4505.128205128206 4486.666666666667 4719.48717948718 4374.871794871796 4382.051282051282 4728.717948717949 4062.564102564103 3939.48717948718 4331.794871794872 4614.358974358975 4394.871794871796 
4507.179487179488 4060.5128205128212 4386.666666666667 4529.743589743591 4491.794871794872 4722.051282051282 4380.000000000001 4381.538461538462 4730.256410256411 4063.589743589744 3935.3846153846157 4327.6923076923085 4615.384615384616 4390.256410256411 
4491.794871794872 4079.48717948718 4411.282051282052 4508.205128205129 4485.128205128206 4717.435897435898 4374.358974358975 4385.128205128206 4726.153846153847 4064.615384615385 3934.8717948717954 4330.769230769231 4620.512820512821 4396.923076923077 
4480.000000000001 4080.5128205128212 4415.8974358974365 4498.974358974359 4487.6923076923085 4719.48717948718 4378.974358974359 4388.205128205129 4726.666666666667 4062.0512820512827 3935.8974358974365 4329.2307692307695 4618.974358974359 4391.282051282052 
4510.769230769231 4055.3846153846157 4395.8974358974365 4526.153846153847 4488.717948717949 4717.948717948719 4390.769230769231 4382.564102564103 4730.256410256411 4060.5128205128212 3934.8717948717954 4325.641025641026 4613.333333333334 4385.128205128206 
4523.589743589744 4064.1025641025644 4409.743589743591 4516.923076923077 4478.461538461539 4713.846153846154 4384.102564102564 4377.948717948719 4725.128205128206 4062.0512820512827 3935.3846153846157 4333.846153846154 4615.384615384616 4395.8974358974365 
4494.358974358975 4076.410256410257 4425.641025641026 4492.307692307693 4477.948717948719 4716.410256410257 4372.820512820514 4383.589743589744 4723.589743589744 4062.564102564103 3934.358974358975 4334.358974358975 4616.923076923077 4400.000000000001 
4505.641025641026 4059.48717948718 4412.820512820514 4517.435897435898 4485.128205128206 4716.923076923077 4372.820512820514 4384.102564102564 4727.6923076923085 4062.0512820512827 3936.410256410257 4329.743589743591 4613.846153846154 4396.410256410257 
4510.256410256411 4058.9743589743593 4395.384615384616 4526.153846153847 4487.179487179488 4715.8974358974365 4375.8974358974365 4384.102564102564 4729.743589743591 4062.0512820512827 3937.435897435898 4324.615384615385 4607.6923076923085 4397.435897435898 
4490.769230769231 4085.6410256410263 4417.948717948719 4497.948717948719 4482.564102564103 4712.307692307693 4381.538461538462 4384.102564102564 4724.615384615386 4062.0512820512827 3938.461538461539 4332.820512820514 4616.923076923077 4401.025641025642 
4480.000000000001 4076.410256410257 4411.794871794872 4506.153846153847 4489.743589743591 4720.000000000001 4397.435897435898 4384.615384615385 4725.641025641026 4061.538461538462 3934.8717948717954 4324.102564102564 4618.461538461539 4388.717948717949 
4505.641025641026 4061.538461538462 4407.6923076923085 4529.2307692307695 4489.2307692307695 4718.461538461539 4397.948717948719 4382.051282051282 4727.179487179488 4062.564102564103 3936.410256410257 4328.205128205129 4616.923076923077 4390.256410256411 
4492.820512820514 4076.410256410257 4422.564102564103 4505.641025641026 4485.641025641026 4717.435897435898 4383.589743589744 4384.615384615385 4727.6923076923085 4061.538461538462 3935.8974358974365 4330.256410256411 4615.384615384616 4397.435897435898 
4496.410256410257 4078.9743589743593 4432.820512820514 4496.410256410257 4483.076923076924 4715.8974358974365 4382.564102564103 4382.564102564103 4724.615384615386 4060.0000000000005 3939.48717948718 4328.717948717949 4619.48717948718 4397.948717948719 
4511.282051282052 4054.8717948717954 4409.743589743591 4523.076923076924 4488.717948717949 4720.000000000001 4391.282051282052 4380.000000000001 4725.641025641026 4061.0256410256416 3937.9487179487182 4320.512820512821 4613.333333333334 4389.743589743591 
4506.666666666667 4063.076923076924 4420.512820512821 4518.974358974359 4486.666666666667 4715.8974358974365 4381.025641025642 4382.051282051282 4727.179487179488 4062.564102564103 3937.435897435898 4330.256410256411 4613.333333333334 4394.871794871796 
4488.205128205129 4081.538461538462 4420.512820512821 4502.564102564103 4485.641025641026 4717.435897435898 4362.051282051282 4387.179487179487 4728.205128205129 4061.538461538462 3936.9230769230776 4332.820512820514 4615.384615384616 4397.435897435898 
4505.641025641026 4069.23076923077 4398.974358974359 4519.48717948718 4485.641025641026 4717.948717948719 4357.948717948719 4386.666666666667 4728.205128205129 4060.0000000000005 3936.9230769230776 4330.256410256411 4615.384615384616 4394.871794871796 
4509.2307692307695 4063.076923076924 4399.48717948718 4523.076923076924 4485.641025641026 4717.948717948719 4361.025641025642 4384.615384615385 4726.666666666667 4061.538461538462 3934.358974358975 4329.2307692307695 4614.871794871796 4397.435897435898 
4491.282051282052 4077.9487179487187 4417.948717948719 4501.025641025642 4484.615384615385 4717.948717948719 4364.102564102564 4383.589743589744 4725.128205128206 4063.076923076924 3933.333333333334 4329.743589743591 4615.384615384616 4403.589743589744 
4501.538461538462 4074.358974358975 4414.358974358975 4510.769230769231 4485.128205128206 4717.948717948719 4372.307692307693 4384.102564102564 4725.641025641026 4063.076923076924 3934.358974358975 4333.846153846154 4616.923076923077 4404.102564102564 
4511.282051282052 4062.564102564103 4408.205128205129 4521.025641025642 4486.153846153847 4718.461538461539 4381.025641025642 4383.076923076924 4726.666666666667 4062.564102564103 3934.358974358975 4332.820512820514 4615.8974358974365 4397.948717948719 
4500.512820512821 4072.820512820513 4426.153846153847 4504.102564102564 4483.589743589744 4718.974358974359 4382.051282051282 4382.051282051282 4728.205128205129 4062.564102564103 3936.9230769230776 4333.846153846154 4618.974358974359 4396.410256410257 
4482.564102564103 4072.820512820513 4416.923076923077 4505.641025641026 4486.153846153847 4725.128205128206 4378.974358974359 4386.153846153847 4730.256410256411 4062.0512820512827 3934.8717948717954 4327.6923076923085 4614.871794871796 4393.333333333334 
4493.846153846154 4066.1538461538466 4407.6923076923085 4523.589743589744 4487.179487179488 4721.025641025642 4369.2307692307695 4383.589743589744 4724.102564102564 4061.538461538462 3936.410256410257 4330.256410256411 4612.820512820514 4393.333333333334 
4490.256410256411 4072.307692307693 4407.6923076923085 4512.307692307693 4488.717948717949 4720.512820512821 4364.615384615385 4382.051282051282 4723.076923076924 4060.0000000000005 3935.8974358974365 4326.153846153847 4611.282051282052 4392.307692307693 
4500.512820512821 4075.3846153846157 4418.974358974359 4502.564102564103 4483.589743589744 4720.000000000001 4371.794871794872 4381.025641025642 4727.6923076923085 4061.538461538462 3937.435897435898 4331.282051282052 4615.8974358974365 4395.8974358974365 
4506.666666666667 4063.076923076924 4404.102564102564 4516.923076923077 4486.666666666667 4724.102564102564 4374.871794871796 4383.076923076924 4727.179487179488 4063.589743589744 3936.9230769230776 4326.666666666667 4613.846153846154 4394.871794871796 
4513.333333333334 4066.666666666667 4411.794871794872 4516.923076923077 4483.589743589744 4718.974358974359 4367.6923076923085 4382.564102564103 4723.589743589744 4063.589743589744 3936.9230769230776 4332.307692307693 4615.384615384616 4400.512820512821 
4501.538461538462 4075.3846153846157 4418.974358974359 4505.641025641026 4481.538461538462 4719.48717948718 4367.179487179487 4384.102564102564 4729.743589743591 4062.0512820512827 3933.8461538461543 4329.743589743591 4614.358974358975 4402.564102564103 
4509.2307692307695 4071.7948717948725 4415.8974358974365 4511.794871794872 4484.615384615385 4723.076923076924 4374.358974358975 4383.589743589744 4729.2307692307695 4061.0256410256416 3937.9487179487182 4331.794871794872 4617.948717948719 4403.076923076924 
4496.923076923077 4067.692307692308 4403.589743589744 4515.384615384616 4491.282051282052 4729.2307692307695 4383.589743589744 4385.128205128206 4724.102564102564 4061.0256410256416 3938.9743589743593 4330.256410256411 4616.410256410257 4397.948717948719 
4482.051282051282 4074.8717948717954 4413.846153846154 4509.2307692307695 4489.2307692307695 4722.564102564103 4381.538461538462 4383.589743589744 4725.128205128206 4063.076923076924 3935.8974358974365 4334.871794871796 4614.871794871796 4394.871794871796 
4484.615384615385 4072.820512820513 4413.846153846154 4514.871794871796 4488.205128205129 4716.923076923077 4371.282051282052 4381.538461538462 4728.717948717949 4064.1025641025644 3934.8717948717954 4330.256410256411 4613.333333333334 4391.794871794872 
4502.051282051282 4069.7435897435903 4412.820512820514 4517.435897435898 4488.717948717949 4718.974358974359 4374.871794871796 4383.076923076924 4727.6923076923085 4062.0512820512827 3937.9487179487182 4325.641025641026 4613.846153846154 4389.2307692307695 
4504.102564102564 4072.307692307693 4422.564102564103 4509.2307692307695 4487.6923076923085 4722.051282051282 4384.102564102564 4383.589743589744 4727.6923076923085 4061.0256410256416 3937.435897435898 4330.769230769231 4614.871794871796 4388.205128205129 
4507.179487179488 4066.1538461538466 4420.000000000001 4511.282051282052 4485.641025641026 4720.000000000001 4376.410256410257 4381.538461538462 4728.205128205129 4062.564102564103 3935.8974358974365 4331.282051282052 4613.846153846154 4389.2307692307695 
4521.538461538462 4062.564102564103 4410.256410256411 4520.000000000001 4483.076923076924 4718.461538461539 4372.307692307693 4382.051282051282 4725.128205128206 4062.564102564103 3937.9487179487182 4331.282051282052 4614.358974358975 4396.410256410257 
4508.717948717949 4073.8461538461543 4403.076923076924 4510.256410256411 4485.128205128206 4720.512820512821 4386.153846153847 4385.641025641026 4727.179487179488 4063.076923076924 3934.358974358975 4329.2307692307695 4612.820512820514 4398.974358974359 
4502.051282051282 4079.48717948718 4407.179487179487 4506.666666666667 4488.205128205129 4718.974358974359 4382.051282051282 4383.076923076924 4728.717948717949 4064.615384615385 3932.820512820513 4330.769230769231 4616.410256410257 4401.025641025642 
4497.948717948719 4071.2820512820517 4393.846153846154 4519.48717948718 4489.2307692307695 4723.076923076924 4366.666666666667 4383.589743589744 4725.128205128206 4064.1025641025644 3932.307692307693 4322.051282051282 4613.846153846154 4400.000000000001 
4500.000000000001 4076.410256410257 4405.128205128206 4517.435897435898 4483.589743589744 4720.512820512821 4373.333333333334 4383.589743589744 4723.076923076924 4064.615384615385 3935.8974358974365 4330.256410256411 4616.410256410257 4404.615384615385 
4485.128205128206 4077.435897435898 4416.923076923077 4505.641025641026 4487.179487179488 4722.564102564103 4390.769230769231 4385.128205128206 4728.717948717949 4065.1282051282055 3933.333333333334 4329.2307692307695 4613.333333333334 4398.974358974359 
4498.974358974359 4066.666666666667 4424.102564102564 4514.871794871796 4488.205128205129 4721.025641025642 4386.153846153847 4383.076923076924 4727.6923076923085 4064.1025641025644 3935.8974358974365 4329.743589743591 4612.820512820514 4394.358974358975 
4501.025641025642 4066.1538461538466 4415.384615384616 4518.461538461539 4486.666666666667 4723.076923076924 4371.282051282052 4382.051282051282 4725.641025641026 4062.564102564103 3936.410256410257 4326.153846153847 4611.794871794872 4392.820512820514 
4498.974358974359 4075.3846153846157 4423.076923076924 4506.666666666667 4482.051282051282 4721.538461538462 4367.6923076923085 4380.000000000001 4725.128205128206 4063.589743589744 3936.410256410257 4330.256410256411 4615.384615384616 4396.923076923077 
4496.923076923077 4067.692307692308 4416.923076923077 4511.282051282052 4485.641025641026 4725.641025641026 4371.282051282052 4382.564102564103 4725.128205128206 4062.564102564103 3936.410256410257 4325.641025641026 4612.307692307693 4391.282051282052 
4505.128205128206 4064.1025641025644 4416.410256410257 4519.48717948718 4486.666666666667 4723.076923076924 4364.615384615385 4384.615384615385 4724.615384615386 4064.615384615385 3939.48717948718 4329.743589743591 4613.846153846154 4394.358974358975 
4493.333333333334 4071.2820512820517 4416.410256410257 4510.256410256411 4485.128205128206 4722.051282051282 4361.025641025642 4385.128205128206 4727.179487179488 4066.1538461538466 3937.9487179487182 4331.282051282052 4614.358974358975 4401.025641025642 
4491.794871794872 4072.307692307693 4412.307692307693 4511.282051282052 4484.102564102564 4723.076923076924 4371.282051282052 4386.666666666667 4727.6923076923085 4063.076923076924 3937.435897435898 4330.769230769231 4613.333333333334 4399.48717948718 
4496.923076923077 4066.666666666667 4407.6923076923085 4522.564102564103 4485.641025641026 4724.102564102564 4377.435897435898 4385.641025641026 4726.153846153847 4061.0256410256416 3938.461538461539 4328.717948717949 4610.769230769231 4397.948717948719 
4497.948717948719 4072.820512820513 4418.461538461539 4513.333333333334 4484.102564102564 4721.538461538462 4375.8974358974365 4383.076923076924 4725.128205128206 4062.0512820512827 3935.8974358974365 4330.769230769231 4613.333333333334 4403.076923076924 
4507.179487179488 4076.410256410257 4415.384615384616 4506.153846153847 4484.102564102564 4721.538461538462 4384.615384615385 4383.589743589744 4726.666666666667 4063.076923076924 3934.358974358975 4334.871794871796 4618.974358974359 4402.051282051282 
4516.923076923077 4069.7435897435903 4390.256410256411 4517.948717948719 4489.2307692307695 4725.128205128206 4395.8974358974365 4387.179487179487 4727.6923076923085 4063.076923076924 3936.410256410257 4326.666666666667 4616.410256410257 4395.8974358974365 
4517.435897435898 4073.8461538461543 4394.871794871796 4519.48717948718 4485.641025641026 4724.102564102564 4381.538461538462 4385.128205128206 4726.153846153847 4064.615384615385 3937.9487179487182 4327.6923076923085 4614.358974358975 4397.948717948719 
4504.102564102564 4078.461538461539 4408.717948717949 4507.6923076923085 4486.153846153847 4725.128205128206 4357.948717948719 4383.589743589744 4728.205128205129 4063.076923076924 3932.307692307693 4329.743589743591 4612.820512820514 4394.358974358975 
4509.743589743591 4070.2564102564106 4411.282051282052 4512.307692307693 4488.717948717949 4723.076923076924 4357.948717948719 4382.051282051282 4728.717948717949 4061.538461538462 3933.333333333334 4332.820512820514 4616.410256410257 4391.282051282052 
4497.948717948719 4065.1282051282055 4403.589743589744 4520.000000000001 4489.2307692307695 4723.589743589744 4374.358974358975 4382.051282051282 4727.179487179488 4063.076923076924 3934.358974358975 4323.589743589744 4613.333333333334 4391.282051282052 
4492.307692307693 4077.9487179487187 4424.102564102564 4513.846153846154 4482.564102564103 4720.000000000001 4378.461538461539 4379.48717948718 4725.641025641026 4062.564102564103 3935.3846153846157 4329.743589743591 4613.846153846154 4395.8974358974365 
4491.282051282052 4072.307692307693 4419.48717948718 4510.769230769231 4487.179487179488 4724.102564102564 4378.974358974359 4381.025641025642 4726.666666666667 4061.538461538462 3934.8717948717954 4328.205128205129 4610.769230769231 4393.333333333334 
4510.256410256411 4062.564102564103 4411.282051282052 4518.461538461539 4485.641025641026 4722.564102564103 4388.717948717949 4380.512820512821 4725.641025641026 4062.564102564103 3936.410256410257 4327.6923076923085 4613.846153846154 4394.871794871796 
4503.076923076924 4071.2820512820517 4405.641025641026 4514.358974358975 4484.615384615385 4724.615384615386 4396.923076923077 4382.564102564103 4725.128205128206 4063.589743589744 3932.820512820513 4321.025641025642 4613.846153846154 4395.384615384616 
4505.641025641026 4082.0512820512827 4409.743589743591 4511.794871794872 4487.179487179488 4721.538461538462 4391.282051282052 4384.102564102564 4723.589743589744 4062.0512820512827 3934.358974358975 4325.128205128206 4615.384615384616 4400.000000000001 
4507.179487179488 4070.2564102564106 4397.948717948719 4520.512820512821 4492.307692307693 4724.102564102564 4387.179487179487 4384.615384615385 4726.666666666667 4063.589743589744 3935.3846153846157 4322.051282051282 4610.769230769231 4398.461538461539 
4502.051282051282 4069.7435897435903 4403.589743589744 4516.923076923077 4487.6923076923085 4724.102564102564 4385.128205128206 4380.512820512821 4727.6923076923085 4065.1282051282055 3932.820512820513 4324.615384615385 4608.717948717949 4396.410256410257 
4482.564102564103 4077.9487179487187 4416.923076923077 4505.128205128206 4485.128205128206 4724.615384615386 4384.615384615385 4380.512820512821 4728.205128205129 4062.0512820512827 3930.2564102564106 4325.641025641026 4610.769230769231 4391.282051282052 
4483.076923076924 4072.820512820513 4423.589743589744 4511.794871794872 4487.6923076923085 4724.615384615386 4383.589743589744 4385.128205128206 4728.717948717949 4059.48717948718 3934.358974358975 4326.666666666667 4612.820512820514 4388.205128205129 
4489.743589743591 4065.6410256410263 4420.000000000001 4522.564102564103 4489.743589743591 4726.666666666667 4377.435897435898 4385.641025641026 4726.153846153847 4061.538461538462 3937.435897435898 4326.666666666667 4609.2307692307695 4388.717948717949 
4488.717948717949 4070.2564102564106 4416.923076923077 4514.358974358975 4487.179487179488 4726.666666666667 4366.666666666667 4383.589743589744 4724.102564102564 4063.076923076924 3935.3846153846157 4326.153846153847 4609.2307692307695 4389.743589743591 
4500.000000000001 4072.307692307693 4417.435897435898 4509.743589743591 4486.153846153847 4725.641025641026 4357.435897435898 4382.564102564103 4725.641025641026 4063.076923076924 3934.358974358975 4330.256410256411 4614.871794871796 4393.333333333334 
4511.282051282052 4067.692307692308 4406.666666666667 4516.410256410257 4491.794871794872 4727.179487179488 4354.871794871796 4383.589743589744 4726.666666666667 4062.564102564103 3933.333333333334 4328.205128205129 4613.333333333334 4396.410256410257 
4517.435897435898 4072.307692307693 4404.102564102564 4517.948717948719 4490.256410256411 4723.589743589744 4360.512820512821 4383.076923076924 4725.128205128206 4062.0512820512827 3935.3846153846157 4329.743589743591 4613.846153846154 4402.564102564103 
4508.205128205129 4073.8461538461543 4397.948717948719 4513.846153846154 4488.205128205129 4723.589743589744 4366.666666666667 4385.128205128206 4727.179487179488 4064.615384615385 3932.820512820513 4323.076923076924 4611.794871794872 4402.564102564103 
4514.358974358975 4070.7692307692314 4405.128205128206 4514.871794871796 4487.6923076923085 4723.589743589744 4360.000000000001 4381.025641025642 4726.666666666667 4066.1538461538466 3933.333333333334 4329.2307692307695 4615.384615384616 4403.589743589744 
4502.564102564103 4068.205128205129 4401.538461538462 4515.384615384616 4491.282051282052 4726.153846153847 4353.846153846154 4380.512820512821 4726.153846153847 4063.076923076924 3932.307692307693 4328.205128205129 4612.820512820514 4398.974358974359 
4496.410256410257 4074.358974358975 4411.794871794872 4513.846153846154 4487.6923076923085 4721.538461538462 4358.461538461539 4382.564102564103 4726.666666666667 4060.5128205128212 3935.8974358974365 4332.307692307693 4613.846153846154 4396.410256410257 
4486.153846153847 4076.410256410257 4412.820512820514 4513.333333333334 4487.6923076923085 4725.128205128206 4365.641025641026 4383.589743589744 4727.179487179488 4062.564102564103 3935.3846153846157 4325.641025641026 4609.743589743591 4391.282051282052 
4497.948717948719 4072.820512820513 4421.025641025642 4515.384615384616 4486.666666666667 4725.641025641026 4367.179487179487 4380.000000000001 4725.641025641026 4063.589743589744 3936.410256410257 4327.6923076923085 4612.820512820514 4389.743589743591 
4498.461538461539 4071.2820512820517 4413.846153846154 4512.820512820514 4488.205128205129 4725.641025641026 4370.256410256411 4382.564102564103 4726.153846153847 4060.5128205128212 3934.358974358975 4326.666666666667 4613.333333333334 4387.6923076923085 
4501.538461538462 4075.3846153846157 4414.871794871796 4510.256410256411 4486.666666666667 4722.564102564103 4374.358974358975 4381.538461538462 4725.128205128206 4060.5128205128212 3934.8717948717954 4327.6923076923085 4612.820512820514 4393.333333333334 
4500.512820512821 4070.2564102564106 4410.256410256411 4516.410256410257 4489.2307692307695 4726.153846153847 4373.846153846154 4383.076923076924 4727.179487179488 4062.564102564103 3935.3846153846157 4320.512820512821 4610.769230769231 4393.333333333334 
4506.666666666667 4068.717948717949 4410.256410256411 4521.538461538462 4487.6923076923085 4723.589743589744 4366.666666666667 4386.666666666667 4727.6923076923085 4061.538461538462 3934.8717948717954 4322.564102564103 4613.333333333334 4394.871794871796 
4504.102564102564 4075.8974358974365 4410.769230769231 4515.8974358974365 4484.615384615385 4720.512820512821 4364.615384615385 4387.6923076923085 4726.666666666667 4061.538461538462 3932.307692307693 4328.205128205129 4616.410256410257 4400.000000000001 
4499.48717948718 4077.9487179487187 4411.794871794872 4513.333333333334 4487.6923076923085 4722.564102564103 4369.743589743591 4386.153846153847 4727.179487179488 4064.1025641025644 3933.333333333334 4326.666666666667 4616.923076923077 4402.564102564103 
4500.512820512821 4072.307692307693 4410.769230769231 4519.48717948718 4490.256410256411 4723.076923076924 4367.6923076923085 4383.589743589744 4728.205128205129 4065.1282051282055 3935.3846153846157 4326.153846153847 4614.358974358975 4403.589743589744 
4496.923076923077 4072.820512820513 4412.307692307693 4514.358974358975 4486.153846153847 4722.564102564103 4359.48717948718 4382.564102564103 4729.2307692307695 4063.589743589744 3932.820512820513 4327.6923076923085 4611.282051282052 4403.076923076924 
4496.410256410257 4076.410256410257 4420.512820512821 4509.2307692307695 4483.076923076924 4723.076923076924 4358.461538461539 4382.564102564103 4727.6923076923085 4063.589743589744 3934.358974358975 4331.794871794872 4614.358974358975 4400.000000000001 
4494.871794871796 4072.307692307693 4410.256410256411 4513.846153846154 4489.2307692307695 4727.179487179488 4359.48717948718 4386.666666666667 4727.179487179488 4064.1025641025644 3935.3846153846157 4326.666666666667 4615.384615384616 4388.717948717949 
4501.538461538462 4071.2820512820517 4414.358974358975 4516.410256410257 4488.205128205129 4722.564102564103 4352.307692307693 4383.589743589744 4726.666666666667 4064.615384615385 3935.3846153846157 4329.2307692307695 4613.333333333334 4387.6923076923085 
4498.461538461539 4072.307692307693 4417.948717948719 4510.769230769231 4487.6923076923085 4722.564102564103 4351.794871794872 4381.538461538462 4727.179487179488 4063.589743589744 3934.8717948717954 4327.179487179487 4608.717948717949 4390.256410256411 
4513.846153846154 4071.7948717948725 4417.948717948719 4512.307692307693 4487.179487179488 4722.564102564103 4358.974358974359 4382.564102564103 4724.615384615386 4062.564102564103 3940.0000000000005 4333.333333333334 4615.8974358974365 4393.846153846154 
4509.2307692307695 4065.6410256410263 4408.717948717949 4517.435897435898 4489.2307692307695 4725.128205128206 4361.538461538462 4386.666666666667 4725.641025641026 4061.538461538462 3936.9230769230776 4327.6923076923085 4616.410256410257 4392.820512820514 
4513.846153846154 4070.7692307692314 4420.000000000001 4518.974358974359 4484.102564102564 4719.48717948718 4366.153846153847 4383.589743589744 4726.153846153847 4062.0512820512827 3936.410256410257 4329.743589743591 4616.923076923077 4400.512820512821 
4514.358974358975 4076.9230769230776 4410.256410256411 4513.333333333334 4484.615384615385 4720.000000000001 4383.076923076924 4381.538461538462 4725.128205128206 4063.076923076924 3933.333333333334 4329.2307692307695 4615.384615384616 4406.153846153847 
4514.358974358975 4078.461538461539 4403.589743589744 4510.256410256411 4485.128205128206 4720.512820512821 4390.256410256411 4383.589743589744 4724.102564102564 4062.564102564103 3933.8461538461543 4333.846153846154 4616.923076923077 4406.153846153847 
4497.435897435898 4071.7948717948725 4400.000000000001 4520.000000000001 4487.6923076923085 4725.128205128206 4377.435897435898 4386.666666666667 4727.179487179488 4063.589743589744 3933.8461538461543 4326.666666666667 4613.846153846154 4396.410256410257 
4505.128205128206 4075.8974358974365 4416.410256410257 4522.051282051282 4485.128205128206 4721.538461538462 4364.102564102564 4381.538461538462 4726.666666666667 4064.615384615385 3935.8974358974365 4327.179487179487 4615.8974358974365 4397.948717948719 
4507.6923076923085 4084.615384615385 4422.051282051282 4505.128205128206 4483.076923076924 4720.512820512821 4372.307692307693 4378.461538461539 4725.641025641026 4064.1025641025644 3935.3846153846157 4329.743589743591 4614.358974358975 4398.974358974359 
4502.051282051282 4076.9230769230776 4415.384615384616 4510.256410256411 4486.666666666667 4723.589743589744 4388.205128205129 4380.000000000001 4727.179487179488 4063.076923076924 3934.358974358975 4327.6923076923085 4614.358974358975 4387.6923076923085 
4502.051282051282 4063.589743589744 4416.410256410257 4529.2307692307695 4490.769230769231 4725.128205128206 4396.410256410257 4382.564102564103 4726.666666666667 4061.538461538462 3935.8974358974365 4322.051282051282 4616.923076923077 4384.102564102564 
4500.000000000001 4072.820512820513 4429.743589743591 4512.820512820514 4487.179487179488 4720.512820512821 4399.48717948718 4383.589743589744 4724.102564102564 4061.0256410256416 3937.9487179487182 4326.666666666667 4616.410256410257 4394.358974358975 
4502.051282051282 4077.9487179487187 4420.512820512821 4501.025641025642 4485.128205128206 4721.025641025642 4395.384615384616 4382.051282051282 4725.128205128206 4063.589743589744 3938.461538461539 4332.820512820514 4615.384615384616 4396.923076923077 
4505.641025641026 4065.6410256410263 4396.923076923077 4521.025641025642 4488.717948717949 4724.102564102564 4386.666666666667 4382.051282051282 4730.769230769231 4065.1282051282055 3935.8974358974365 4324.102564102564 4614.358974358975 4388.717948717949 
4500.000000000001 4073.333333333334 4417.435897435898 4519.48717948718 4484.615384615385 4718.461538461539 4383.076923076924 4382.564102564103 4730.769230769231 4064.615384615385 3935.8974358974365 4326.666666666667 4617.435897435898 4398.974358974359 
4490.769230769231 4083.076923076924 4423.589743589744 4501.025641025642 4483.589743589744 4721.025641025642 4390.769230769231 4386.153846153847 4725.641025641026 4064.1025641025644 3932.820512820513 4330.769230769231 4613.333333333334 4407.179487179487 
4513.333333333334 4070.7692307692314 4403.589743589744 4516.923076923077 4487.179487179488 4723.589743589744 4400.000000000001 4384.102564102564 4724.102564102564 4063.589743589744 3933.333333333334 4334.358974358975 4612.820512820514 4403.589743589744 
4505.128205128206 4067.1794871794878 4396.410256410257 4526.153846153847 4489.743589743591 4722.564102564103 4407.6923076923085 4383.076923076924 4729.2307692307695 4063.589743589744 3934.358974358975 4324.615384615385 4615.384615384616 4397.435897435898 
4490.769230769231 4083.589743589744 4426.153846153847 4507.6923076923085 4482.564102564103 4718.461538461539 4407.179487179487 4381.025641025642 4728.717948717949 4065.1282051282055 3936.410256410257 4329.2307692307695 4621.538461538462 4401.025641025642 
4494.358974358975 4072.820512820513 4419.48717948718 4510.769230769231 4483.589743589744 4724.102564102564 4413.846153846154 4383.076923076924 4728.205128205129 4063.076923076924 3932.307692307693 4326.666666666667 4613.333333333334 4393.846153846154 
4515.8974358974365 4062.0512820512827 4408.205128205129 4526.153846153847 4486.153846153847 4722.564102564103 4424.615384615385 4382.564102564103 4726.666666666667 4060.0000000000005 3935.8974358974365 4330.256410256411 4612.820512820514 4390.769230769231 
4495.384615384616 4075.8974358974365 4417.435897435898 4511.282051282052 4489.2307692307695 4722.051282051282 4423.589743589744 4382.564102564103 4724.615384615386 4062.0512820512827 3937.435897435898 4327.179487179487 4618.461538461539 4391.282051282052 
4495.8974358974365 4077.9487179487187 4433.846153846154 4504.615384615385 4484.615384615385 4720.000000000001 4420.000000000001 4381.025641025642 4723.589743589744 4063.589743589744 3936.9230769230776 4330.769230769231 4621.538461538462 4393.333333333334 
4512.307692307693 4057.9487179487182 4413.333333333334 4521.538461538462 4485.128205128206 4724.102564102564 4428.717948717949 4382.051282051282 4728.205128205129 4060.5128205128212 3932.307692307693 4327.6923076923085 4614.358974358975 4392.820512820514 
4514.358974358975 4067.692307692308 4410.256410256411 4516.410256410257 4486.666666666667 4720.512820512821 4435.384615384616 4382.564102564103 4728.205128205129 4061.0256410256416 3932.820512820513 4328.205128205129 4613.333333333334 4398.974358974359 
4496.923076923077 4083.076923076924 4418.974358974359 4503.076923076924 4486.153846153847 4718.461538461539 4434.358974358975 4382.564102564103 4724.615384615386 4064.615384615385 3933.8461538461543 4330.256410256411 4615.8974358974365 4402.564102564103 
4503.076923076924 4069.7435897435903 4411.282051282052 4514.358974358975 4486.153846153847 4722.051282051282 4434.358974358975 4383.076923076924 4724.615384615386 4062.0512820512827 3934.358974358975 4330.256410256411 4614.871794871796 4398.974358974359 
4513.333333333334 4064.1025641025644 4402.564102564103 4519.48717948718 4488.717948717949 4725.641025641026 4438.461538461539 4383.589743589744 4726.153846153847 4058.9743589743593 3934.358974358975 4329.743589743591 4611.282051282052 4396.923076923077 
4499.48717948718 4082.564102564103 4410.256410256411 4507.179487179488 4487.179487179488 4722.564102564103 4442.051282051282 4381.538461538462 4727.6923076923085 4063.076923076924 3934.8717948717954 4327.6923076923085 4612.307692307693 4396.923076923077 
4496.410256410257 4079.48717948718 4415.8974358974365 4513.333333333334 4483.589743589744 4721.025641025642 4434.358974358975 4380.512820512821 4726.153846153847 4066.666666666667 3935.3846153846157 4327.6923076923085 4616.410256410257 4395.8974358974365 
4498.461538461539 4058.9743589743593 4406.153846153847 4523.589743589744 4489.2307692307695 4724.102564102564 4420.000000000001 4383.589743589744 4725.128205128206 4064.615384615385 3932.307692307693 4324.102564102564 4610.256410256411 4389.743589743591 
4497.948717948719 4067.1794871794878 4421.538461538462 4515.384615384616 4487.6923076923085 4719.48717948718 4412.820512820514 4382.051282051282 4724.615384615386 4062.564102564103 3933.333333333334 4330.769230769231 4608.717948717949 4391.794871794872 
4487.6923076923085 4078.461538461539 4426.153846153847 4508.205128205129 4484.102564102564 4721.538461538462 4415.384615384616 4384.102564102564 4724.615384615386 4064.615384615385 3933.8461538461543 4326.666666666667 4610.256410256411 4391.794871794872 
4503.076923076924 4066.666666666667 4423.076923076924 4516.923076923077 4482.564102564103 4723.076923076924 4413.846153846154 4384.615384615385 4723.589743589744 4065.6410256410263 3935.8974358974365 4327.6923076923085 4617.435897435898 4390.769230769231 
4498.461538461539 4058.9743589743593 4414.871794871796 4515.8974358974365 4488.717948717949 4727.6923076923085 4410.256410256411 4384.615384615385 4726.153846153847 4063.076923076924 3933.333333333334 4326.666666666667 4614.358974358975 4389.2307692307695 
4490.769230769231 4075.3846153846157 4421.025641025642 4508.717948717949 4486.153846153847 4723.076923076924 4410.769230769231 4382.564102564103 4727.6923076923085 4061.538461538462 3935.3846153846157 4333.846153846154 4614.358974358975 4398.974358974359 
4486.666666666667 4078.461538461539 4401.025641025642 4512.820512820514 4487.6923076923085 4723.589743589744 4416.410256410257 4384.615384615385 4729.2307692307695 4062.564102564103 3936.410256410257 4326.666666666667 4613.333333333334 4398.461538461539 
4501.025641025642 4070.7692307692314 4399.48717948718 4518.461538461539 4488.205128205129 4722.564102564103 4412.307692307693 4382.564102564103 4726.666666666667 4063.589743589744 3935.8974358974365 4328.717948717949 4615.384615384616 4396.923076923077 
4494.358974358975 4071.2820512820517 4412.820512820514 4513.333333333334 4488.717948717949 4723.589743589744 4409.2307692307695 4383.076923076924 4725.128205128206 4063.589743589744 3933.8461538461543 4327.179487179487 4613.333333333334 4398.461538461539 
4496.410256410257 4076.9230769230776 4421.538461538462 4511.282051282052 4486.153846153847 4721.538461538462 4417.435897435898 4382.051282051282 4724.615384615386 4063.589743589744 3936.410256410257 4328.717948717949 4613.846153846154 4401.025641025642 
4502.564102564103 4070.7692307692314 4410.256410256411 4515.8974358974365 4488.205128205129 4724.102564102564 4416.410256410257 4379.48717948718 4726.153846153847 4063.076923076924 3936.9230769230776 4323.589743589744 4611.794871794872 4394.871794871796 
4506.666666666667 4066.666666666667 4417.948717948719 4514.358974358975 4488.205128205129 4722.564102564103 4401.538461538462 4381.538461538462 4726.666666666667 4063.076923076924 3936.410256410257 4327.179487179487 4614.358974358975 4392.820512820514 
4498.461538461539 4069.23076923077 4426.666666666667 4511.282051282052 4488.205128205129 4722.051282051282 4402.051282051282 4386.153846153847 4727.6923076923085 4063.076923076924 3935.3846153846157 4329.2307692307695 4616.923076923077 4395.384615384616 
4496.410256410257 4070.2564102564106 4416.410256410257 4513.846153846154 4487.179487179488 4723.076923076924 4414.871794871796 4386.153846153847 4726.666666666667 4063.589743589744 3935.3846153846157 4326.666666666667 4613.333333333334 4394.871794871796 
4500.000000000001 4068.717948717949 4407.179487179487 4516.923076923077 4485.641025641026 4724.615384615386 4412.820512820514 4384.615384615385 4725.641025641026 4063.589743589744 3936.9230769230776 4327.6923076923085 4611.794871794872 4394.871794871796 
4497.435897435898 4070.2564102564106 4409.743589743591 4511.794871794872 4486.153846153847 4723.589743589744 4405.641025641026 4386.153846153847 4729.2307692307695 4063.076923076924 3936.410256410257 4327.179487179487 4614.871794871796 4395.8974358974365 
4502.564102564103 4072.307692307693 4417.948717948719 4510.256410256411 4483.589743589744 4720.512820512821 4409.2307692307695 4384.102564102564 4727.6923076923085 4064.615384615385 3935.8974358974365 4331.794871794872 4617.948717948719 4399.48717948718 
4507.6923076923085 4066.666666666667 4407.6923076923085 4514.871794871796 4484.102564102564 4720.512820512821 4409.743589743591 4382.051282051282 4726.153846153847 4065.1282051282055 3932.307692307693 4329.743589743591 4613.333333333334 4399.48717948718 
4518.974358974359 4068.205128205129 4407.6923076923085 4516.410256410257 4486.153846153847 4719.48717948718 4403.076923076924 4379.48717948718 4726.153846153847 4064.1025641025644 3933.8461538461543 4332.307692307693 4614.358974358975 4401.538461538462 
4504.615384615385 4074.8717948717954 4402.564102564103 4511.282051282052 4490.256410256411 4723.076923076924 4406.666666666667 4382.051282051282 4725.641025641026 4061.538461538462 3933.333333333334 4327.179487179487 4612.820512820514 4396.923076923077 
4505.128205128206 4073.8461538461543 4405.128205128206 4512.820512820514 4485.641025641026 4719.48717948718 4408.717948717949 4383.076923076924 4724.615384615386 4063.076923076924 3934.8717948717954 4330.769230769231 4617.435897435898 4397.435897435898 
4498.461538461539 4064.615384615385 4401.025641025642 4515.384615384616 4485.641025641026 4719.48717948718 4399.48717948718 4385.641025641026 4729.2307692307695 4066.666666666667 3936.410256410257 4326.666666666667 4616.923076923077 4397.435897435898 
4493.333333333334 4070.7692307692314 4413.846153846154 4511.794871794872 4486.153846153847 4716.923076923077 4395.384615384616 4384.615384615385 4729.2307692307695 4068.717948717949 3940.0000000000005 4329.743589743591 4617.435897435898 4396.410256410257 
4480.000000000001 4075.3846153846157 4417.435897435898 4508.205128205129 4488.717948717949 4720.000000000001 4400.512820512821 4385.128205128206 4727.6923076923085 4066.1538461538466 3936.9230769230776 4326.666666666667 4614.871794871796 4390.769230769231 
4493.846153846154 4068.205128205129 4425.128205128206 4511.282051282052 4485.641025641026 4716.923076923077 4389.743589743591 4381.538461538462 4728.205128205129 4063.076923076924 3938.9743589743593 4329.743589743591 4614.871794871796 4395.384615384616 
4496.410256410257 4063.076923076924 4418.461538461539 4512.307692307693 4486.666666666667 4718.974358974359 4378.461538461539 4382.564102564103 4729.2307692307695 4063.076923076924 3940.5128205128212 4325.128205128206 4613.333333333334 4396.923076923077 
4498.461538461539 4073.8461538461543 4411.282051282052 4511.794871794872 4484.615384615385 4720.000000000001 4389.2307692307695 4384.615384615385 4726.666666666667 4063.076923076924 3935.8974358974365 4327.179487179487 4617.435897435898 4396.923076923077 
4504.102564102564 4074.8717948717954 4401.538461538462 4514.871794871796 4487.179487179488 4719.48717948718 4401.025641025642 4384.615384615385 4727.6923076923085 4063.076923076924 3934.8717948717954 4328.205128205129 4616.923076923077 4397.948717948719 
4509.743589743591 4070.7692307692314 4405.641025641026 4516.410256410257 4488.205128205129 4717.948717948719 4401.025641025642 4382.564102564103 4728.717948717949 4064.1025641025644 3941.0256410256416 4327.6923076923085 4613.333333333334 4402.564102564103 
4501.025641025642 4072.307692307693 4414.358974358975 4512.820512820514 4484.615384615385 4719.48717948718 4400.512820512821 4382.564102564103 4728.205128205129 4064.1025641025644 3939.48717948718 4326.153846153847 4614.871794871796 4404.615384615385 
4493.333333333334 4071.7948717948725 4410.769230769231 4514.358974358975 4483.589743589744 4721.538461538462 4400.000000000001 4384.102564102564 4727.179487179488 4064.615384615385 3934.8717948717954 4326.666666666667 4617.948717948719 4400.000000000001 
4494.871794871796 4069.7435897435903 4408.717948717949 4517.948717948719 4485.128205128206 4723.076923076924 4394.871794871796 4382.564102564103 4726.153846153847 4065.1282051282055 3937.9487179487182 4331.794871794872 4616.923076923077 4397.948717948719 
4492.307692307693 4072.307692307693 4411.282051282052 4513.333333333334 4486.666666666667 4725.128205128206 4399.48717948718 4381.538461538462 4727.6923076923085 4065.1282051282055 3937.9487179487182 4329.2307692307695 4612.307692307693 4396.410256410257 
4502.051282051282 4074.8717948717954 4412.820512820514 4513.846153846154 4487.179487179488 4721.025641025642 4405.128205128206 4381.025641025642 4725.641025641026 4062.564102564103 3937.9487179487182 4329.743589743591 4616.410256410257 4393.333333333334 
4507.179487179488 4068.205128205129 4408.205128205129 4517.948717948719 4491.282051282052 4718.974358974359 4401.538461538462 4381.538461538462 4726.666666666667 4062.0512820512827 3937.9487179487182 4323.076923076924 4617.435897435898 4391.794871794872 
4514.871794871796 4068.717948717949 4426.153846153847 4512.820512820514 4485.128205128206 4716.923076923077 4400.000000000001 4379.48717948718 4725.641025641026 4063.589743589744 3937.9487179487182 4330.256410256411 4616.410256410257 4402.564102564103 
4506.153846153847 4070.7692307692314 4413.846153846154 4508.717948717949 4485.128205128206 4721.538461538462 4407.6923076923085 4380.000000000001 4724.102564102564 4063.076923076924 3933.333333333334 4328.205128205129 4610.256410256411 4397.435897435898 
4512.307692307693 4070.7692307692314 4400.000000000001 4519.48717948718 4487.6923076923085 4720.512820512821 4409.743589743591 4380.512820512821 4723.076923076924 4061.538461538462 3936.410256410257 4329.743589743591 4614.358974358975 4391.282051282052 
4500.000000000001 4070.7692307692314 4408.717948717949 4516.410256410257 4488.717948717949 4720.512820512821 4410.256410256411 4381.025641025642 4725.641025641026 4060.5128205128212 3935.8974358974365 4326.666666666667 4616.410256410257 4400.000000000001 
4493.333333333334 4076.410256410257 4434.358974358975 4503.589743589744 4482.564102564103 4718.974358974359 4412.307692307693 4379.48717948718 4725.641025641026 4061.0256410256416 3933.8461538461543 4332.820512820514 4616.410256410257 4410.256410256411 
4493.846153846154 4070.2564102564106 4411.794871794872 4511.282051282052 4484.615384615385 4722.051282051282 4410.769230769231 4383.076923076924 4727.179487179488 4063.076923076924 3934.358974358975 4329.2307692307695 4611.282051282052 4400.000000000001 
4511.794871794872 4068.205128205129 4396.923076923077 4521.538461538462 4486.666666666667 4718.974358974359 4409.743589743591 4382.564102564103 4728.205128205129 4064.615384615385 3938.9743589743593 4329.743589743591 4616.923076923077 4395.8974358974365 
4503.076923076924 4076.410256410257 4406.666666666667 4511.282051282052 4488.717948717949 4722.051282051282 4421.025641025642 4383.076923076924 4725.128205128206 4063.076923076924 3935.3846153846157 4325.128205128206 4617.435897435898 4397.948717948719 
4501.538461538462 4076.9230769230776 4420.000000000001 4509.743589743591 4487.6923076923085 4721.025641025642 4424.102564102564 4387.179487179487 4722.564102564103 4063.076923076924 3932.820512820513 4324.102564102564 4613.846153846154 4396.923076923077 
4512.820512820514 4066.666666666667 4411.282051282052 4522.051282051282 4488.205128205129 4718.461538461539 4413.333333333334 4387.179487179487 4724.102564102564 4064.615384615385 3935.8974358974365 4323.589743589744 4613.333333333334 4392.820512820514 
4511.282051282052 4071.7948717948725 4414.358974358975 4517.435897435898 4487.6923076923085 4716.410256410257 4413.846153846154 4381.025641025642 4726.666666666667 4064.615384615385 3937.9487179487182 4326.666666666667 4618.974358974359 4395.384615384616 
4494.871794871796 4077.435897435898 4429.743589743591 4508.717948717949 4485.128205128206 4718.461538461539 4424.102564102564 4380.000000000001 4727.6923076923085 4063.076923076924 3939.48717948718 4328.205128205129 4617.948717948719 4396.410256410257 
4493.846153846154 4068.205128205129 4419.48717948718 4516.410256410257 4486.666666666667 4720.512820512821 4416.410256410257 4384.615384615385 4727.179487179488 4064.1025641025644 3941.0256410256416 4327.6923076923085 4611.282051282052 4394.871794871796 
4502.051282051282 4068.717948717949 4406.153846153847 4522.051282051282 4488.205128205129 4721.025641025642 4394.358974358975 4383.076923076924 4725.641025641026 4064.1025641025644 3939.48717948718 4332.307692307693 4611.282051282052 4397.435897435898 
4489.2307692307695 4079.48717948718 4409.743589743591 4511.794871794872 4487.179487179488 4720.512820512821 4384.102564102564 4382.564102564103 4726.153846153847 4061.538461538462 3934.358974358975 4328.717948717949 4614.358974358975 4398.461538461539 
4494.871794871796 4077.435897435898 4423.076923076924 4511.794871794872 4483.589743589744 4718.974358974359 4394.358974358975 4382.564102564103 4726.666666666667 4063.076923076924 3934.8717948717954 4329.743589743591 4616.410256410257 4397.435897435898 
4502.564102564103 4067.1794871794878 4404.615384615385 4520.000000000001 4489.2307692307695 4724.615384615386 4406.666666666667 4386.153846153847 4727.6923076923085 4064.615384615385 3933.333333333334 4325.128205128206 4611.282051282052 4393.333333333334 
4510.769230769231 4074.358974358975 4406.666666666667 4516.410256410257 4487.179487179488 4717.948717948719 4401.538461538462 4384.102564102564 4724.102564102564 4061.538461538462 3934.8717948717954 4328.717948717949 4616.923076923077 4397.948717948719 
4504.102564102564 4075.3846153846157 4416.923076923077 4509.2307692307695 4484.615384615385 4717.435897435898 4401.538461538462 4382.051282051282 4724.615384615386 4060.0000000000005 3934.358974358975 4322.564102564103 4617.435897435898 4398.974358974359 
4518.974358974359 4065.1282051282055 4415.384615384616 4515.8974358974365 4483.076923076924 4719.48717948718 4411.794871794872 4378.461538461539 4725.128205128206 4064.615384615385 3937.9487179487182 4331.794871794872 4617.435897435898 4403.076923076924 
4508.205128205129 4062.0512820512827 4404.102564102564 4517.948717948719 4488.205128205129 4723.076923076924 4412.820512820514 4379.48717948718 4724.615384615386 4066.1538461538466 3937.435897435898 4331.794871794872 4613.846153846154 4400.512820512821 
4491.282051282052 4074.358974358975 4435.384615384616 4512.307692307693 4486.666666666667 4718.461538461539 4410.256410256411 4380.512820512821 4723.589743589744 4064.1025641025644 3935.8974358974365 4329.2307692307695 4615.8974358974365 4398.461538461539 
4487.179487179488 4073.333333333334 4440.512820512821 4511.282051282052 4485.641025641026 4721.538461538462 4420.512820512821 4383.076923076924 4725.641025641026 4063.076923076924 3932.307692307693 4323.589743589744 4613.846153846154 4396.410256410257 
4513.333333333334 4066.1538461538466 4416.410256410257 4516.923076923077 4485.128205128206 4721.538461538462 4426.666666666667 4381.025641025642 4724.615384615386 4063.076923076924 3934.358974358975 4329.2307692307695 4616.410256410257 4398.974358974359 
4512.820512820514 4072.820512820513 4403.076923076924 4518.461538461539 4487.179487179488 4722.051282051282 4420.000000000001 4379.48717948718 4725.128205128206 4061.0256410256416 3934.8717948717954 4330.256410256411 4615.384615384616 4398.974358974359 
4496.410256410257 4084.1025641025644 4413.333333333334 4517.948717948719 4484.615384615385 4721.538461538462 4417.435897435898 4380.512820512821 4726.666666666667 4060.5128205128212 3934.358974358975 4331.282051282052 4614.871794871796 4397.948717948719 
4505.641025641026 4073.333333333334 4413.333333333334 4517.435897435898 4484.615384615385 4720.000000000001 4421.538461538462 4381.538461538462 4724.102564102564 4062.564102564103 3936.9230769230776 4331.282051282052 4615.8974358974365 4400.000000000001 
4527.6923076923085 4063.076923076924 4412.820512820514 4515.8974358974365 4485.641025641026 4718.461538461539 4418.974358974359 4383.076923076924 4723.589743589744 4064.1025641025644 3936.410256410257 4326.666666666667 4614.358974358975 4400.000000000001 
4514.871794871796 4074.358974358975 4415.8974358974365 4517.435897435898 4484.102564102564 4720.000000000001 4420.000000000001 4382.564102564103 4725.128205128206 4064.615384615385 3934.358974358975 4326.153846153847 4611.282051282052 4395.384615384616 
4484.102564102564 4081.0256410256416 4408.717948717949 4520.000000000001 4487.179487179488 4723.589743589744 4436.410256410257 4384.102564102564 4724.615384615386 4064.615384615385 3934.358974358975 4323.076923076924 4610.256410256411 4387.6923076923085 
