4351.794871794872 4077.435897435898 4380.000000000001 4511.794871794872 4484.615384615385 4706.153846153847 3735.8974358974365 4384.615384615385 4726.666666666667 4064.1025641025644 3941.0256410256416 4329.2307692307695 4612.820512820514 4396.923076923077 
4351.794871794872 4075.8974358974365 4394.871794871796 4507.6923076923085 4481.025641025642 4702.051282051282 3738.461538461539 4380.512820512821 4724.615384615386 4062.0512820512827 3943.076923076924 4332.820512820514 4614.871794871796 4400.000000000001 
4340.512820512821 4073.8461538461543 4398.461538461539 4500.512820512821 4482.564102564103 4701.538461538462 3738.461538461539 4381.538461538462 4724.615384615386 4064.1025641025644 3941.538461538462 4332.820512820514 4610.256410256411 4395.384615384616 
4331.794871794872 4071.2820512820517 4404.615384615385 4501.025641025642 4484.615384615385 4704.615384615386 3741.538461538462 4381.025641025642 4723.589743589744 4066.1538461538466 3941.0256410256416 4337.435897435898 4607.179487179488 4392.820512820514 
4306.153846153847 4065.6410256410263 4383.076923076924 4501.538461538462 4496.410256410257 4726.666666666667 3757.9487179487182 4380.512820512821 4717.948717948719 4061.0256410256416 3930.7692307692314 4320.512820512821 4587.179487179488 4378.974358974359 
4378.461538461539 4081.0256410256416 4425.641025641026 4497.435897435898 4466.666666666667 4687.179487179488 3747.1794871794878 4373.846153846154 4734.358974358975 4069.7435897435903 3951.2820512820517 4355.8974358974365 4636.923076923077 4410.769230769231 
4340.000000000001 4074.358974358975 4404.615384615385 4502.564102564103 4483.076923076924 4701.025641025642 3758.461538461539 4380.512820512821 4726.153846153847 4066.666666666667 3941.538461538462 4343.076923076924 4613.846153846154 4395.384615384616 
4286.666666666667 4061.538461538462 4338.461538461539 4505.641025641026 4526.666666666667 4766.153846153847 3777.435897435898 4392.820512820514 4696.410256410257 4050.7692307692314 3903.589743589744 4285.128205128206 4531.794871794872 4344.102564102564 
4553.333333333334 4097.948717948719 4477.435897435898 4508.717948717949 4432.307692307693 4637.435897435898 3719.48717948718 4370.769230769231 4757.948717948719 4080.0000000000005 3974.358974358975 4395.8974358974365 4697.435897435898 4451.282051282052 
4696.410256410257 4106.666666666667 4552.307692307693 4520.512820512821 4387.6923076923085 4566.153846153847 3699.48717948718 4360.000000000001 4786.153846153847 4093.8461538461543 4014.8717948717954 4459.48717948718 4784.615384615386 4505.128205128206 
4530.256410256411 4070.2564102564106 4430.769230769231 4525.128205128206 4473.333333333334 4687.179487179488 3754.358974358975 4377.435897435898 4730.256410256411 4066.666666666667 3949.7435897435903 4358.974358974359 4635.8974358974365 4409.743589743591 
4433.333333333334 4056.9230769230776 4350.769230769231 4522.564102564103 4523.076923076924 4767.6923076923085 3783.076923076924 4387.179487179487 4701.538461538462 4051.2820512820517 3905.6410256410263 4290.256410256411 4543.589743589744 4352.820512820514 
4542.051282051282 4080.0000000000005 4435.8974358974365 4520.000000000001 4465.128205128206 4688.205128205129 3752.820512820513 4375.384615384616 4737.435897435898 4069.7435897435903 3949.2307692307695 4363.589743589744 4641.025641025642 4415.384615384616 
4487.6923076923085 4071.2820512820517 4420.000000000001 4518.461538461539 4482.051282051282 4705.128205128206 3772.307692307693 4381.025641025642 4727.6923076923085 4067.1794871794878 3939.48717948718 4350.256410256411 4614.871794871796 4397.948717948719 
4463.589743589744 4069.23076923077 4402.051282051282 4516.923076923077 4498.974358974359 4732.307692307693 3788.205128205129 4384.102564102564 4716.923076923077 4061.0256410256416 3924.615384615385 4323.589743589744 4585.128205128206 4378.974358974359 
4504.615384615385 4074.358974358975 4427.179487179487 4519.48717948718 4480.512820512821 4707.6923076923085 3781.0256410256416 4375.8974358974365 4729.743589743591 4063.589743589744 3938.9743589743593 4341.025641025642 4617.948717948719 4398.974358974359 
4490.769230769231 4068.205128205129 4419.48717948718 4511.794871794872 4487.179487179488 4718.461538461539 3779.48717948718 4376.923076923077 4720.000000000001 4062.0512820512827 3932.820512820513 4337.435897435898 4601.025641025642 4386.666666666667 
4495.384615384616 4066.666666666667 4423.589743589744 4505.641025641026 4486.666666666667 4714.358974358975 3775.8974358974365 4380.000000000001 4725.128205128206 4067.1794871794878 3937.9487179487182 4340.512820512821 4608.717948717949 4390.769230769231 
4495.384615384616 4067.692307692308 4424.102564102564 4513.333333333334 4487.6923076923085 4717.435897435898 3782.564102564103 4380.512820512821 4724.615384615386 4063.589743589744 3937.435897435898 4339.48717948718 4610.256410256411 4394.358974358975 
4481.025641025642 4067.1794871794878 4417.948717948719 4513.846153846154 4487.6923076923085 4719.48717948718 3786.1538461538466 4382.564102564103 4724.615384615386 4062.564102564103 3932.307692307693 4336.923076923077 4605.641025641026 4392.307692307693 
4481.538461538462 4069.7435897435903 4418.974358974359 4511.282051282052 4486.153846153847 4714.358974358975 3783.076923076924 4383.589743589744 4724.102564102564 4065.1282051282055 3933.333333333334 4339.48717948718 4605.128205128206 4395.384615384616 
4486.153846153847 4070.2564102564106 4409.743589743591 4511.794871794872 4489.2307692307695 4718.461538461539 3789.2307692307695 4385.641025641026 4724.615384615386 4065.1282051282055 3934.8717948717954 4330.769230769231 4605.128205128206 4396.410256410257 
4496.410256410257 4071.7948717948725 4408.205128205129 4513.846153846154 4487.6923076923085 4718.461538461539 3799.48717948718 4381.538461538462 4724.102564102564 4064.1025641025644 3936.410256410257 4333.333333333334 4609.743589743591 4396.410256410257 
4496.923076923077 4071.2820512820517 4399.48717948718 4515.384615384616 4488.717948717949 4718.974358974359 3804.1025641025644 4380.512820512821 4724.102564102564 4062.0512820512827 3932.307692307693 4334.871794871796 4607.179487179488 4391.282051282052 
4512.820512820514 4073.333333333334 4398.461538461539 4518.461538461539 4488.205128205129 4715.384615384616 3795.3846153846157 4381.025641025642 4724.615384615386 4063.589743589744 3932.820512820513 4336.923076923077 4607.179487179488 4391.794871794872 
4517.948717948719 4073.333333333334 4398.461538461539 4518.461538461539 4488.717948717949 4716.923076923077 3790.2564102564106 4382.051282051282 4725.641025641026 4065.6410256410263 3934.358974358975 4334.358974358975 4608.205128205129 4391.282051282052 
4513.846153846154 4074.358974358975 4402.051282051282 4514.871794871796 4489.743589743591 4717.435897435898 3793.333333333334 4382.051282051282 4726.666666666667 4064.615384615385 3933.333333333334 4333.333333333334 4610.256410256411 4389.743589743591 
4510.769230769231 4075.3846153846157 4405.641025641026 4515.384615384616 4491.282051282052 4718.461538461539 3795.8974358974365 4380.000000000001 4725.641025641026 4062.564102564103 3931.2820512820517 4335.384615384616 4612.820512820514 4391.282051282052 
4501.538461538462 4071.2820512820517 4404.615384615385 4515.384615384616 4491.282051282052 4721.025641025642 3801.0256410256416 4382.564102564103 4725.128205128206 4063.076923076924 3931.7948717948725 4332.820512820514 4612.307692307693 4393.333333333334 
4488.717948717949 4070.7692307692314 4413.333333333334 4512.307692307693 4487.179487179488 4721.538461538462 3811.2820512820517 4385.128205128206 4724.102564102564 4064.615384615385 3936.9230769230776 4336.923076923077 4611.794871794872 4397.435897435898 
4474.358974358975 4072.820512820513 4417.948717948719 4508.205128205129 4487.179487179488 4721.025641025642 3815.3846153846157 4384.615384615385 4725.641025641026 4066.1538461538466 3935.8974358974365 4334.358974358975 4609.743589743591 4397.948717948719 
4481.025641025642 4072.307692307693 4425.128205128206 4507.6923076923085 4487.179487179488 4717.948717948719 3816.410256410257 4380.000000000001 4726.666666666667 4066.1538461538466 3936.410256410257 4334.358974358975 4610.769230769231 4397.948717948719 
4480.000000000001 4068.205128205129 4419.48717948718 4508.717948717949 4489.2307692307695 4723.589743589744 3824.1025641025644 4383.589743589744 4726.153846153847 4062.564102564103 3934.358974358975 4331.794871794872 4608.205128205129 4393.333333333334 
4492.820512820514 4072.820512820513 4418.974358974359 4509.2307692307695 4486.153846153847 4719.48717948718 3825.1282051282055 4383.589743589744 4725.128205128206 4062.564102564103 3935.3846153846157 4338.461538461539 4610.769230769231 4394.358974358975 
4496.923076923077 4076.410256410257 4403.076923076924 4511.794871794872 4488.717948717949 4714.358974358975 3826.1538461538466 4379.48717948718 4726.666666666667 4065.6410256410263 3935.8974358974365 4331.282051282052 4613.846153846154 4392.307692307693 
4508.717948717949 4073.8461538461543 4402.564102564103 4515.8974358974365 4488.205128205129 4711.794871794872 3835.3846153846157 4376.923076923077 4725.128205128206 4066.666666666667 3935.8974358974365 4334.358974358975 4619.48717948718 4392.307692307693 
4508.205128205129 4070.7692307692314 4405.128205128206 4513.846153846154 4488.205128205129 4716.923076923077 3837.435897435898 4381.538461538462 4726.153846153847 4065.6410256410263 3933.333333333334 4337.435897435898 4616.923076923077 4391.282051282052 
4513.846153846154 4075.8974358974365 4411.282051282052 4511.282051282052 4483.589743589744 4710.256410256411 3825.1282051282055 4382.051282051282 4726.666666666667 4066.1538461538466 3937.435897435898 4341.538461538462 4617.435897435898 4399.48717948718 
4504.102564102564 4073.8461538461543 4404.102564102564 4511.794871794872 4484.615384615385 4708.717948717949 3830.7692307692314 4382.051282051282 4726.666666666667 4067.692307692308 3935.3846153846157 4335.384615384616 4615.8974358974365 4401.538461538462 
4496.923076923077 4071.7948717948725 4408.717948717949 4511.282051282052 4485.641025641026 4710.256410256411 3847.1794871794878 4383.076923076924 4728.205128205129 4066.666666666667 3933.333333333334 4336.923076923077 4618.974358974359 4401.025641025642 
4489.2307692307695 4073.8461538461543 4407.6923076923085 4510.256410256411 4485.641025641026 4714.871794871796 3854.8717948717954 4384.102564102564 4730.256410256411 4064.615384615385 3934.8717948717954 4335.384615384616 4618.461538461539 4400.512820512821 
4489.2307692307695 4075.3846153846157 4405.128205128206 4511.794871794872 4484.102564102564 4716.923076923077 3855.8974358974365 4381.538461538462 4727.6923076923085 4066.1538461538466 3936.9230769230776 4334.871794871796 4615.384615384616 4402.051282051282 
4491.282051282052 4073.8461538461543 4406.666666666667 4513.333333333334 4485.128205128206 4718.461538461539 3858.9743589743593 4381.025641025642 4725.128205128206 4067.692307692308 3935.8974358974365 4335.8974358974365 4614.871794871796 4398.461538461539 
4493.333333333334 4074.358974358975 4407.179487179487 4512.820512820514 4485.641025641026 4718.974358974359 3857.435897435898 4382.564102564103 4727.179487179488 4067.692307692308 3935.8974358974365 4335.8974358974365 4617.435897435898 4393.846153846154 
4501.025641025642 4075.3846153846157 4404.102564102564 4515.384615384616 4486.153846153847 4717.435897435898 3852.820512820513 4383.589743589744 4727.179487179488 4067.1794871794878 3937.9487179487182 4334.358974358975 4614.871794871796 4393.333333333334 
4504.615384615385 4072.307692307693 4399.48717948718 4517.435897435898 4490.256410256411 4717.948717948719 3857.9487179487182 4383.589743589744 4725.128205128206 4065.6410256410263 3936.410256410257 4326.666666666667 4611.794871794872 4390.256410256411 
4509.2307692307695 4072.820512820513 4405.641025641026 4516.410256410257 4491.282051282052 4718.461538461539 3865.1282051282055 4381.025641025642 4723.589743589744 4063.589743589744 3936.9230769230776 4330.769230769231 4616.923076923077 4393.333333333334 
4502.564102564103 4073.333333333334 4401.538461538462 4514.871794871796 4490.769230769231 4721.025641025642 3867.692307692308 4381.025641025642 4727.179487179488 4064.1025641025644 3935.3846153846157 4331.282051282052 4613.846153846154 4395.8974358974365 
4506.153846153847 4074.8717948717954 4403.589743589744 4517.435897435898 4487.6923076923085 4717.948717948719 3864.1025641025644 4380.000000000001 4726.666666666667 4065.6410256410263 3938.461538461539 4334.358974358975 4613.333333333334 4398.461538461539 
4500.512820512821 4072.820512820513 4396.923076923077 4516.410256410257 4489.2307692307695 4718.461538461539 3870.7692307692314 4383.076923076924 4725.641025641026 4063.076923076924 3936.9230769230776 4330.769230769231 4611.282051282052 4396.923076923077 
4501.538461538462 4073.8461538461543 4404.615384615385 4512.307692307693 4487.179487179488 4715.8974358974365 3877.9487179487182 4384.102564102564 4727.179487179488 4062.0512820512827 3935.8974358974365 4337.435897435898 4614.358974358975 4399.48717948718 
4493.846153846154 4072.820512820513 4406.666666666667 4512.307692307693 4489.2307692307695 4718.974358974359 3875.8974358974365 4383.589743589744 4729.2307692307695 4064.615384615385 3933.333333333334 4334.358974358975 4613.333333333334 4395.8974358974365 
4503.589743589744 4072.820512820513 4416.410256410257 4513.333333333334 4486.666666666667 4717.435897435898 3870.7692307692314 4378.974358974359 4727.179487179488 4066.1538461538466 3932.820512820513 4336.410256410257 4616.923076923077 4397.435897435898 
4503.076923076924 4071.2820512820517 4408.205128205129 4511.282051282052 4488.717948717949 4720.512820512821 3873.8461538461543 4382.564102564103 4727.179487179488 4065.6410256410263 3933.333333333334 4334.358974358975 4613.846153846154 4397.435897435898 
4508.205128205129 4072.307692307693 4407.179487179487 4513.846153846154 4487.6923076923085 4716.410256410257 3870.2564102564106 4384.102564102564 4727.179487179488 4065.1282051282055 3937.9487179487182 4335.384615384616 4614.358974358975 4395.8974358974365 
4517.948717948719 4074.8717948717954 4415.8974358974365 4516.410256410257 4481.538461538462 4707.6923076923085 3864.1025641025644 4382.051282051282 4730.256410256411 4066.666666666667 3942.0512820512827 4339.48717948718 4624.615384615385 4401.025641025642 
4491.794871794872 4072.820512820513 4403.076923076924 4514.871794871796 4493.333333333334 4723.076923076924 3876.9230769230776 4384.102564102564 4722.564102564103 4064.1025641025644 3931.2820512820517 4325.641025641026 4604.615384615385 4390.256410256411 
4488.205128205129 4072.820512820513 4400.000000000001 4510.769230769231 4494.358974358975 4725.641025641026 3878.461538461539 4384.615384615385 4723.076923076924 4065.6410256410263 3931.7948717948725 4323.076923076924 4602.564102564103 4387.6923076923085 
4535.384615384616 4077.9487179487187 4445.128205128206 4514.358974358975 4464.615384615385 4680.000000000001 3859.48717948718 4374.871794871796 4744.615384615386 4073.8461538461543 3958.9743589743593 4363.076923076924 4656.923076923077 4422.051282051282 
4385.641025641026 4055.8974358974365 4351.282051282052 4516.410256410257 4526.153846153847 4768.205128205129 3892.820512820513 4385.641025641026 4704.102564102564 4050.2564102564106 3908.205128205129 4284.615384615385 4543.076923076924 4355.384615384616 
4264.615384615385 4053.333333333334 4292.307692307693 4501.025641025642 4554.358974358975 4818.461538461539 3903.076923076924 4395.384615384616 4681.025641025642 4044.1025641025644 3878.461538461539 4236.410256410257 4479.48717948718 4316.923076923077 
4318.461538461539 4075.3846153846157 4366.666666666667 4495.8974358974365 4495.8974358974365 4731.794871794872 3872.820512820513 4382.564102564103 4717.435897435898 4064.1025641025644 3925.1282051282055 4306.666666666667 4582.051282051282 4377.435897435898 
4376.410256410257 4085.6410256410263 4413.333333333334 4505.128205128206 4462.051282051282 4671.794871794872 3864.1025641025644 4373.846153846154 4744.102564102564 4072.820512820513 3962.0512820512827 4353.846153846154 4652.820512820514 4419.48717948718 
4321.025641025642 4074.8717948717954 4366.666666666667 4511.282051282052 4497.435897435898 4722.051282051282 3893.333333333334 4380.512820512821 4719.48717948718 4062.0512820512827 3937.435897435898 4316.410256410257 4592.307692307693 4383.589743589744 
4335.384615384616 4077.9487179487187 4379.48717948718 4502.051282051282 4491.282051282052 4721.025641025642 3895.8974358974365 4380.512820512821 4723.589743589744 4068.205128205129 3934.8717948717954 4317.435897435898 4599.48717948718 4388.205128205129 
4367.179487179487 4083.589743589744 4414.358974358975 4500.512820512821 4474.358974358975 4692.307692307693 3894.8717948717954 4377.948717948719 4735.384615384616 4072.307692307693 3950.2564102564106 4342.051282051282 4636.410256410257 4408.205128205129 
4330.256410256411 4074.358974358975 4387.6923076923085 4497.435897435898 4495.384615384616 4720.000000000001 3911.7948717948725 4383.589743589744 4724.615384615386 4063.589743589744 3936.410256410257 4318.461538461539 4603.589743589744 4387.6923076923085 
4345.128205128206 4074.8717948717954 4406.666666666667 4497.435897435898 4483.076923076924 4709.2307692307695 3910.2564102564106 4379.48717948718 4730.256410256411 4067.692307692308 3945.1282051282055 4335.8974358974365 4619.48717948718 4402.564102564103 
4330.769230769231 4074.358974358975 4387.6923076923085 4501.025641025642 4487.179487179488 4717.435897435898 3912.820512820513 4383.589743589744 4728.717948717949 4067.1794871794878 3940.5128205128212 4326.666666666667 4609.2307692307695 4397.435897435898 
4336.923076923077 4080.0000000000005 4390.769230769231 4501.025641025642 4485.641025641026 4711.282051282052 3908.205128205129 4384.615384615385 4727.179487179488 4066.666666666667 3942.564102564103 4331.794871794872 4612.820512820514 4400.000000000001 
4330.256410256411 4075.8974358974365 4393.846153846154 4497.948717948719 4488.717948717949 4711.282051282052 3915.8974358974365 4382.051282051282 4726.153846153847 4064.615384615385 3940.0000000000005 4329.743589743591 4611.794871794872 4397.435897435898 
4341.025641025642 4075.8974358974365 4398.974358974359 4496.923076923077 4485.128205128206 4711.794871794872 3924.1025641025644 4381.538461538462 4724.102564102564 4064.615384615385 3936.410256410257 4327.179487179487 4612.307692307693 4392.820512820514 
4351.794871794872 4076.9230769230776 4396.923076923077 4499.48717948718 4482.564102564103 4711.794871794872 3921.0256410256416 4382.051282051282 4725.128205128206 4064.1025641025644 3937.9487179487182 4328.205128205129 4612.820512820514 4389.743589743591 
4354.358974358975 4077.435897435898 4391.282051282052 4501.025641025642 4485.128205128206 4711.282051282052 3913.8461538461543 4377.948717948719 4725.128205128206 4062.0512820512827 3937.9487179487182 4328.717948717949 4609.743589743591 4388.717948717949 
4352.820512820514 4077.9487179487187 4383.589743589744 4502.564102564103 4485.128205128206 4708.205128205129 3920.0000000000005 4379.48717948718 4726.153846153847 4064.615384615385 3937.435897435898 4327.6923076923085 4611.794871794872 4393.846153846154 
4349.743589743591 4075.8974358974365 4379.48717948718 4502.051282051282 4484.615384615385 4708.205128205129 3932.820512820513 4384.615384615385 4726.666666666667 4069.23076923077 3938.461538461539 4327.6923076923085 4610.256410256411 4398.461538461539 
4343.589743589744 4076.410256410257 4389.2307692307695 4502.564102564103 4484.102564102564 4709.743589743591 3935.3846153846157 4383.076923076924 4728.205128205129 4068.205128205129 3940.0000000000005 4332.820512820514 4611.282051282052 4398.461538461539 
4331.794871794872 4078.9743589743593 4392.820512820514 4504.102564102564 4486.153846153847 4711.282051282052 3935.8974358974365 4380.512820512821 4726.666666666667 4066.666666666667 3937.435897435898 4328.717948717949 4614.358974358975 4396.410256410257 
4334.358974358975 4077.435897435898 4398.461538461539 4503.076923076924 4484.102564102564 4708.717948717949 3938.9743589743593 4380.512820512821 4724.615384615386 4067.1794871794878 3939.48717948718 4329.743589743591 4617.948717948719 4398.974358974359 
4328.717948717949 4071.7948717948725 4401.538461538462 4497.435897435898 4484.615384615385 4711.282051282052 3936.410256410257 4384.615384615385 4727.6923076923085 4067.1794871794878 3941.538461538462 4329.743589743591 4610.256410256411 4395.384615384616 
4332.307692307693 4075.3846153846157 4407.179487179487 4498.461538461539 4484.102564102564 4708.717948717949 3932.820512820513 4384.102564102564 4727.6923076923085 4067.692307692308 3941.538461538462 4332.820512820514 4609.2307692307695 4394.358974358975 
4335.8974358974365 4077.435897435898 4392.307692307693 4504.102564102564 4484.615384615385 4707.6923076923085 3938.9743589743593 4381.538461538462 4726.153846153847 4066.1538461538466 3938.9743589743593 4325.128205128206 4611.794871794872 4393.846153846154 
4348.205128205129 4076.9230769230776 4391.282051282052 4504.615384615385 4481.538461538462 4706.153846153847 3941.538461538462 4377.948717948719 4726.666666666667 4065.6410256410263 3944.1025641025644 4327.6923076923085 4615.384615384616 4395.384615384616 
4340.512820512821 4076.410256410257 4390.256410256411 4498.461538461539 4484.102564102564 4710.256410256411 3942.0512820512827 4381.538461538462 4728.205128205129 4067.1794871794878 3944.1025641025644 4327.6923076923085 4608.717948717949 4392.307692307693 
4343.076923076924 4075.8974358974365 4395.8974358974365 4501.025641025642 4481.538461538462 4707.6923076923085 3941.538461538462 4379.48717948718 4725.641025641026 4066.1538461538466 3940.5128205128212 4334.358974358975 4610.256410256411 4394.871794871796 
4336.410256410257 4072.307692307693 4389.2307692307695 4505.128205128206 4483.589743589744 4712.307692307693 3947.1794871794878 4378.974358974359 4725.641025641026 4063.589743589744 3936.410256410257 4331.794871794872 4608.717948717949 4393.333333333334 
4333.846153846154 4074.8717948717954 4397.435897435898 4501.025641025642 4484.615384615385 4710.256410256411 3950.2564102564106 4380.000000000001 4726.666666666667 4066.1538461538466 3942.0512820512827 4334.871794871796 4607.6923076923085 4395.384615384616 
4323.076923076924 4076.410256410257 4391.794871794872 4498.461538461539 4488.205128205129 4710.769230769231 3951.2820512820517 4382.564102564103 4725.128205128206 4067.692307692308 3940.0000000000005 4330.256410256411 4604.615384615385 4393.846153846154 
4330.256410256411 4077.435897435898 4387.6923076923085 4504.615384615385 4486.153846153847 4710.769230769231 3951.7948717948725 4382.564102564103 4723.076923076924 4065.1282051282055 3936.9230769230776 4330.769230769231 4609.2307692307695 4395.8974358974365 
4340.512820512821 4076.9230769230776 4385.128205128206 4507.6923076923085 4487.179487179488 4711.794871794872 3960.0000000000005 4380.512820512821 4724.615384615386 4064.1025641025644 3938.461538461539 4327.179487179487 4610.769230769231 4396.410256410257 
4345.641025641026 4078.9743589743593 4385.128205128206 4507.6923076923085 4485.641025641026 4707.179487179488 3965.6410256410263 4379.48717948718 4726.153846153847 4065.1282051282055 3938.9743589743593 4323.589743589744 4609.2307692307695 4395.8974358974365 
4347.179487179487 4079.48717948718 4384.615384615385 4513.846153846154 4484.615384615385 4706.666666666667 3962.0512820512827 4380.000000000001 4725.641025641026 4065.1282051282055 3939.48717948718 4322.051282051282 4610.256410256411 4395.384615384616 
4346.153846153847 4077.9487179487187 4385.641025641026 4513.846153846154 4486.153846153847 4707.6923076923085 3957.9487179487182 4379.48717948718 4727.6923076923085 4065.6410256410263 3940.0000000000005 4320.000000000001 4612.307692307693 4392.307692307693 
4344.102564102564 4077.9487179487187 4394.871794871796 4504.615384615385 4483.589743589744 4705.641025641026 3959.48717948718 4377.435897435898 4730.256410256411 4067.692307692308 3939.48717948718 4323.076923076924 4613.333333333334 4390.769230769231 
4339.48717948718 4077.435897435898 4393.333333333334 4502.051282051282 4484.102564102564 4707.179487179488 3965.1282051282055 4381.025641025642 4729.2307692307695 4066.666666666667 3937.9487179487182 4318.461538461539 4611.282051282052 4390.256410256411 
4342.051282051282 4080.0000000000005 4392.307692307693 4507.6923076923085 4484.102564102564 4708.205128205129 3971.2820512820517 4383.589743589744 4727.179487179488 4065.6410256410263 3941.538461538462 4321.538461538462 4615.8974358974365 4396.923076923077 
4328.717948717949 4081.538461538462 4385.641025641026 4504.615384615385 4487.179487179488 4713.846153846154 3977.9487179487182 4383.589743589744 4726.153846153847 4067.1794871794878 3939.48717948718 4318.461538461539 4612.820512820514 4396.923076923077 
4330.769230769231 4083.076923076924 4395.8974358974365 4501.025641025642 4484.102564102564 4709.2307692307695 3977.9487179487182 4381.538461538462 4727.179487179488 4069.23076923077 3938.9743589743593 4323.076923076924 4613.333333333334 4399.48717948718 
4329.743589743591 4078.461538461539 4393.846153846154 4501.538461538462 4486.666666666667 4709.743589743591 3975.8974358974365 4382.564102564103 4727.6923076923085 4068.717948717949 3936.9230769230776 4316.410256410257 4610.256410256411 4396.923076923077 
4342.051282051282 4082.0512820512827 4396.923076923077 4504.615384615385 4484.102564102564 4707.6923076923085 3972.307692307693 4381.025641025642 4725.641025641026 4069.23076923077 3938.461538461539 4320.512820512821 4613.333333333334 4397.435897435898 
4341.025641025642 4084.615384615385 4387.6923076923085 4507.179487179488 4486.153846153847 4710.769230769231 3975.8974358974365 4381.538461538462 4726.153846153847 4068.717948717949 3937.9487179487182 4315.8974358974365 4609.2307692307695 4393.846153846154 
4356.923076923077 4085.6410256410263 4387.179487179487 4512.307692307693 4483.589743589744 4705.128205128206 3972.820512820513 4381.025641025642 4729.743589743591 4067.1794871794878 3937.9487179487182 4309.743589743591 4613.846153846154 4394.871794871796 
4366.153846153847 4089.23076923077 4373.846153846154 4518.461538461539 4486.666666666667 4707.179487179488 3973.333333333334 4382.051282051282 4729.2307692307695 4068.205128205129 3930.7692307692314 4290.769230769231 4614.358974358975 4393.846153846154 
4370.769230769231 4092.307692307693 4378.461538461539 4517.435897435898 4488.205128205129 4706.666666666667 3981.538461538462 4378.974358974359 4725.641025641026 4068.717948717949 3931.2820512820517 4290.769230769231 4616.410256410257 4396.410256410257 
4345.641025641026 4080.5128205128212 4391.282051282052 4506.153846153847 4488.205128205129 4707.179487179488 3993.333333333334 4380.512820512821 4727.179487179488 4066.666666666667 3934.8717948717954 4300.000000000001 4614.871794871796 4395.384615384616 
4334.871794871796 4075.8974358974365 4407.6923076923085 4499.48717948718 4484.102564102564 4707.6923076923085 3994.8717948717954 4382.051282051282 4728.205128205129 4064.1025641025644 3934.358974358975 4304.102564102564 4614.871794871796 4396.923076923077 
4343.076923076924 4085.6410256410263 4405.128205128206 4505.128205128206 4485.128205128206 4711.282051282052 3994.358974358975 4378.974358974359 4726.153846153847 4063.589743589744 3931.2820512820517 4294.871794871796 4612.307692307693 4401.025641025642 
4342.564102564103 4092.307692307693 4401.538461538462 4512.820512820514 4486.153846153847 4709.743589743591 3993.333333333334 4378.974358974359 4726.153846153847 4065.1282051282055 3932.820512820513 4281.538461538462 4613.846153846154 4401.538461538462 
4353.846153846154 4095.8974358974365 4416.410256410257 4527.179487179488 4485.128205128206 4705.641025641026 3992.820512820513 4380.000000000001 4727.6923076923085 4067.692307692308 3928.717948717949 4251.282051282052 4620.000000000001 4398.974358974359 
4386.153846153847 4102.051282051282 4417.948717948719 4551.794871794872 4485.128205128206 4703.076923076924 3997.435897435898 4382.051282051282 4728.717948717949 4069.23076923077 3918.461538461539 4210.769230769231 4619.48717948718 4396.923076923077 
4401.538461538462 4102.051282051282 4402.051282051282 4564.615384615385 4483.589743589744 4695.384615384616 3995.3846153846157 4382.564102564103 4728.205128205129 4069.23076923077 3919.48717948718 4213.333333333334 4623.076923076924 4394.871794871796 
4383.076923076924 4097.948717948719 4391.282051282052 4548.717948717949 4484.615384615385 4694.358974358975 3988.205128205129 4381.538461538462 4727.6923076923085 4067.1794871794878 3924.1025641025644 4237.948717948719 4626.153846153847 4390.769230769231 
4371.282051282052 4100.000000000001 4406.666666666667 4523.589743589744 4483.076923076924 4696.923076923077 3984.1025641025644 4376.923076923077 4726.153846153847 4065.6410256410263 3931.2820512820517 4271.794871794872 4626.153846153847 4398.461538461539 
4348.717948717949 4082.564102564103 4398.461538461539 4504.102564102564 4484.102564102564 4708.205128205129 3994.8717948717954 4377.948717948719 4726.666666666667 4064.1025641025644 3935.8974358974365 4310.256410256411 4611.794871794872 4396.923076923077 
4318.461538461539 4053.333333333334 4407.6923076923085 4484.102564102564 4480.512820512821 4713.846153846154 4009.7435897435903 4377.948717948719 4726.153846153847 4066.1538461538466 3945.1282051282055 4368.205128205129 4610.256410256411 4395.384615384616 
4265.641025641026 4037.435897435898 4431.282051282052 4461.538461538462 4482.564102564103 4722.051282051282 4018.461538461539 4381.538461538462 4726.153846153847 4068.205128205129 3951.2820512820517 4400.000000000001 4607.6923076923085 4397.435897435898 
4254.358974358975 4044.1025641025644 4433.846153846154 4449.743589743591 4481.025641025642 4721.025641025642 4013.333333333334 4386.153846153847 4727.6923076923085 4069.23076923077 3962.0512820512827 4421.538461538462 4608.717948717949 4407.179487179487 
4252.307692307693 4051.2820512820517 4384.102564102564 4456.923076923077 4485.641025641026 4724.102564102564 4015.3846153846157 4389.2307692307695 4731.794871794872 4068.205128205129 3961.538461538462 4425.641025641026 4605.128205128206 4400.000000000001 
4274.871794871796 4064.615384615385 4368.717948717949 4478.974358974359 4482.564102564103 4718.974358974359 4016.410256410257 4385.128205128206 4730.769230769231 4068.205128205129 3956.410256410257 4408.717948717949 4611.794871794872 4396.923076923077 
4323.589743589744 4078.9743589743593 4365.641025641026 4500.512820512821 4479.48717948718 4712.307692307693 4013.8461538461543 4382.564102564103 4727.6923076923085 4070.2564102564106 3948.717948717949 4355.384615384616 4619.48717948718 4396.923076923077 
4385.128205128206 4085.6410256410263 4357.948717948719 4511.282051282052 4477.948717948719 4700.000000000001 4012.307692307693 4380.000000000001 4729.2307692307695 4070.2564102564106 3942.0512820512827 4314.358974358975 4629.2307692307695 4396.410256410257 
4384.615384615385 4078.461538461539 4364.615384615385 4510.769230769231 4480.512820512821 4699.48717948718 4023.589743589744 4380.000000000001 4731.282051282052 4066.666666666667 3937.9487179487182 4305.128205128206 4626.666666666667 4392.820512820514 
4364.615384615385 4074.8717948717954 4395.384615384616 4505.641025641026 4480.000000000001 4701.025641025642 4035.8974358974365 4381.025641025642 4728.717948717949 4068.205128205129 3939.48717948718 4313.333333333334 4621.538461538462 4393.333333333334 
4355.384615384616 4075.8974358974365 4394.871794871796 4506.153846153847 4479.48717948718 4698.461538461539 4044.1025641025644 4383.076923076924 4729.743589743591 4069.23076923077 3941.538461538462 4309.2307692307695 4621.538461538462 4396.923076923077 
4337.435897435898 4077.9487179487187 4384.102564102564 4510.769230769231 4482.564102564103 4702.564102564103 4047.1794871794878 4382.564102564103 4730.769230769231 4068.717948717949 3938.461538461539 4300.512820512821 4619.48717948718 4402.051282051282 
4306.153846153847 4084.1025641025644 4401.025641025642 4507.179487179488 4485.128205128206 4709.743589743591 4051.2820512820517 4381.538461538462 4728.205128205129 4071.2820512820517 3936.9230769230776 4306.666666666667 4615.384615384616 4404.102564102564 
4271.794871794872 4084.1025641025644 4412.820512820514 4500.000000000001 4487.6923076923085 4712.307692307693 4060.5128205128212 4383.076923076924 4726.666666666667 4071.2820512820517 3938.461538461539 4321.025641025642 4608.205128205129 4394.358974358975 
4286.153846153847 4069.23076923077 4419.48717948718 4496.410256410257 4482.051282051282 4707.6923076923085 4063.589743589744 4380.512820512821 4726.666666666667 4066.1538461538466 3943.076923076924 4341.538461538462 4608.717948717949 4389.2307692307695 
4320.000000000001 4058.9743589743593 4411.282051282052 4488.717948717949 4481.025641025642 4714.358974358975 4062.564102564103 4381.025641025642 4726.153846153847 4067.1794871794878 3940.5128205128212 4342.051282051282 4607.6923076923085 4388.717948717949 
4346.666666666667 4074.358974358975 4400.512820512821 4486.666666666667 4482.051282051282 4711.282051282052 4058.461538461539 4378.461538461539 4725.128205128206 4070.2564102564106 3940.0000000000005 4340.000000000001 4614.358974358975 4393.333333333334 
4362.564102564103 4079.48717948718 4376.923076923077 4500.000000000001 4485.641025641026 4707.179487179488 4057.435897435898 4377.435897435898 4725.641025641026 4067.1794871794878 3937.435897435898 4324.615384615385 4613.333333333334 4389.743589743591 
4378.974358974359 4069.23076923077 4381.025641025642 4506.666666666667 4482.051282051282 4703.076923076924 4055.8974358974365 4376.923076923077 4725.641025641026 4066.666666666667 3938.9743589743593 4323.589743589744 4614.871794871796 4393.846153846154 
4337.948717948719 4069.7435897435903 4391.794871794872 4492.820512820514 4486.153846153847 4711.794871794872 4060.0000000000005 4379.48717948718 4727.179487179488 4066.666666666667 3935.3846153846157 4322.564102564103 4608.717948717949 4396.410256410257 
4307.179487179487 4081.538461538462 4406.153846153847 4486.666666666667 4486.153846153847 4711.794871794872 4061.0256410256416 4378.461538461539 4728.717948717949 4065.6410256410263 3935.3846153846157 4333.333333333334 4609.743589743591 4399.48717948718 
4296.410256410257 4075.8974358974365 4394.871794871796 4496.923076923077 4487.179487179488 4713.333333333334 4060.5128205128212 4384.102564102564 4730.256410256411 4066.1538461538466 3937.9487179487182 4329.743589743591 4610.769230769231 4395.384615384616 
4303.076923076924 4073.8461538461543 4390.769230769231 4502.564102564103 4485.641025641026 4711.794871794872 4060.5128205128212 4388.717948717949 4728.205128205129 4069.23076923077 3943.076923076924 4330.769230769231 4613.846153846154 4398.461538461539 
4302.051282051282 4080.5128205128212 4388.717948717949 4496.410256410257 4489.2307692307695 4713.333333333334 4060.0000000000005 4384.615384615385 4725.641025641026 4067.692307692308 3940.0000000000005 4331.282051282052 4609.2307692307695 4398.461538461539 
4316.923076923077 4078.9743589743593 4391.794871794872 4494.871794871796 4484.102564102564 4709.2307692307695 4049.23076923077 4377.948717948719 4728.717948717949 4067.692307692308 3941.538461538462 4336.410256410257 4613.333333333334 4395.384615384616 
4345.128205128206 4071.7948717948725 4378.461538461539 4503.589743589744 4480.000000000001 4704.102564102564 4041.0256410256416 4378.974358974359 4730.256410256411 4069.23076923077 3945.6410256410263 4329.743589743591 4617.948717948719 4390.769230769231 
4371.794871794872 4079.48717948718 4370.769230769231 4508.205128205129 4482.564102564103 4698.974358974359 4045.6410256410263 4381.025641025642 4725.641025641026 4068.205128205129 3944.1025641025644 4318.974358974359 4617.948717948719 4390.769230769231 
4351.282051282052 4083.076923076924 4381.025641025642 4505.641025641026 4482.564102564103 4701.025641025642 4054.8717948717954 4379.48717948718 4725.128205128206 4066.666666666667 3941.0256410256416 4321.025641025642 4614.358974358975 4390.769230769231 
4315.8974358974365 4073.333333333334 4395.384615384616 4502.564102564103 4480.512820512821 4706.153846153847 4057.435897435898 4380.512820512821 4729.2307692307695 4067.692307692308 3942.0512820512827 4332.820512820514 4609.743589743591 4391.794871794872 
4309.2307692307695 4069.7435897435903 4402.051282051282 4503.589743589744 4481.025641025642 4705.641025641026 4057.435897435898 4382.564102564103 4730.256410256411 4068.717948717949 3945.1282051282055 4339.48717948718 4611.794871794872 4400.512820512821 
4297.435897435898 4077.9487179487187 4395.8974358974365 4504.615384615385 4485.641025641026 4709.2307692307695 4059.48717948718 4384.102564102564 4729.2307692307695 4065.6410256410263 3944.615384615385 4328.717948717949 4610.256410256411 4405.641025641026 
4304.615384615385 4085.6410256410263 4394.358974358975 4503.589743589744 4482.051282051282 4708.717948717949 4056.9230769230776 4381.538461538462 4729.743589743591 4065.1282051282055 3945.6410256410263 4325.128205128206 4610.769230769231 4407.179487179487 
4323.076923076924 4081.0256410256416 4377.435897435898 4502.051282051282 4485.128205128206 4708.717948717949 4055.8974358974365 4381.538461538462 4730.769230769231 4067.1794871794878 3937.9487179487182 4314.358974358975 4608.205128205129 4401.025641025642 
4349.743589743591 4079.48717948718 4373.846153846154 4508.205128205129 4483.589743589744 4701.025641025642 4055.8974358974365 4380.512820512821 4728.717948717949 4069.23076923077 3934.8717948717954 4310.769230769231 4616.410256410257 4399.48717948718 
4357.435897435898 4080.0000000000005 4370.256410256411 4513.846153846154 4484.102564102564 4700.000000000001 4064.1025641025644 4382.051282051282 4727.179487179488 4067.692307692308 3935.3846153846157 4302.051282051282 4616.410256410257 4390.256410256411 
4367.179487179487 4082.0512820512827 4381.025641025642 4513.333333333334 4481.025641025642 4696.410256410257 4070.2564102564106 4377.435897435898 4726.666666666667 4068.205128205129 3937.9487179487182 4306.666666666667 4618.974358974359 4389.743589743591 
4350.769230769231 4079.48717948718 4379.48717948718 4507.6923076923085 4484.102564102564 4703.076923076924 4077.9487179487187 4377.435897435898 4729.2307692307695 4069.7435897435903 3933.8461538461543 4306.666666666667 4614.871794871796 4389.743589743591 
4333.846153846154 4074.8717948717954 4405.128205128206 4496.410256410257 4483.076923076924 4704.615384615386 4082.0512820512827 4379.48717948718 4727.6923076923085 4070.7692307692314 3938.461538461539 4333.333333333334 4614.358974358975 4393.333333333334 
4273.846153846154 4061.538461538462 4430.769230769231 4472.820512820514 4485.641025641026 4714.358974358975 4083.076923076924 4381.025641025642 4724.102564102564 4071.2820512820517 3945.1282051282055 4371.282051282052 4605.641025641026 4390.256410256411 
4236.923076923077 4053.8461538461543 4434.871794871796 4458.974358974359 4484.615384615385 4720.000000000001 4078.9743589743593 4380.512820512821 4725.641025641026 4069.7435897435903 3953.333333333334 4401.025641025642 4603.589743589744 4392.820512820514 
4254.358974358975 4056.410256410257 4406.666666666667 4466.153846153847 4484.102564102564 4724.102564102564 4079.48717948718 4380.512820512821 4728.205128205129 4066.1538461538466 3953.8461538461543 4391.794871794872 4604.102564102564 4398.974358974359 
4291.794871794872 4070.2564102564106 4393.846153846154 4477.435897435898 4483.076923076924 4721.025641025642 4074.358974358975 4380.000000000001 4726.153846153847 4064.615384615385 3946.666666666667 4363.076923076924 4608.717948717949 4405.641025641026 
4315.8974358974365 4080.5128205128212 4386.153846153847 4490.769230769231 4483.589743589744 4715.8974358974365 4065.6410256410263 4378.461538461539 4727.179487179488 4066.1538461538466 3938.461538461539 4336.410256410257 4609.743589743591 4402.564102564103 
4344.615384615385 4077.9487179487187 4377.948717948719 4500.512820512821 4484.102564102564 4709.2307692307695 4066.666666666667 4377.948717948719 4727.6923076923085 4065.6410256410263 3938.461538461539 4328.205128205129 4612.307692307693 4395.8974358974365 
4351.794871794872 4071.2820512820517 4386.666666666667 4496.410256410257 4482.564102564103 4706.666666666667 4069.23076923077 4376.410256410257 4724.102564102564 4064.615384615385 3943.589743589744 4333.846153846154 4616.923076923077 4393.846153846154 
4336.923076923077 4076.9230769230776 4393.846153846154 4492.820512820514 4483.076923076924 4710.769230769231 4069.23076923077 4377.948717948719 4723.076923076924 4065.1282051282055 3944.1025641025644 4334.358974358975 4615.384615384616 4392.307692307693 
4329.743589743591 4080.5128205128212 4392.307692307693 4503.076923076924 4481.538461538462 4711.282051282052 4080.0000000000005 4378.461538461539 4726.153846153847 4066.666666666667 3944.615384615385 4340.000000000001 4615.8974358974365 4394.871794871796 
4304.615384615385 4071.2820512820517 4382.051282051282 4504.615384615385 4483.076923076924 4711.282051282052 4098.461538461539 4381.538461538462 4727.179487179488 4067.1794871794878 3944.1025641025644 4343.076923076924 4612.820512820514 4393.846153846154 
4290.769230769231 4070.7692307692314 4394.358974358975 4495.384615384616 4479.48717948718 4706.666666666667 4094.8717948717954 4383.076923076924 4727.179487179488 4066.666666666667 3949.7435897435903 4357.948717948719 4615.8974358974365 4396.410256410257 
4277.435897435898 4072.820512820513 4394.871794871796 4490.256410256411 4483.589743589744 4713.846153846154 4081.0256410256416 4384.615384615385 4728.205128205129 4066.666666666667 3949.7435897435903 4357.948717948719 4612.820512820514 4397.435897435898 
4294.358974358975 4073.8461538461543 4394.358974358975 4496.410256410257 4482.564102564103 4713.846153846154 4078.9743589743593 4384.102564102564 4727.179487179488 4070.2564102564106 3949.7435897435903 4351.794871794872 4617.948717948719 4404.615384615385 
4319.48717948718 4070.7692307692314 4375.384615384616 4505.128205128206 4482.564102564103 4712.820512820514 4088.205128205129 4386.666666666667 4727.6923076923085 4070.7692307692314 3945.1282051282055 4333.846153846154 4614.358974358975 4398.974358974359 
4344.102564102564 4074.358974358975 4380.000000000001 4505.641025641026 4481.538461538462 4706.666666666667 4088.717948717949 4381.538461538462 4729.2307692307695 4069.23076923077 3945.6410256410263 4340.512820512821 4616.923076923077 4396.410256410257 
4327.6923076923085 4075.8974358974365 4380.000000000001 4497.435897435898 4486.153846153847 4710.256410256411 4089.23076923077 4379.48717948718 4727.6923076923085 4066.666666666667 3943.589743589744 4344.102564102564 4614.871794871796 4395.384615384616 
4328.205128205129 4077.435897435898 4380.000000000001 4500.000000000001 4482.564102564103 4708.717948717949 4085.6410256410263 4379.48717948718 4726.666666666667 4068.205128205129 3943.076923076924 4345.641025641026 4615.8974358974365 4395.8974358974365 
4331.794871794872 4076.410256410257 4369.743589743591 4509.2307692307695 4485.128205128206 4712.307692307693 4084.615384615385 4380.512820512821 4729.743589743591 4069.23076923077 3939.48717948718 4332.820512820514 4614.358974358975 4391.282051282052 
4338.974358974359 4082.0512820512827 4376.410256410257 4505.641025641026 4488.717948717949 4711.794871794872 4089.7435897435903 4378.974358974359 4730.769230769231 4068.717948717949 3937.9487179487182 4324.615384615385 4617.435897435898 4394.871794871796 
4322.564102564103 4084.615384615385 4379.48717948718 4494.871794871796 4488.205128205129 4713.846153846154 4102.564102564103 4379.48717948718 4727.6923076923085 4067.692307692308 3937.9487179487182 4323.076923076924 4614.358974358975 4398.461538461539 
4306.153846153847 4073.333333333334 4384.615384615385 4493.333333333334 4486.666666666667 4715.384615384616 4110.256410256411 4380.000000000001 4726.666666666667 4067.1794871794878 3940.0000000000005 4332.307692307693 4609.2307692307695 4397.948717948719 
4307.6923076923085 4064.1025641025644 4389.2307692307695 4496.410256410257 4486.153846153847 4715.8974358974365 4114.358974358975 4382.051282051282 4727.6923076923085 4068.717948717949 3939.48717948718 4332.307692307693 4608.205128205129 4396.923076923077 
4318.461538461539 4073.333333333334 4389.743589743591 4494.358974358975 4486.153846153847 4715.384615384616 4117.435897435898 4385.128205128206 4726.666666666667 4069.7435897435903 3935.3846153846157 4324.102564102564 4610.256410256411 4393.846153846154 
4321.538461538462 4084.615384615385 4389.743589743591 4493.846153846154 4487.179487179488 4713.846153846154 4114.358974358975 4384.102564102564 4727.6923076923085 4068.717948717949 3936.9230769230776 4328.717948717949 4614.358974358975 4390.769230769231 
4314.358974358975 4080.0000000000005 4380.000000000001 4494.358974358975 4489.743589743591 4714.871794871796 4112.307692307693 4384.615384615385 4728.717948717949 4067.1794871794878 3940.5128205128212 4333.333333333334 4613.846153846154 4386.153846153847 
4322.051282051282 4075.3846153846157 4376.923076923077 4497.435897435898 4484.615384615385 4711.794871794872 4107.6923076923085 4383.076923076924 4726.153846153847 4068.205128205129 3943.076923076924 4338.461538461539 4616.923076923077 4387.179487179487 
4322.564102564103 4080.0000000000005 4373.846153846154 4496.410256410257 4484.615384615385 4714.871794871796 4101.025641025642 4382.051282051282 4726.153846153847 4068.717948717949 3939.48717948718 4331.794871794872 4612.307692307693 4388.717948717949 
4309.2307692307695 4081.0256410256416 4384.102564102564 4490.256410256411 4490.769230769231 4721.538461538462 4102.564102564103 4380.512820512821 4724.615384615386 4065.1282051282055 3937.435897435898 4329.743589743591 4603.589743589744 4392.307692307693 
4293.333333333334 4073.8461538461543 4395.384615384616 4479.48717948718 4491.794871794872 4723.076923076924 4108.205128205129 4380.512820512821 4724.615384615386 4064.615384615385 3939.48717948718 4328.717948717949 4602.051282051282 4395.8974358974365 
4343.589743589744 4074.358974358975 4438.974358974359 4480.512820512821 4458.974358974359 4677.435897435898 4097.948717948719 4373.846153846154 4741.538461538462 4075.8974358974365 3965.1282051282055 4371.282051282052 4655.8974358974365 4431.794871794872 
4236.410256410257 4055.3846153846157 4351.794871794872 4492.307692307693 4510.769230769231 4746.666666666667 4132.820512820514 4386.153846153847 4714.871794871796 4060.0000000000005 3926.1538461538466 4311.794871794872 4570.256410256411 4380.000000000001 
4293.846153846154 4073.8461538461543 4387.179487179487 4487.6923076923085 4487.6923076923085 4720.512820512821 4117.435897435898 4383.076923076924 4726.153846153847 4064.615384615385 3941.0256410256416 4335.384615384616 4601.538461538462 4398.461538461539 
4590.769230769231 4112.820512820514 4588.205128205129 4493.846153846154 4351.282051282052 4518.974358974359 4048.717948717949 4356.923076923077 4808.717948717949 4109.74358974359 4050.7692307692314 4501.538461538462 4841.025641025642 4541.538461538462 
4636.410256410257 4092.307692307693 4548.717948717949 4527.179487179488 4382.051282051282 4552.307692307693 4076.410256410257 4361.025641025642 4787.179487179488 4102.051282051282 4032.307692307693 4473.333333333334 4802.051282051282 4507.6923076923085 
4469.743589743591 4054.8717948717954 4360.512820512821 4538.974358974359 4509.743589743591 4743.589743589744 4143.589743589744 4386.153846153847 4710.769230769231 4060.5128205128212 3925.1282051282055 4316.410256410257 4582.564102564103 4365.641025641026 
4488.205128205129 4071.7948717948725 4362.051282051282 4516.923076923077 4506.666666666667 4753.333333333334 4129.2307692307695 4387.179487179487 4712.820512820514 4060.0000000000005 3914.8717948717954 4307.6923076923085 4575.8974358974365 4362.564102564103 
4582.051282051282 4089.23076923077 4444.615384615385 4509.743589743591 4451.282051282052 4669.2307692307695 4100.512820512821 4374.358974358975 4745.641025641026 4078.461538461539 3961.538461538462 4376.410256410257 4674.871794871796 4427.6923076923085 
4494.871794871796 4062.564102564103 4372.820512820514 4517.948717948719 4501.025641025642 4735.384615384616 4136.923076923077 4382.564102564103 4714.358974358975 4061.538461538462 3928.205128205129 4326.153846153847 4593.846153846154 4381.025641025642 
4491.794871794872 4064.615384615385 4377.948717948719 4511.794871794872 4492.307692307693 4732.307692307693 4137.435897435898 4385.128205128206 4722.564102564103 4064.1025641025644 3928.205128205129 4334.871794871796 4598.974358974359 4391.794871794872 
4484.615384615385 4074.358974358975 4401.538461538462 4506.153846153847 4480.512820512821 4712.307692307693 4134.871794871796 4384.615384615385 4732.820512820514 4067.692307692308 3935.8974358974365 4347.179487179487 4620.512820512821 4409.743589743591 
4466.153846153847 4072.307692307693 4401.025641025642 4507.179487179488 4491.282051282052 4728.205128205129 4138.461538461539 4384.102564102564 4724.102564102564 4063.589743589744 3930.2564102564106 4336.410256410257 4604.102564102564 4398.461538461539 
4477.948717948719 4068.717948717949 4407.6923076923085 4508.717948717949 4489.2307692307695 4723.076923076924 4132.307692307693 4384.102564102564 4728.205128205129 4068.717948717949 3934.358974358975 4342.564102564103 4611.794871794872 4400.512820512821 
4488.717948717949 4070.2564102564106 4410.256410256411 4504.615384615385 4491.794871794872 4725.641025641026 4129.2307692307695 4383.076923076924 4724.615384615386 4067.692307692308 3931.7948717948725 4338.461538461539 4606.666666666667 4395.8974358974365 
4501.025641025642 4069.23076923077 4413.846153846154 4500.000000000001 4489.743589743591 4725.128205128206 4132.307692307693 4379.48717948718 4725.641025641026 4064.615384615385 3929.7435897435903 4329.743589743591 4606.666666666667 4389.743589743591 
4516.410256410257 4065.6410256410263 4415.384615384616 4503.589743589744 4489.2307692307695 4723.076923076924 4138.974358974359 4378.974358974359 4723.589743589744 4065.6410256410263 3930.7692307692314 4330.769230769231 4610.256410256411 4386.153846153847 
4508.205128205129 4065.1282051282055 4411.282051282052 4502.564102564103 4490.769230769231 4723.589743589744 4139.48717948718 4383.076923076924 4723.076923076924 4066.1538461538466 3932.820512820513 4330.256410256411 4612.307692307693 4388.717948717949 
4494.358974358975 4067.692307692308 4416.923076923077 4502.051282051282 4487.179487179488 4722.564102564103 4135.384615384616 4381.025641025642 4725.641025641026 4064.1025641025644 3936.9230769230776 4337.435897435898 4612.820512820514 4394.358974358975 
4468.717948717949 4064.615384615385 4410.256410256411 4507.179487179488 4489.743589743591 4726.666666666667 4130.769230769231 4384.102564102564 4730.769230769231 4066.1538461538466 3933.8461538461543 4333.846153846154 4609.2307692307695 4392.820512820514 
4462.051282051282 4068.205128205129 4415.8974358974365 4510.256410256411 4490.256410256411 4722.051282051282 4124.102564102564 4387.6923076923085 4726.666666666667 4068.205128205129 3936.410256410257 4342.051282051282 4612.820512820514 4399.48717948718 
4461.025641025642 4074.358974358975 4410.769230769231 4509.2307692307695 4490.769230769231 4723.076923076924 4129.74358974359 4387.6923076923085 4725.128205128206 4066.1538461538466 3939.48717948718 4341.025641025642 4609.2307692307695 4400.512820512821 
4484.615384615385 4075.3846153846157 4410.256410256411 4512.307692307693 4488.205128205129 4721.025641025642 4135.8974358974365 4383.076923076924 4727.179487179488 4066.1538461538466 3939.48717948718 4337.435897435898 4613.846153846154 4397.948717948719 
4507.6923076923085 4071.7948717948725 4402.051282051282 4518.461538461539 4487.6923076923085 4718.974358974359 4138.974358974359 4381.025641025642 4727.179487179488 4068.205128205129 3937.9487179487182 4332.820512820514 4618.974358974359 4396.410256410257 
4525.641025641026 4072.820512820513 4392.820512820514 4521.025641025642 4487.179487179488 4715.384615384616 4146.153846153847 4379.48717948718 4726.666666666667 4067.1794871794878 3937.9487179487182 4333.333333333334 4616.410256410257 4396.923076923077 
4531.282051282052 4070.7692307692314 4390.256410256411 4522.051282051282 4487.179487179488 4713.333333333334 4148.717948717949 4378.461538461539 4728.205128205129 4066.1538461538466 3937.9487179487182 4332.307692307693 4613.846153846154 4395.8974358974365 
4520.512820512821 4069.7435897435903 4402.564102564103 4518.974358974359 4487.179487179488 4713.846153846154 4142.051282051282 4379.48717948718 4725.641025641026 4066.1538461538466 3936.410256410257 4332.820512820514 4614.871794871796 4396.923076923077 
4494.358974358975 4073.333333333334 4416.410256410257 4510.769230769231 4487.179487179488 4718.974358974359 4142.564102564103 4381.025641025642 4723.076923076924 4065.6410256410263 3939.48717948718 4339.48717948718 4613.846153846154 4397.948717948719 
4465.128205128206 4069.7435897435903 4416.410256410257 4507.179487179488 4490.256410256411 4723.589743589744 4157.435897435898 4383.076923076924 4726.153846153847 4063.589743589744 3941.0256410256416 4341.538461538462 4609.2307692307695 4394.358974358975 
4458.461538461539 4064.615384615385 4417.948717948719 4509.2307692307695 4488.717948717949 4723.076923076924 4166.153846153847 4381.538461538462 4727.6923076923085 4065.6410256410263 3939.48717948718 4345.128205128206 4611.794871794872 4395.384615384616 
4457.435897435898 4069.23076923077 4412.307692307693 4506.153846153847 4488.717948717949 4725.641025641026 4162.564102564103 4382.564102564103 4728.717948717949 4068.205128205129 3935.8974358974365 4342.051282051282 4610.256410256411 4395.8974358974365 
4474.358974358975 4074.8717948717954 4413.333333333334 4505.641025641026 4489.2307692307695 4724.102564102564 4158.974358974359 4382.051282051282 4727.179487179488 4067.1794871794878 3934.8717948717954 4343.589743589744 4609.2307692307695 4396.923076923077 
4496.923076923077 4069.23076923077 4402.564102564103 4509.743589743591 4489.743589743591 4723.589743589744 4161.025641025642 4383.076923076924 4725.641025641026 4064.615384615385 3932.307692307693 4339.48717948718 4609.2307692307695 4392.307692307693 
4529.2307692307695 4069.7435897435903 4397.948717948719 4510.769230769231 4486.153846153847 4720.000000000001 4157.435897435898 4382.564102564103 4723.589743589744 4066.1538461538466 3932.820512820513 4340.512820512821 4615.384615384616 4390.769230769231 
4535.8974358974365 4073.8461538461543 4390.769230769231 4508.205128205129 4488.717948717949 4722.564102564103 4154.871794871796 4384.102564102564 4727.179487179488 4066.666666666667 3930.7692307692314 4332.307692307693 4614.358974358975 4390.769230769231 
4535.384615384616 4075.3846153846157 4397.948717948719 4511.282051282052 4489.743589743591 4718.974358974359 4158.461538461539 4381.538461538462 4728.717948717949 4066.666666666667 3931.2820512820517 4335.384615384616 4615.384615384616 4394.358974358975 
4510.256410256411 4070.2564102564106 4396.923076923077 4512.820512820514 4491.794871794872 4722.051282051282 4158.974358974359 4381.538461538462 4727.179487179488 4068.717948717949 3930.2564102564106 4337.435897435898 4612.307692307693 4392.307692307693 
4491.282051282052 4072.307692307693 4407.179487179487 4513.333333333334 4487.6923076923085 4722.564102564103 4152.820512820514 4383.076923076924 4724.102564102564 4069.7435897435903 3932.307692307693 4340.512820512821 4611.282051282052 4394.358974358975 
4475.384615384616 4073.8461538461543 4410.769230769231 4512.307692307693 4489.743589743591 4724.615384615386 4157.435897435898 4383.589743589744 4726.153846153847 4066.1538461538466 3933.333333333334 4333.333333333334 4609.2307692307695 4396.410256410257 
4476.923076923077 4073.8461538461543 4419.48717948718 4508.205128205129 4490.256410256411 4723.589743589744 4163.076923076924 4381.538461538462 4729.2307692307695 4064.1025641025644 3934.8717948717954 4335.384615384616 4612.307692307693 4400.000000000001 
4476.923076923077 4071.2820512820517 4420.000000000001 4506.666666666667 4489.743589743591 4725.128205128206 4165.641025641026 4381.538461538462 4728.205128205129 4065.6410256410263 3934.358974358975 4332.307692307693 4611.282051282052 4397.948717948719 
4486.153846153847 4070.7692307692314 4416.923076923077 4510.769230769231 4488.717948717949 4722.564102564103 4168.205128205129 4381.538461538462 4725.641025641026 4065.6410256410263 3935.3846153846157 4325.641025641026 4612.307692307693 4394.871794871796 
4500.000000000001 4071.2820512820517 4410.769230769231 4515.384615384616 4489.2307692307695 4721.538461538462 4170.769230769231 4382.564102564103 4727.179487179488 4064.615384615385 3935.3846153846157 4324.102564102564 4610.256410256411 4392.820512820514 
4507.6923076923085 4073.333333333334 4406.153846153847 4516.410256410257 4489.2307692307695 4720.000000000001 4169.2307692307695 4384.102564102564 4728.717948717949 4065.6410256410263 3935.8974358974365 4325.641025641026 4610.256410256411 4392.820512820514 
4507.6923076923085 4077.9487179487187 4401.538461538462 4518.461538461539 4488.717948717949 4717.948717948719 4163.589743589744 4380.512820512821 4726.666666666667 4067.692307692308 3939.48717948718 4327.6923076923085 4613.333333333334 4392.820512820514 
4501.538461538462 4075.8974358974365 4393.333333333334 4519.48717948718 4487.6923076923085 4717.948717948719 4163.589743589744 4380.512820512821 4724.102564102564 4068.717948717949 3938.461538461539 4324.615384615385 4612.307692307693 4391.794871794872 
4500.512820512821 4072.820512820513 4404.615384615385 4518.461538461539 4485.641025641026 4718.461538461539 4168.205128205129 4384.102564102564 4724.615384615386 4068.205128205129 3936.9230769230776 4331.794871794872 4615.384615384616 4394.871794871796 
4490.769230769231 4073.333333333334 4407.6923076923085 4515.384615384616 4489.743589743591 4721.538461538462 4174.358974358975 4383.076923076924 4726.666666666667 4065.6410256410263 3934.358974358975 4332.307692307693 4615.8974358974365 4396.410256410257 
4499.48717948718 4075.3846153846157 4408.717948717949 4515.8974358974365 4486.666666666667 4718.461538461539 4178.461538461539 4379.48717948718 4724.102564102564 4065.6410256410263 3935.8974358974365 4337.435897435898 4616.923076923077 4400.000000000001 
4497.948717948719 4072.307692307693 4400.000000000001 4514.358974358975 4486.153846153847 4721.538461538462 4186.153846153847 4383.076923076924 4722.564102564103 4067.1794871794878 3933.8461538461543 4333.846153846154 4611.282051282052 4396.923076923077 
4504.102564102564 4073.333333333334 4406.666666666667 4509.743589743591 4487.179487179488 4723.076923076924 4187.6923076923085 4382.051282051282 4723.589743589744 4067.1794871794878 3934.358974358975 4335.384615384616 4613.333333333334 4398.974358974359 
4502.051282051282 4073.8461538461543 4401.025641025642 4509.743589743591 4490.769230769231 4723.589743589744 4185.128205128206 4381.025641025642 4726.153846153847 4066.666666666667 3932.307692307693 4328.205128205129 4611.794871794872 4396.923076923077 
4512.307692307693 4073.8461538461543 4403.076923076924 4513.846153846154 4487.6923076923085 4717.435897435898 4183.589743589744 4381.025641025642 4724.615384615386 4066.666666666667 3934.8717948717954 4332.820512820514 4613.846153846154 4395.384615384616 
4503.076923076924 4069.23076923077 4405.128205128206 4511.794871794872 4489.743589743591 4722.564102564103 4186.666666666667 4381.538461538462 4725.128205128206 4064.615384615385 3932.820512820513 4332.307692307693 4611.794871794872 4391.794871794872 
4501.538461538462 4070.7692307692314 4418.461538461539 4508.205128205129 4485.641025641026 4724.102564102564 4187.179487179487 4376.923076923077 4724.615384615386 4064.615384615385 3930.2564102564106 4331.794871794872 4612.307692307693 4391.282051282052 
4495.8974358974365 4069.7435897435903 4419.48717948718 4505.641025641026 4485.641025641026 4724.615384615386 4192.307692307693 4379.48717948718 4724.615384615386 4065.6410256410263 3932.820512820513 4329.2307692307695 4610.769230769231 4389.2307692307695 
4491.282051282052 4068.717948717949 4421.025641025642 4502.564102564103 4488.717948717949 4723.076923076924 4193.333333333334 4385.641025641026 4723.589743589744 4068.717948717949 3937.9487179487182 4333.846153846154 4611.282051282052 4392.307692307693 
4484.615384615385 4068.205128205129 4417.435897435898 4502.564102564103 4491.282051282052 4723.589743589744 4188.205128205129 4386.153846153847 4724.615384615386 4070.2564102564106 3935.8974358974365 4334.358974358975 4611.282051282052 4395.384615384616 
4485.641025641026 4072.307692307693 4408.205128205129 4506.666666666667 4490.769230769231 4723.589743589744 4184.102564102564 4383.076923076924 4727.179487179488 4067.692307692308 3933.8461538461543 4333.846153846154 4611.282051282052 4397.435897435898 
4490.256410256411 4076.410256410257 4400.512820512821 4511.282051282052 4489.743589743591 4722.051282051282 4183.076923076924 4382.564102564103 4727.6923076923085 4064.1025641025644 3936.410256410257 4336.410256410257 4612.307692307693 4398.974358974359 
4495.384615384616 4075.8974358974365 4396.410256410257 4514.358974358975 4489.743589743591 4722.564102564103 4181.025641025642 4384.615384615385 4726.153846153847 4066.666666666667 3936.9230769230776 4332.307692307693 4613.846153846154 4396.410256410257 
4513.846153846154 4075.3846153846157 4398.974358974359 4517.948717948719 4488.205128205129 4721.025641025642 4179.48717948718 4381.538461538462 4725.128205128206 4067.692307692308 3935.3846153846157 4331.282051282052 4616.923076923077 4394.358974358975 
4518.461538461539 4075.3846153846157 4397.948717948719 4518.461538461539 4488.205128205129 4716.923076923077 4182.051282051282 4381.538461538462 4727.179487179488 4064.1025641025644 3933.8461538461543 4328.717948717949 4615.8974358974365 4393.846153846154 
4517.948717948719 4076.9230769230776 4406.666666666667 4518.461538461539 4484.102564102564 4710.769230769231 4185.128205128206 4384.102564102564 4726.666666666667 4063.589743589744 3937.9487179487182 4333.846153846154 4617.435897435898 4397.948717948719 
4505.128205128206 4071.7948717948725 4406.666666666667 4516.410256410257 4482.564102564103 4716.923076923077 4195.384615384616 4383.589743589744 4725.641025641026 4066.1538461538466 3938.461538461539 4332.307692307693 4614.358974358975 4397.435897435898 
4500.000000000001 4069.23076923077 4415.384615384616 4514.358974358975 4482.051282051282 4720.512820512821 4204.102564102564 4379.48717948718 4724.102564102564 4068.205128205129 3939.48717948718 4338.974358974359 4619.48717948718 4398.974358974359 
4477.435897435898 4068.205128205129 4415.8974358974365 4509.743589743591 4488.205128205129 4722.564102564103 4205.128205128206 4383.589743589744 4725.641025641026 4065.6410256410263 3937.9487179487182 4334.358974358975 4617.948717948719 4394.871794871796 
4469.2307692307695 4070.7692307692314 4427.179487179487 4509.743589743591 4487.6923076923085 4721.025641025642 4199.48717948718 4383.589743589744 4725.128205128206 4065.6410256410263 3941.538461538462 4335.384615384616 4615.8974358974365 4396.410256410257 
4464.615384615385 4071.7948717948725 4423.076923076924 4509.743589743591 4487.6923076923085 4726.153846153847 4196.410256410257 4381.025641025642 4724.615384615386 4068.205128205129 3939.48717948718 4332.820512820514 4612.820512820514 4394.871794871796 
4479.48717948718 4073.333333333334 4422.051282051282 4507.179487179488 4486.153846153847 4724.615384615386 4195.8974358974365 4380.512820512821 4728.205128205129 4067.692307692308 3937.435897435898 4338.974358974359 4616.923076923077 4395.8974358974365 
4491.282051282052 4072.307692307693 4410.769230769231 4508.205128205129 4486.666666666667 4723.589743589744 4201.025641025642 4382.051282051282 4730.256410256411 4067.1794871794878 3935.3846153846157 4336.923076923077 4614.871794871796 4394.358974358975 
4512.307692307693 4074.358974358975 4407.179487179487 4514.358974358975 4485.128205128206 4721.025641025642 4199.48717948718 4381.025641025642 4725.128205128206 4068.205128205129 3936.410256410257 4336.923076923077 4613.846153846154 4393.846153846154 
4524.102564102564 4072.307692307693 4398.974358974359 4515.384615384616 4486.153846153847 4721.025641025642 4191.794871794872 4382.564102564103 4723.589743589744 4065.6410256410263 3934.8717948717954 4331.282051282052 4614.871794871796 4393.333333333334 
4531.282051282052 4071.7948717948725 4394.358974358975 4511.282051282052 4485.128205128206 4716.410256410257 4187.6923076923085 4382.051282051282 4726.153846153847 4064.615384615385 3932.307692307693 4329.2307692307695 4617.948717948719 4398.974358974359 
4522.564102564103 4073.333333333334 4394.358974358975 4511.794871794872 4485.641025641026 4716.923076923077 4189.2307692307695 4380.512820512821 4726.153846153847 4067.692307692308 3933.333333333334 4331.794871794872 4616.410256410257 4403.076923076924 
4505.641025641026 4072.307692307693 4398.974358974359 4514.358974358975 4484.615384615385 4721.025641025642 4192.307692307693 4381.025641025642 4726.153846153847 4066.666666666667 3935.3846153846157 4336.410256410257 4614.358974358975 4401.538461538462 
4495.8974358974365 4072.820512820513 4403.589743589744 4516.410256410257 4485.128205128206 4722.564102564103 4203.589743589744 4381.538461538462 4726.666666666667 4065.6410256410263 3937.9487179487182 4340.512820512821 4616.410256410257 4400.512820512821 
