4390.769230769231 4036.410256410257 4482.051282051282 4547.179487179488 4494.871794871796 4787.179487179488 4304.615384615385 4394.871794871796 4749.2307692307695 4232.307692307693 3876.9230769230776 4662.564102564103 4627.179487179488 4374.871794871796 
4277.948717948719 4043.076923076924 4531.282051282052 4493.333333333334 4509.2307692307695 4803.076923076924 4329.2307692307695 4426.666666666667 4750.256410256411 4232.307692307693 3864.615384615385 4575.8974358974365 4601.538461538462 4351.282051282052 
4252.307692307693 4023.589743589744 4528.205128205129 4440.512820512821 4513.333333333334 4802.564102564103 4367.6923076923085 4452.307692307693 4760.512820512821 4232.820512820514 3849.2307692307695 4510.256410256411 4585.641025641026 4347.179487179487 
4308.205128205129 3986.666666666667 4455.8974358974365 4400.512820512821 4510.769230769231 4789.743589743591 4410.256410256411 4465.128205128206 4766.666666666667 4233.846153846154 3814.358974358975 4477.435897435898 4577.948717948719 4363.589743589744 
4401.025641025642 3957.435897435898 4387.6923076923085 4374.358974358975 4514.358974358975 4766.666666666667 4428.205128205129 4468.205128205129 4764.615384615386 4233.333333333334 3783.589743589744 4490.769230769231 4582.051282051282 4390.256410256411 
4503.076923076924 3953.333333333334 4295.8974358974365 4392.820512820514 4520.512820512821 4752.307692307693 4411.282051282052 4460.000000000001 4765.128205128206 4233.846153846154 3799.48717948718 4472.307692307693 4604.102564102564 4405.128205128206 
4566.666666666667 3972.820512820513 4168.205128205129 4435.8974358974365 4524.615384615385 4757.948717948719 4379.48717948718 4444.102564102564 4766.666666666667 4234.358974358975 3845.1282051282055 4393.846153846154 4633.333333333334 4401.025641025642 
4543.589743589744 3997.9487179487182 4158.461538461539 4464.615384615385 4525.128205128206 4764.102564102564 4355.384615384616 4436.923076923077 4765.641025641026 4232.820512820514 3870.7692307692314 4367.6923076923085 4639.48717948718 4385.128205128206 
4467.179487179487 4012.820512820513 4229.2307692307695 4546.153846153847 4516.923076923077 4767.6923076923085 4347.6923076923085 4438.974358974359 4765.128205128206 4233.333333333334 3876.9230769230776 4413.846153846154 4622.051282051282 4367.179487179487 
4395.8974358974365 4014.358974358975 4232.307692307693 4653.846153846154 4508.205128205129 4764.102564102564 4346.153846153847 4429.743589743591 4764.615384615386 4231.282051282052 3885.1282051282055 4478.974358974359 4613.846153846154 4361.025641025642 
4344.615384615385 4006.666666666667 4275.384615384616 4656.410256410257 4501.538461538462 4732.307692307693 4332.820512820514 4403.076923076924 4764.615384615386 4221.538461538462 3902.0512820512827 4594.358974358975 4615.8974358974365 4376.410256410257 
4340.512820512821 3985.6410256410263 4426.153846153847 4601.025641025642 4495.384615384616 4692.307692307693 4302.051282051282 4378.461538461539 4766.666666666667 4214.871794871796 3936.410256410257 4737.435897435898 4600.000000000001 4397.948717948719 
4384.102564102564 3957.9487179487182 4514.871794871796 4610.256410256411 4491.282051282052 4679.48717948718 4256.410256410257 4365.128205128206 4760.512820512821 4218.461538461539 3960.5128205128212 4826.666666666667 4582.051282051282 4404.615384615385 
4421.025641025642 3948.205128205129 4508.717948717949 4631.794871794872 4486.153846153847 4671.282051282052 4212.307692307693 4355.8974358974365 4752.307692307693 4217.948717948719 3951.2820512820517 4893.846153846154 4592.307692307693 4405.641025641026 
4444.615384615385 3966.666666666667 4519.48717948718 4611.794871794872 4474.358974358975 4648.205128205129 4192.307692307693 4349.743589743591 4748.717948717949 4216.923076923077 3938.461538461539 4978.461538461539 4621.538461538462 4415.8974358974365 
4512.307692307693 3994.8717948717954 4501.538461538462 4616.410256410257 4461.538461538462 4643.589743589744 4195.384615384616 4358.461538461539 4741.025641025642 4226.666666666667 3937.435897435898 4991.794871794872 4652.307692307693 4422.051282051282 
4633.846153846154 4027.1794871794878 4445.128205128206 4658.461538461539 4451.794871794872 4664.102564102564 4206.153846153847 4368.205128205129 4732.307692307693 4236.410256410257 3934.8717948717954 4890.256410256411 4686.666666666667 4420.512820512821 
4740.512820512821 4076.9230769230776 4445.641025641026 4689.2307692307695 4437.948717948719 4692.307692307693 4216.923076923077 4357.948717948719 4728.205128205129 4234.871794871796 3940.0000000000005 4755.8974358974365 4723.076923076924 4435.8974358974365 
4800.000000000001 4127.179487179487 4497.435897435898 4693.846153846154 4423.076923076924 4715.8974358974365 4221.025641025642 4338.974358974359 4718.461538461539 4232.307692307693 3955.8974358974365 4670.256410256411 4753.333333333334 4473.846153846154 
4862.051282051283 4154.871794871796 4560.512820512821 4724.615384615386 4400.512820512821 4723.589743589744 4205.128205128206 4318.461538461539 4705.641025641026 4233.846153846154 3978.461538461539 4671.282051282052 4784.102564102564 4521.025641025642 
4941.025641025642 4175.8974358974365 4634.358974358975 4809.743589743591 4365.641025641026 4716.923076923077 4169.2307692307695 4290.769230769231 4696.410256410257 4234.358974358975 4024.615384615385 4746.153846153847 4822.564102564103 4569.743589743591 
4978.461538461539 4210.256410256411 4727.6923076923085 4881.025641025642 4334.358974358975 4718.461538461539 4130.256410256411 4272.820512820514 4684.102564102564 4233.846153846154 4081.538461538462 4819.48717948718 4853.333333333334 4603.589743589744 
4953.333333333334 4233.846153846154 4803.076923076924 4897.948717948719 4327.6923076923085 4743.589743589744 4107.6923076923085 4280.000000000001 4677.435897435898 4234.358974358975 4102.051282051282 4842.051282051283 4865.641025641026 4604.615384615385 
4893.333333333334 4221.538461538462 4818.461538461539 4892.307692307693 4342.564102564103 4770.769230769231 4102.051282051282 4295.8974358974365 4687.6923076923085 4234.358974358975 4084.615384615385 4862.564102564103 4855.8974358974365 4581.538461538462 
4797.435897435898 4179.48717948718 4765.641025641026 4874.358974358975 4367.179487179487 4789.743589743591 4113.846153846154 4308.717948717949 4701.538461538462 4234.871794871796 4052.307692307693 4907.179487179488 4823.589743589744 4546.666666666667 
4664.102564102564 4125.641025641026 4717.435897435898 4818.461538461539 4399.48717948718 4805.641025641026 4143.589743589744 4322.564102564103 4711.794871794872 4233.846153846154 4003.076923076924 4925.128205128206 4775.8974358974365 4504.615384615385 
4550.769230769231 4074.8717948717954 4690.256410256411 4735.8974358974365 4435.384615384616 4819.48717948718 4183.076923076924 4339.48717948718 4725.128205128206 4234.871794871796 3950.2564102564106 4890.769230769231 4722.564102564103 4456.923076923077 
4484.102564102564 4036.410256410257 4644.615384615385 4667.179487179488 4463.589743589744 4827.6923076923085 4224.615384615385 4359.48717948718 4738.974358974359 4232.820512820514 3918.9743589743593 4804.102564102564 4676.923076923077 4411.282051282052 
4393.333333333334 4001.538461538462 4597.948717948719 4593.333333333334 4486.666666666667 4832.820512820514 4278.974358974359 4390.256410256411 4750.256410256411 4224.102564102564 3887.1794871794878 4692.820512820514 4636.410256410257 4377.948717948719 
4214.358974358975 3943.589743589744 4515.8974358974365 4470.256410256411 4525.641025641026 4846.153846153847 4370.256410256411 4442.051282051282 4767.179487179488 4216.923076923077 3836.9230769230776 4578.461538461539 4573.846153846154 4342.051282051282 
4100.000000000001 3897.9487179487182 4398.461538461539 4375.384615384616 4559.48717948718 4838.974358974359 4441.025641025642 4480.000000000001 4780.512820512821 4216.923076923077 3812.820512820513 4509.743589743591 4524.615384615385 4319.48717948718 
3916.410256410257 3835.8974358974365 4201.025641025642 4292.820512820514 4618.461538461539 4862.051282051283 4516.410256410257 4525.641025641026 4804.615384615386 4219.48717948718 3803.076923076924 4355.8974358974365 4460.512820512821 4279.48717948718 
3367.1794871794878 3678.9743589743593 3835.8974358974365 4030.7692307692314 4776.410256410257 4959.48717948718 4714.358974358975 4652.307692307693 4871.282051282052 4216.923076923077 3738.9743589743593 3928.717948717949 4271.794871794872 4136.923076923077 
3209.2307692307695 3623.0769230769233 3620.0000000000005 3837.435897435898 4855.8974358974365 4931.282051282052 4815.384615384616 4715.8974358974365 4902.051282051283 4214.871794871796 3719.48717948718 3703.076923076924 4177.948717948719 4061.0256410256416 
3943.589743589744 3803.076923076924 3842.0512820512827 4066.1538461538466 4705.128205128206 4717.948717948719 4608.205128205129 4577.948717948719 4835.384615384616 4222.051282051282 3826.666666666667 4090.2564102564106 4381.538461538462 4215.384615384616 
4585.641025641026 3962.0512820512827 4114.358974358975 4397.948717948719 4544.102564102564 4589.2307692307695 4383.076923076924 4426.666666666667 4769.743589743591 4232.307692307693 3927.692307692308 4532.820512820514 4596.410256410257 4378.461538461539 
4570.769230769231 3954.358974358975 4140.512820512821 4463.076923076924 4533.846153846154 4627.6923076923085 4365.128205128206 4419.48717948718 4768.205128205129 4234.358974358975 3927.1794871794878 4551.282051282052 4608.205128205129 4373.846153846154 
4504.615384615385 3936.9230769230776 4171.282051282052 4428.717948717949 4549.2307692307695 4653.846153846154 4379.48717948718 4446.153846153847 4770.256410256411 4231.282051282052 3891.2820512820517 4471.794871794872 4584.615384615385 4341.025641025642 
4570.256410256411 3961.0256410256416 4232.820512820514 4445.641025641026 4536.923076923077 4651.794871794872 4356.923076923077 4437.948717948719 4761.025641025642 4232.307692307693 3875.3846153846157 4481.538461538462 4601.025641025642 4356.410256410257 
4494.358974358975 3964.615384615385 4212.307692307693 4437.435897435898 4543.076923076924 4677.948717948719 4377.435897435898 4439.48717948718 4765.641025641026 4233.846153846154 3862.0512820512827 4460.000000000001 4590.769230769231 4354.871794871796 
4402.051282051282 3966.666666666667 4244.615384615385 4408.205128205129 4542.051282051282 4685.641025641026 4393.846153846154 4443.076923076924 4768.717948717949 4233.846153846154 3848.205128205129 4500.512820512821 4585.641025641026 4356.923076923077 
4378.461538461539 3965.6410256410263 4334.358974358975 4391.282051282052 4535.384615384616 4678.974358974359 4386.666666666667 4443.589743589744 4767.179487179488 4232.307692307693 3840.512820512821 4586.666666666667 4583.076923076924 4364.615384615385 
4403.076923076924 3970.7692307692314 4346.666666666667 4402.564102564103 4531.794871794872 4682.564102564103 4372.820512820514 4444.102564102564 4768.205128205129 4232.307692307693 3852.820512820513 4590.769230769231 4581.025641025642 4361.538461538462 
4458.461538461539 3995.8974358974365 4303.076923076924 4436.923076923077 4526.153846153847 4692.820512820514 4345.641025641026 4435.384615384616 4765.641025641026 4233.846153846154 3878.461538461539 4524.615384615385 4606.153846153847 4367.179487179487 
4509.2307692307695 4016.410256410257 4309.2307692307695 4455.8974358974365 4518.974358974359 4695.8974358974365 4314.358974358975 4417.948717948719 4756.923076923077 4233.846153846154 3900.5128205128212 4502.564102564103 4636.410256410257 4389.2307692307695 
4628.205128205129 4036.410256410257 4357.948717948719 4514.871794871796 4490.256410256411 4675.8974358974365 4277.948717948719 4385.128205128206 4741.538461538462 4233.333333333334 3937.9487179487182 4599.48717948718 4671.794871794872 4429.2307692307695 
4754.358974358975 4051.7948717948725 4393.846153846154 4618.461538461539 4452.820512820514 4655.384615384616 4255.384615384616 4349.743589743591 4732.820512820514 4233.333333333334 3981.0256410256416 4712.307692307693 4707.6923076923085 4461.538461538462 
4788.717948717949 4062.564102564103 4444.615384615385 4682.564102564103 4432.820512820514 4654.358974358975 4236.410256410257 4324.615384615385 4726.666666666667 4233.333333333334 4007.1794871794878 4761.025641025642 4732.820512820514 4482.051282051282 
4751.794871794872 4074.358974358975 4502.564102564103 4698.461538461539 4422.564102564103 4667.6923076923085 4205.128205128206 4317.948717948719 4720.000000000001 4233.333333333334 4018.461538461539 4782.051282051282 4744.102564102564 4495.384615384616 
4692.307692307693 4075.8974358974365 4483.589743589744 4705.641025641026 4421.025641025642 4688.205128205129 4186.666666666667 4328.205128205129 4725.641025641026 4233.333333333334 4017.435897435898 4801.025641025642 4735.384615384616 4489.743589743591 
4614.871794871796 4067.692307692308 4446.666666666667 4705.128205128206 4435.8974358974365 4707.6923076923085 4192.307692307693 4347.179487179487 4734.358974358975 4233.333333333334 3993.8461538461543 4791.794871794872 4711.282051282052 4467.179487179487 
4530.769230769231 4061.538461538462 4486.666666666667 4671.794871794872 4450.769230769231 4715.8974358974365 4207.6923076923085 4363.589743589744 4734.871794871796 4233.333333333334 3961.538461538462 4781.025641025642 4686.153846153847 4446.666666666667 
4481.025641025642 4048.205128205129 4505.641025641026 4616.923076923077 4459.48717948718 4723.076923076924 4235.384615384616 4371.794871794872 4740.000000000001 4233.333333333334 3945.1282051282055 4783.076923076924 4666.666666666667 4433.333333333334 
4462.051282051282 4025.6410256410263 4467.179487179487 4583.076923076924 4469.743589743591 4734.358974358975 4268.205128205129 4369.2307692307695 4749.2307692307695 4233.333333333334 3937.435897435898 4756.410256410257 4651.794871794872 4418.461538461539 
4438.461538461539 4011.7948717948725 4472.307692307693 4566.153846153847 4481.025641025642 4737.435897435898 4278.974358974359 4362.564102564103 4750.256410256411 4233.333333333334 3927.1794871794878 4732.820512820514 4642.051282051282 4406.153846153847 
4418.974358974359 4001.538461538462 4501.538461538462 4535.384615384616 4489.743589743591 4737.435897435898 4283.076923076924 4371.794871794872 4748.717948717949 4233.333333333334 3914.8717948717954 4723.589743589744 4632.307692307693 4398.461538461539 
4423.589743589744 3978.9743589743593 4454.871794871796 4494.871794871796 4501.538461538462 4748.205128205129 4310.256410256411 4401.538461538462 4750.769230769231 4233.333333333334 3889.2307692307695 4656.410256410257 4615.8974358974365 4384.102564102564 
4421.025641025642 3968.717948717949 4361.538461538462 4468.717948717949 4517.948717948719 4770.256410256411 4350.769230769231 4438.461538461539 4756.923076923077 4233.333333333334 3860.0000000000005 4510.769230769231 4606.666666666667 4368.717948717949 
4388.205128205129 3988.205128205129 4297.948717948719 4442.564102564103 4529.2307692307695 4784.102564102564 4382.564102564103 4462.564102564103 4767.6923076923085 4233.333333333334 3854.358974358975 4393.333333333334 4613.846153846154 4371.282051282052 
4381.538461538462 4005.1282051282055 4281.538461538462 4418.974358974359 4530.256410256411 4774.358974358975 4393.846153846154 4457.948717948719 4766.153846153847 4233.333333333334 3865.6410256410263 4402.564102564103 4628.717948717949 4392.307692307693 
4438.974358974359 4003.076923076924 4307.179487179487 4448.205128205129 4521.538461538462 4748.205128205129 4373.846153846154 4425.641025641026 4752.307692307693 4233.333333333334 3894.358974358975 4497.435897435898 4641.025641025642 4408.717948717949 
4507.179487179488 4008.205128205129 4349.743589743591 4522.051282051282 4507.6923076923085 4732.307692307693 4325.641025641026 4387.179487179487 4747.6923076923085 4233.333333333334 3958.9743589743593 4571.282051282052 4652.820512820514 4418.461538461539 
4538.974358974359 4029.23076923077 4393.846153846154 4568.717948717949 4497.435897435898 4732.820512820514 4273.333333333334 4366.666666666667 4749.743589743591 4233.333333333334 4021.0256410256416 4579.48717948718 4669.2307692307695 4429.2307692307695 
4555.384615384616 4038.9743589743593 4436.923076923077 4572.307692307693 4490.769230769231 4728.205128205129 4242.564102564103 4362.564102564103 4749.743589743591 4233.333333333334 4026.1538461538466 4587.179487179488 4683.589743589744 4430.256410256411 
4565.128205128206 4031.7948717948725 4463.589743589744 4578.974358974359 4480.512820512821 4714.871794871796 4241.538461538462 4364.615384615385 4746.666666666667 4233.333333333334 3996.410256410257 4655.8974358974365 4685.641025641026 4431.282051282052 
4561.538461538462 4027.1794871794878 4460.512820512821 4599.48717948718 4471.794871794872 4708.205128205129 4258.974358974359 4366.153846153847 4739.48717948718 4233.333333333334 3977.435897435898 4728.205128205129 4680.000000000001 4441.538461538462 
4552.820512820514 4030.7692307692314 4463.076923076924 4607.6923076923085 4470.256410256411 4713.333333333334 4266.666666666667 4362.051282051282 4732.307692307693 4233.333333333334 3967.1794871794878 4739.48717948718 4679.48717948718 4442.564102564103 
4547.6923076923085 4033.8461538461543 4490.769230769231 4603.589743589744 4470.256410256411 4716.410256410257 4254.358974358975 4352.820512820514 4732.820512820514 4233.333333333334 3957.435897435898 4729.2307692307695 4680.000000000001 4433.333333333334 
4547.179487179488 4035.3846153846157 4485.641025641026 4600.000000000001 4470.256410256411 4718.974358974359 4242.051282051282 4352.820512820514 4735.384615384616 4233.333333333334 3953.8461538461543 4733.846153846154 4673.333333333334 4429.743589743591 
4536.410256410257 4035.3846153846157 4480.000000000001 4591.282051282052 4470.769230769231 4728.205128205129 4245.641025641026 4369.2307692307695 4733.846153846154 4233.333333333334 3926.666666666667 4743.589743589744 4662.564102564103 4422.564102564103 
4521.025641025642 4035.3846153846157 4483.589743589744 4571.794871794872 4468.717948717949 4731.282051282052 4259.48717948718 4385.128205128206 4739.48717948718 4233.333333333334 3893.333333333334 4730.769230769231 4655.384615384616 4411.282051282052 
4520.512820512821 4036.9230769230776 4415.8974358974365 4554.358974358975 4473.846153846154 4735.8974358974365 4278.974358974359 4389.2307692307695 4747.6923076923085 4233.333333333334 3901.538461538462 4665.128205128206 4662.051282051282 4411.282051282052 
4514.871794871796 4037.9487179487182 4375.8974358974365 4541.025641025642 4487.6923076923085 4747.6923076923085 4302.051282051282 4386.153846153847 4748.717948717949 4233.333333333334 3914.358974358975 4597.435897435898 4665.641025641026 4409.743589743591 
4486.666666666667 4038.9743589743593 4434.358974358975 4529.743589743591 4491.282051282052 4757.435897435898 4330.769230769231 4390.769230769231 4748.205128205129 4233.333333333334 3897.435897435898 4565.641025641026 4646.666666666667 4404.102564102564 
4468.717948717949 4027.692307692308 4410.769230769231 4521.538461538462 4490.256410256411 4764.102564102564 4362.051282051282 4408.717948717949 4751.282051282052 4233.333333333334 3881.538461538462 4522.564102564103 4625.128205128206 4400.000000000001 
4453.333333333334 4004.1025641025644 4302.564102564103 4495.8974358974365 4501.538461538462 4772.820512820514 4383.076923076924 4430.256410256411 4753.333333333334 4233.333333333334 3857.9487179487182 4472.820512820514 4626.153846153847 4390.256410256411 
4413.846153846154 4002.564102564103 4308.205128205129 4461.538461538462 4511.794871794872 4770.769230769231 4371.794871794872 4445.128205128206 4753.333333333334 4233.846153846154 3825.1282051282055 4473.846153846154 4632.820512820514 4388.205128205129 
4409.743589743591 4023.589743589744 4358.461538461539 4465.128205128206 4504.615384615385 4752.307692307693 4335.8974358974365 4445.641025641026 4754.871794871796 4234.358974358975 3839.48717948718 4535.8974358974365 4628.717948717949 4397.948717948719 
4469.743589743591 4021.538461538462 4352.820512820514 4519.48717948718 4495.8974358974365 4735.384615384616 4305.128205128206 4425.128205128206 4752.307692307693 4231.794871794872 3891.7948717948725 4594.358974358975 4632.820512820514 4396.923076923077 
4518.974358974359 4009.23076923077 4389.2307692307695 4563.589743589744 4490.256410256411 4721.538461538462 4277.948717948719 4388.717948717949 4750.769230769231 4232.307692307693 3930.2564102564106 4652.820512820514 4652.820512820514 4394.871794871796 
4533.333333333334 4025.6410256410263 4475.384615384616 4558.461538461539 4476.923076923077 4697.948717948719 4243.589743589744 4354.871794871796 4748.717948717949 4233.846153846154 3965.1282051282055 4752.307692307693 4674.358974358975 4415.8974358974365 
4547.6923076923085 4029.7435897435903 4581.538461538462 4603.076923076924 4460.000000000001 4684.102564102564 4215.8974358974365 4333.333333333334 4737.948717948719 4222.564102564103 3986.666666666667 4829.2307692307695 4676.923076923077 4429.2307692307695 
4564.615384615385 3999.48717948718 4619.48717948718 4738.974358974359 4452.307692307693 4694.358974358975 4203.076923076924 4326.153846153847 4731.282051282052 4212.820512820514 3986.1538461538466 4827.179487179488 4663.589743589744 4420.512820512821 
4561.025641025642 3997.435897435898 4495.384615384616 4813.846153846154 4463.076923076924 4706.153846153847 4192.307692307693 4334.871794871796 4734.871794871796 4223.589743589744 4019.48717948718 4766.153846153847 4669.743589743591 4426.666666666667 
4524.615384615385 4033.333333333334 4423.076923076924 4751.282051282052 4469.2307692307695 4702.051282051282 4187.179487179487 4346.666666666667 4735.8974358974365 4235.384615384616 4051.2820512820517 4734.358974358975 4692.307692307693 4444.102564102564 
4493.846153846154 4042.0512820512827 4495.384615384616 4686.666666666667 4463.076923076924 4702.051282051282 4214.358974358975 4356.410256410257 4737.948717948719 4232.307692307693 4018.461538461539 4748.717948717949 4689.2307692307695 4445.128205128206 
4501.538461538462 4019.48717948718 4470.256410256411 4682.051282051282 4465.641025641026 4713.846153846154 4270.256410256411 4372.820512820514 4746.666666666667 4229.2307692307695 3963.076923076924 4736.410256410257 4664.102564102564 4432.820512820514 
4507.179487179488 4016.9230769230776 4352.307692307693 4635.8974358974365 4481.538461538462 4737.435897435898 4322.564102564103 4398.974358974359 4750.769230769231 4230.256410256411 3922.0512820512827 4640.512820512821 4650.256410256411 4419.48717948718 
4486.153846153847 4035.8974358974365 4347.179487179487 4542.051282051282 4494.358974358975 4764.102564102564 4346.666666666667 4424.102564102564 4749.743589743591 4233.333333333334 3873.333333333334 4483.589743589744 4650.769230769231 4405.641025641026 
4483.076923076924 4042.0512820512827 4398.974358974359 4482.051282051282 4495.8974358974365 4774.358974358975 4351.282051282052 4443.589743589744 4752.307692307693 4229.74358974359 3821.0256410256416 4417.948717948719 4642.051282051282 4392.820512820514 
4511.282051282052 4030.7692307692314 4369.2307692307695 4494.358974358975 4496.410256410257 4765.641025641026 4355.8974358974365 4449.743589743591 4751.282051282052 4218.974358974359 3804.1025641025644 4458.974358974359 4627.179487179488 4379.48717948718 
4520.000000000001 4029.23076923077 4331.794871794872 4533.846153846154 4495.8974358974365 4755.384615384616 4356.410256410257 4434.358974358975 4749.2307692307695 4216.923076923077 3830.2564102564106 4496.923076923077 4628.717948717949 4375.384615384616 
4490.769230769231 4044.615384615385 4392.307692307693 4530.256410256411 4493.333333333334 4747.6923076923085 4337.435897435898 4410.256410256411 4750.256410256411 4220.512820512821 3869.7435897435903 4529.743589743591 4645.641025641026 4387.6923076923085 
4476.410256410257 4048.717948717949 4486.153846153847 4521.025641025642 4489.2307692307695 4735.8974358974365 4309.2307692307695 4390.256410256411 4749.743589743591 4217.948717948719 3893.333333333334 4598.974358974359 4653.846153846154 4400.000000000001 
4508.717948717949 4028.205128205129 4463.589743589744 4555.384615384616 4486.666666666667 4728.205128205129 4296.923076923077 4385.641025641026 4748.717948717949 4222.051282051282 3905.6410256410263 4662.564102564103 4648.717948717949 4401.538461538462 
4528.205128205129 4009.7435897435903 4386.666666666667 4584.615384615385 4488.205128205129 4730.769230769231 4298.974358974359 4396.923076923077 4749.2307692307695 4232.307692307693 3918.461538461539 4636.923076923077 4654.871794871796 4405.641025641026 
4498.974358974359 4018.461538461539 4406.666666666667 4544.615384615385 4487.6923076923085 4734.358974358975 4295.8974358974365 4411.794871794872 4749.2307692307695 4234.358974358975 3913.333333333334 4586.153846153847 4666.153846153847 4418.461538461539 
4487.179487179488 4031.7948717948725 4424.615384615385 4499.48717948718 4488.717948717949 4740.000000000001 4303.076923076924 4422.564102564103 4749.2307692307695 4228.205128205129 3897.9487179487182 4563.589743589744 4662.051282051282 4421.025641025642 
4513.333333333334 4026.1538461538466 4357.435897435898 4522.051282051282 4492.820512820514 4748.717948717949 4329.2307692307695 4422.051282051282 4749.2307692307695 4221.025641025642 3896.9230769230776 4524.615384615385 4654.871794871796 4407.6923076923085 
4521.025641025642 4025.1282051282055 4307.179487179487 4556.410256410257 4494.358974358975 4752.820512820514 4343.076923076924 4405.641025641026 4749.2307692307695 4216.923076923077 3924.1025641025644 4483.589743589744 4661.025641025642 4404.615384615385 
4502.051282051282 4044.615384615385 4350.769230769231 4546.666666666667 4493.333333333334 4752.820512820514 4331.794871794872 4389.2307692307695 4749.2307692307695 4218.974358974359 3952.820512820513 4474.358974358975 4671.282051282052 4413.333333333334 
4502.051282051282 4047.1794871794878 4431.282051282052 4523.589743589744 4491.794871794872 4751.282051282052 4319.48717948718 4394.871794871796 4749.2307692307695 4219.48717948718 3933.333333333334 4504.102564102564 4665.641025641026 4408.205128205129 
4522.564102564103 4022.0512820512827 4425.641025641026 4527.6923076923085 4491.794871794872 4747.179487179488 4331.794871794872 4418.461538461539 4749.743589743591 4217.435897435898 3888.205128205129 4524.615384615385 4647.179487179488 4392.307692307693 
4512.307692307693 4011.7948717948725 4333.846153846154 4518.974358974359 4501.025641025642 4751.282051282052 4355.8974358974365 4440.512820512821 4752.307692307693 4217.435897435898 3863.076923076924 4481.025641025642 4632.820512820514 4386.153846153847 
4460.512820512821 4023.589743589744 4320.000000000001 4460.000000000001 4511.794871794872 4765.128205128206 4369.2307692307695 4449.2307692307695 4754.871794871796 4217.948717948719 3834.358974358975 4411.794871794872 4632.820512820514 4386.153846153847 
4436.923076923077 4033.8461538461543 4376.923076923077 4413.333333333334 4511.282051282052 4772.820512820514 4375.8974358974365 4449.2307692307695 4753.333333333334 4218.461538461539 3800.0000000000005 4387.6923076923085 4630.769230769231 4386.153846153847 
4471.282051282052 4029.7435897435903 4348.717948717949 4429.2307692307695 4506.153846153847 4762.051282051282 4391.282051282052 4446.666666666667 4751.794871794872 4218.461538461539 3787.692307692308 4429.743589743591 4615.8974358974365 4378.461538461539 
4500.512820512821 4018.461538461539 4301.538461538462 4460.000000000001 4508.205128205129 4750.256410256411 4399.48717948718 4440.512820512821 4752.307692307693 4218.461538461539 3792.820512820513 4467.179487179487 4613.333333333334 4364.102564102564 
4494.358974358975 4025.6410256410263 4361.538461538462 4462.051282051282 4506.153846153847 4750.769230769231 4374.358974358975 4428.205128205129 4750.769230769231 4218.461538461539 3807.1794871794878 4468.205128205129 4627.6923076923085 4363.589743589744 
4496.410256410257 4042.564102564103 4422.564102564103 4473.846153846154 4495.384615384616 4745.641025641026 4325.128205128206 4408.205128205129 4749.2307692307695 4218.461538461539 3847.1794871794878 4513.333333333334 4634.871794871796 4379.48717948718 
4527.179487179488 4040.0000000000005 4390.256410256411 4539.48717948718 4488.717948717949 4730.769230769231 4284.102564102564 4382.051282051282 4746.153846153847 4218.461538461539 3904.1025641025644 4610.256410256411 4644.102564102564 4397.435897435898 
4539.48717948718 4028.205128205129 4403.589743589744 4608.717948717949 4481.025641025642 4712.307692307693 4255.384615384616 4353.846153846154 4737.435897435898 4218.461538461539 3951.2820512820517 4714.358974358975 4661.538461538462 4413.333333333334 
4530.256410256411 4028.717948717949 4470.769230769231 4628.717948717949 4466.153846153847 4697.435897435898 4231.282051282052 4333.333333333334 4733.333333333334 4218.461538461539 3995.8974358974365 4785.641025641026 4673.846153846154 4433.846153846154 
4537.435897435898 4029.23076923077 4475.384615384616 4631.794871794872 4456.923076923077 4692.820512820514 4223.076923076924 4329.743589743591 4734.871794871796 4218.461538461539 4023.589743589744 4793.333333333334 4682.051282051282 4448.205128205129 
4545.641025641026 4019.48717948718 4434.871794871796 4645.641025641026 4462.564102564103 4702.564102564103 4228.205128205129 4341.025641025642 4732.820512820514 4218.461538461539 4011.7948717948725 4772.820512820514 4687.6923076923085 4448.205128205129 
4524.102564102564 4014.8717948717954 4421.538461538462 4641.025641025642 4471.282051282052 4711.794871794872 4235.8974358974365 4362.051282051282 4736.923076923077 4218.461538461539 3985.6410256410263 4760.512820512821 4684.102564102564 4442.051282051282 
4496.923076923077 4021.538461538462 4438.974358974359 4608.205128205129 4476.410256410257 4716.923076923077 4250.256410256411 4383.589743589744 4748.717948717949 4218.461538461539 3956.9230769230776 4735.384615384616 4670.256410256411 4432.820512820514 
4489.743589743591 4028.205128205129 4434.358974358975 4580.512820512821 4480.000000000001 4730.769230769231 4269.74358974359 4393.333333333334 4752.307692307693 4218.461538461539 3925.6410256410263 4670.769230769231 4660.512820512821 4416.410256410257 
4485.128205128206 4030.7692307692314 4441.025641025642 4567.179487179488 4480.000000000001 4737.948717948719 4277.948717948719 4383.589743589744 4749.743589743591 4217.948717948719 3910.7692307692314 4652.307692307693 4660.000000000001 4401.025641025642 
4487.6923076923085 4034.8717948717954 4495.8974358974365 4568.205128205129 4477.435897435898 4723.589743589744 4262.564102564103 4362.564102564103 4745.641025641026 4217.435897435898 3927.692307692308 4731.282051282052 4662.051282051282 4401.025641025642 
4520.512820512821 4034.358974358975 4557.435897435898 4606.666666666667 4472.820512820514 4702.051282051282 4224.102564102564 4340.000000000001 4736.923076923077 4217.435897435898 3973.8461538461543 4813.333333333334 4667.6923076923085 4410.769230769231 
4561.025641025642 4029.7435897435903 4588.205128205129 4669.2307692307695 4461.025641025642 4691.794871794872 4172.820512820514 4315.8974358974365 4730.769230769231 4216.923076923077 4040.0000000000005 4863.076923076924 4680.512820512821 4426.666666666667 
4570.256410256411 4025.6410256410263 4612.307692307693 4711.794871794872 4449.743589743591 4684.615384615386 4132.820512820514 4297.435897435898 4730.256410256411 4216.410256410257 4099.48717948718 4920.000000000001 4698.974358974359 4450.256410256411 
4560.512820512821 4021.538461538462 4615.8974358974365 4723.589743589744 4449.743589743591 4677.435897435898 4123.076923076924 4297.948717948719 4731.282051282052 4216.410256410257 4121.538461538462 4967.6923076923085 4710.769230769231 4467.179487179487 
4549.2307692307695 4013.333333333334 4572.307692307693 4721.025641025642 4456.410256410257 4689.2307692307695 4153.846153846154 4317.435897435898 4731.282051282052 4215.8974358974365 4098.974358974359 4931.794871794872 4704.102564102564 4469.2307692307695 
4525.128205128206 4010.7692307692314 4496.410256410257 4693.846153846154 4465.641025641026 4722.051282051282 4215.384615384616 4345.641025641026 4731.794871794872 4216.410256410257 4056.410256410257 4794.871794871796 4685.128205128206 4460.000000000001 
4493.333333333334 4023.076923076924 4397.948717948719 4629.2307692307695 4483.076923076924 4757.435897435898 4277.948717948719 4373.846153846154 4741.025641025642 4217.435897435898 4011.7948717948725 4626.666666666667 4675.384615384616 4443.076923076924 
4468.717948717949 4040.5128205128212 4356.410256410257 4562.051282051282 4501.025641025642 4782.051282051282 4321.538461538462 4400.000000000001 4752.820512820514 4217.948717948719 3954.358974358975 4499.48717948718 4669.743589743591 4418.974358974359 
4464.102564102564 4045.1282051282055 4370.769230769231 4533.846153846154 4504.102564102564 4789.743589743591 4344.615384615385 4418.974358974359 4752.820512820514 4217.435897435898 3902.0512820512827 4452.820512820514 4652.307692307693 4400.512820512821 
4489.2307692307695 4039.48717948718 4362.051282051282 4512.820512820514 4500.512820512821 4773.846153846154 4350.256410256411 4424.102564102564 4750.769230769231 4216.923076923077 3884.1025641025644 4481.538461538462 4641.538461538462 4392.307692307693 
4509.743589743591 4032.820512820513 4442.051282051282 4509.743589743591 4492.820512820514 4753.333333333334 4330.256410256411 4409.2307692307695 4753.333333333334 4216.410256410257 3881.538461538462 4543.076923076924 4647.6923076923085 4385.641025641026 
4510.256410256411 4024.1025641025644 4584.102564102564 4604.615384615385 4474.358974358975 4742.564102564103 4270.769230769231 4377.948717948719 4746.153846153847 4216.923076923077 3895.3846153846157 4617.948717948719 4653.333333333334 4388.717948717949 
4534.358974358975 4016.410256410257 4579.48717948718 4738.461538461539 4458.974358974359 4717.435897435898 4198.974358974359 4344.615384615385 4733.846153846154 4217.435897435898 3955.3846153846157 4736.410256410257 4665.128205128206 4408.205128205129 
4562.051282051282 4018.461538461539 4538.461538461539 4776.923076923077 4452.307692307693 4675.8974358974365 4158.461538461539 4323.076923076924 4731.282051282052 4216.410256410257 4015.3846153846157 4885.128205128206 4685.128205128206 4431.282051282052 
4542.051282051282 4021.538461538462 4608.717948717949 4745.128205128206 4445.128205128206 4656.923076923077 4155.8974358974365 4320.000000000001 4732.820512820514 4216.410256410257 4029.23076923077 4969.2307692307695 4690.256410256411 4443.076923076924 
4517.435897435898 4015.3846153846157 4601.538461538462 4731.282051282052 4445.128205128206 4672.820512820514 4173.846153846154 4329.743589743591 4733.333333333334 4216.410256410257 4024.615384615385 4941.538461538462 4686.153846153847 4445.641025641026 
4518.461538461539 4015.3846153846157 4489.743589743591 4717.948717948719 4462.051282051282 4698.461538461539 4198.974358974359 4343.076923076924 4733.846153846154 4216.410256410257 4015.3846153846157 4847.6923076923085 4689.2307692307695 4441.538461538462 
4507.179487179488 4029.23076923077 4464.102564102564 4689.2307692307695 4474.358974358975 4717.948717948719 4221.025641025642 4352.307692307693 4734.871794871796 4216.410256410257 4006.1538461538466 4763.589743589744 4687.179487179488 4436.923076923077 
4504.102564102564 4040.5128205128212 4481.025641025642 4674.871794871796 4472.820512820514 4729.2307692307695 4229.2307692307695 4347.6923076923085 4736.410256410257 4216.410256410257 4014.358974358975 4730.769230769231 4678.974358974359 4438.461538461539 
4535.8974358974365 4034.8717948717954 4451.794871794872 4680.000000000001 4473.333333333334 4734.358974358975 4234.871794871796 4338.461538461539 4736.923076923077 4216.410256410257 4024.615384615385 4720.512820512821 4679.48717948718 4435.384615384616 
4548.717948717949 4027.692307692308 4439.48717948718 4683.589743589744 4475.384615384616 4735.384615384616 4246.666666666667 4340.512820512821 4736.923076923077 4216.410256410257 4018.9743589743593 4704.102564102564 4680.512820512821 4428.717948717949 
4523.589743589744 4031.2820512820517 4463.589743589744 4660.000000000001 4473.333333333334 4734.358974358975 4250.769230769231 4355.384615384616 4742.051282051282 4215.8974358974365 4000.5128205128212 4705.128205128206 4672.820512820514 4427.6923076923085 
4505.128205128206 4027.1794871794878 4482.051282051282 4627.6923076923085 4471.282051282052 4732.820512820514 4255.384615384616 4372.307692307693 4748.205128205129 4215.384615384616 3959.48717948718 4723.076923076924 4661.025641025642 4420.512820512821 
4499.48717948718 4011.7948717948725 4455.8974358974365 4611.282051282052 4478.461538461539 4738.461538461539 4275.384615384616 4388.717948717949 4750.256410256411 4215.8974358974365 3910.2564102564106 4704.615384615386 4648.205128205129 4404.102564102564 
4476.923076923077 4011.2820512820517 4411.282051282052 4589.743589743591 4491.282051282052 4750.256410256411 4299.48717948718 4404.102564102564 4750.769230769231 4215.8974358974365 3889.7435897435903 4639.48717948718 4638.461538461539 4391.794871794872 
4446.666666666667 4028.717948717949 4410.256410256411 4553.846153846154 4495.8974358974365 4757.948717948719 4308.717948717949 4410.256410256411 4750.769230769231 4215.384615384616 3883.076923076924 4585.641025641026 4632.307692307693 4386.153846153847 
4445.128205128206 4032.307692307693 4447.179487179487 4532.820512820514 4492.820512820514 4752.307692307693 4309.2307692307695 4406.666666666667 4749.743589743591 4215.8974358974365 3865.6410256410263 4607.6923076923085 4629.743589743591 4384.615384615385 
4473.846153846154 4022.564102564103 4462.564102564103 4549.743589743591 4486.153846153847 4735.8974358974365 4303.076923076924 4393.846153846154 4749.743589743591 4215.8974358974365 3870.7692307692314 4684.615384615386 4633.333333333334 4391.282051282052 
4503.076923076924 4024.615384615385 4490.256410256411 4586.153846153847 4475.8974358974365 4716.410256410257 4278.461538461539 4374.358974358975 4744.615384615386 4215.8974358974365 3912.307692307693 4744.102564102564 4645.128205128206 4399.48717948718 
4526.666666666667 4031.7948717948725 4556.923076923077 4616.410256410257 4465.128205128206 4702.564102564103 4232.307692307693 4351.794871794872 4734.358974358975 4215.8974358974365 3958.9743589743593 4789.2307692307695 4662.564102564103 4410.769230769231 
4556.923076923077 4030.7692307692314 4579.48717948718 4655.8974358974365 4460.000000000001 4693.333333333334 4182.564102564103 4329.2307692307695 4731.794871794872 4215.8974358974365 4008.717948717949 4848.205128205129 4684.615384615386 4429.2307692307695 
4581.025641025642 4026.666666666667 4545.128205128206 4715.8974358974365 4453.846153846154 4683.589743589744 4158.461538461539 4310.256410256411 4733.333333333334 4215.8974358974365 4063.076923076924 4904.102564102564 4701.025641025642 4445.641025641026 
4575.384615384616 4030.2564102564106 4534.358974358975 4753.333333333334 4448.205128205129 4682.564102564103 4157.435897435898 4300.000000000001 4732.820512820514 4214.358974358975 4092.820512820513 4931.282051282052 4706.666666666667 4457.435897435898 
4561.538461538462 4034.8717948717954 4538.974358974359 4747.6923076923085 4449.2307692307695 4694.358974358975 4160.512820512821 4308.205128205129 4732.307692307693 4216.923076923077 4096.410256410257 4915.8974358974365 4712.307692307693 4463.589743589744 
4562.051282051282 4031.7948717948725 4493.333333333334 4733.846153846154 4456.410256410257 4710.256410256411 4178.974358974359 4326.666666666667 4732.820512820514 4215.384615384616 4087.692307692308 4851.282051282052 4715.384615384616 4461.538461538462 
4550.256410256411 4027.1794871794878 4448.205128205129 4714.871794871796 4466.153846153847 4729.2307692307695 4217.435897435898 4345.641025641026 4736.923076923077 4208.717948717949 4056.410256410257 4763.589743589744 4705.128205128206 4451.794871794872 
4509.743589743591 4031.2820512820517 4462.051282051282 4667.179487179488 4473.846153846154 4747.6923076923085 4252.820512820514 4365.641025641026 4747.179487179488 4209.74358974359 4006.1538461538466 4701.538461538462 4682.051282051282 4441.025641025642 
4474.358974358975 4030.2564102564106 4490.256410256411 4612.820512820514 4480.512820512821 4752.307692307693 4274.358974358975 4388.205128205129 4751.282051282052 4214.358974358975 3957.9487179487182 4664.615384615386 4658.461538461539 4424.102564102564 
4465.128205128206 4021.538461538462 4474.871794871796 4580.000000000001 4487.6923076923085 4752.820512820514 4292.307692307693 4403.076923076924 4748.717948717949 4215.384615384616 3923.589743589744 4627.6923076923085 4644.615384615385 4403.589743589744 
4456.923076923077 4026.1538461538466 4455.384615384616 4562.564102564103 4494.358974358975 4753.846153846154 4304.102564102564 4402.051282051282 4749.2307692307695 4215.384615384616 3906.666666666667 4612.820512820514 4644.615384615385 4393.846153846154 
4457.435897435898 4036.9230769230776 4495.8974358974365 4555.384615384616 4488.717948717949 4744.102564102564 4294.358974358975 4390.256410256411 4750.256410256411 4210.769230769231 3902.0512820512827 4662.051282051282 4649.2307692307695 4390.769230769231 
4494.871794871796 4031.2820512820517 4551.794871794872 4569.2307692307695 4476.923076923077 4729.743589743591 4272.820512820514 4376.923076923077 4748.205128205129 4201.025641025642 3903.589743589744 4735.8974358974365 4644.615384615385 4385.641025641026 
4539.48717948718 4018.9743589743593 4537.948717948719 4597.948717948719 4475.8974358974365 4728.717948717949 4263.589743589744 4370.769230769231 4748.205128205129 4200.000000000001 3920.5128205128212 4746.153846153847 4643.076923076924 4385.128205128206 
4548.205128205129 4018.461538461539 4479.48717948718 4604.102564102564 4478.974358974359 4732.307692307693 4266.153846153847 4376.410256410257 4748.205128205129 4204.102564102564 3942.0512820512827 4693.846153846154 4661.025641025642 4396.410256410257 
4531.794871794872 4022.564102564103 4474.358974358975 4582.051282051282 4477.948717948719 4731.794871794872 4265.128205128206 4384.615384615385 4747.179487179488 4201.025641025642 3938.461538461539 4667.179487179488 4676.410256410257 4409.743589743591 
4525.641025641026 4019.48717948718 4497.435897435898 4580.000000000001 4476.923076923077 4731.282051282052 4267.179487179487 4389.743589743591 4748.717948717949 4198.974358974359 3925.1282051282055 4695.8974358974365 4667.6923076923085 4419.48717948718 
4530.256410256411 4017.9487179487182 4460.000000000001 4623.076923076924 4476.923076923077 4729.743589743591 4268.717948717949 4383.589743589744 4746.153846153847 4205.641025641026 3957.9487179487182 4721.025641025642 4663.076923076924 4430.256410256411 
4527.6923076923085 4032.307692307693 4404.102564102564 4673.846153846154 4474.871794871796 4729.2307692307695 4247.6923076923085 4354.358974358975 4738.461538461539 4210.256410256411 4036.410256410257 4707.6923076923085 4686.666666666667 4442.564102564103 
4521.025641025642 4053.333333333334 4430.769230769231 4697.948717948719 4474.358974358975 4733.333333333334 4210.769230769231 4323.076923076924 4731.794871794872 4204.615384615385 4093.8461538461543 4698.974358974359 4710.256410256411 4451.282051282052 
4530.769230769231 4052.820512820513 4498.461538461539 4692.307692307693 4472.820512820514 4733.333333333334 4206.153846153847 4324.615384615385 4732.307692307693 4200.000000000001 4084.1025641025644 4727.6923076923085 4703.589743589744 4446.666666666667 
4545.128205128206 4030.2564102564106 4483.589743589744 4662.564102564103 4469.2307692307695 4730.256410256411 4260.000000000001 4363.076923076924 4742.051282051282 4202.564102564103 4012.820512820513 4727.179487179488 4677.948717948719 4427.179487179487 
4518.974358974359 4011.2820512820517 4409.2307692307695 4589.2307692307695 4480.000000000001 4745.128205128206 4335.384615384616 4413.333333333334 4749.2307692307695 4203.589743589744 3907.692307692308 4617.948717948719 4651.794871794872 4400.512820512821 
4461.025641025642 4010.7692307692314 4374.358974358975 4480.512820512821 4501.025641025642 4776.923076923077 4383.589743589744 4457.435897435898 4755.384615384616 4202.051282051282 3807.692307692308 4455.384615384616 4631.282051282052 4378.974358974359 
4430.256410256411 4022.0512820512827 4375.8974358974365 4408.717948717949 4512.307692307693 4791.794871794872 4398.461538461539 4478.461538461539 4764.615384615386 4203.589743589744 3748.717948717949 4380.512820512821 4615.384615384616 4367.179487179487 
4439.48717948718 4027.692307692308 4374.871794871796 4426.666666666667 4511.794871794872 4775.384615384616 4389.743589743591 4465.641025641026 4764.615384615386 4202.564102564103 3746.666666666667 4452.307692307693 4606.153846153847 4358.974358974359 
4457.948717948719 4030.2564102564106 4402.051282051282 4497.948717948719 4505.128205128206 4746.666666666667 4350.769230769231 4428.717948717949 4753.846153846154 4201.025641025642 3805.1282051282055 4588.205128205129 4613.846153846154 4358.974358974359 
4482.564102564103 4042.0512820512827 4477.948717948719 4559.48717948718 4489.743589743591 4721.025641025642 4283.076923076924 4382.051282051282 4744.615384615386 4201.538461538462 3904.615384615385 4700.512820512821 4642.564102564103 4378.974358974359 
4529.743589743591 4047.692307692308 4560.512820512821 4607.179487179488 4468.205128205129 4693.333333333334 4217.948717948719 4342.564102564103 4736.410256410257 4201.538461538462 3987.692307692308 4801.538461538462 4675.8974358974365 4407.6923076923085 
4589.743589743591 4029.7435897435903 4595.384615384616 4662.564102564103 4452.820512820514 4672.307692307693 4186.666666666667 4321.538461538462 4731.282051282052 4201.538461538462 4029.23076923077 4896.923076923077 4689.743589743591 4430.769230769231 
4624.102564102564 4007.692307692308 4553.846153846154 4705.128205128206 4453.846153846154 4676.923076923077 4189.2307692307695 4320.512820512821 4732.307692307693 4201.538461538462 4050.7692307692314 4908.205128205129 4688.717948717949 4444.615384615385 
4602.051282051282 4009.7435897435903 4484.102564102564 4704.102564102564 4465.641025641026 4707.6923076923085 4210.256410256411 4333.846153846154 4732.820512820514 4201.538461538462 4056.9230769230776 4797.948717948719 4689.743589743591 4451.282051282052 
4534.358974358975 4025.6410256410263 4448.717948717949 4666.153846153847 4474.871794871796 4739.48717948718 4243.589743589744 4353.333333333334 4738.461538461539 4201.538461538462 4032.820512820513 4669.2307692307695 4685.128205128206 4449.743589743591 
4474.358974358975 4035.8974358974365 4390.256410256411 4638.461538461539 4484.102564102564 4754.358974358975 4281.025641025642 4371.282051282052 4750.769230769231 4201.538461538462 4002.564102564103 4626.666666666667 4670.256410256411 4439.48717948718 
4447.179487179487 4041.0256410256416 4318.461538461539 4633.846153846154 4491.794871794872 4757.435897435898 4305.641025641026 4383.589743589744 4751.282051282052 4201.538461538462 3981.538461538462 4626.153846153847 4664.615384615386 4422.564102564103 
4440.000000000001 4045.6410256410263 4361.538461538462 4604.615384615385 4491.282051282052 4754.358974358975 4311.282051282052 4392.820512820514 4748.205128205129 4201.538461538462 3944.1025641025644 4612.307692307693 4663.589743589744 4406.153846153847 
4463.076923076924 4036.9230769230776 4450.256410256411 4542.051282051282 4486.666666666667 4750.769230769231 4315.384615384616 4410.256410256411 4750.769230769231 4201.538461538462 3896.9230769230776 4588.205128205129 4651.794871794872 4393.846153846154 
4512.307692307693 4015.3846153846157 4438.461538461539 4496.923076923077 4489.743589743591 4752.307692307693 4331.282051282052 4428.717948717949 4751.282051282052 4201.538461538462 3854.358974358975 4552.307692307693 4636.923076923077 4378.974358974359 
4534.871794871796 4005.6410256410263 4412.307692307693 4478.461538461539 4495.384615384616 4748.717948717949 4346.153846153847 4429.2307692307695 4749.2307692307695 4201.538461538462 3813.8461538461543 4532.307692307693 4631.794871794872 4367.179487179487 
4511.794871794872 4014.358974358975 4472.820512820514 4466.153846153847 4493.333333333334 4733.846153846154 4342.051282051282 4418.461538461539 4749.2307692307695 4201.538461538462 3791.7948717948725 4582.564102564103 4629.743589743591 4371.282051282052 
4491.282051282052 4022.0512820512827 4509.2307692307695 4486.153846153847 4488.205128205129 4724.615384615386 4325.641025641026 4407.6923076923085 4748.717948717949 4201.538461538462 3815.3846153846157 4671.794871794872 4626.153846153847 4381.025641025642 
4488.717948717949 4028.205128205129 4443.589743589744 4553.333333333334 4488.717948717949 4730.769230769231 4303.589743589744 4391.282051282052 4749.2307692307695 4201.538461538462 3882.0512820512827 4687.179487179488 4638.461538461539 4385.641025641026 
4468.717948717949 4041.0256410256416 4401.538461538462 4595.8974358974365 4488.717948717949 4733.846153846154 4280.000000000001 4381.025641025642 4749.2307692307695 4201.538461538462 3938.461538461539 4660.512820512821 4664.102564102564 4392.307692307693 
4458.974358974359 4045.1282051282055 4436.923076923077 4571.794871794872 4482.051282051282 4729.743589743591 4277.435897435898 4394.871794871796 4749.2307692307695 4201.538461538462 3943.076923076924 4658.974358974359 4669.2307692307695 4405.128205128206 
4500.000000000001 4029.23076923077 4414.871794871796 4555.384615384616 4483.076923076924 4741.538461538462 4311.282051282052 4413.333333333334 4749.743589743591 4201.538461538462 3920.0000000000005 4589.743589743591 4651.282051282052 4415.384615384616 
4539.48717948718 4014.358974358975 4289.2307692307695 4555.384615384616 4500.000000000001 4767.179487179488 4356.410256410257 4417.435897435898 4749.743589743591 4201.538461538462 3912.820512820513 4464.102564102564 4648.717948717949 4417.435897435898 
4527.6923076923085 4023.589743589744 4266.666666666667 4498.974358974359 4511.794871794872 4773.846153846154 4379.48717948718 4415.8974358974365 4750.769230769231 4201.538461538462 3910.2564102564106 4402.051282051282 4658.974358974359 4421.538461538462 
4510.769230769231 4032.307692307693 4430.256410256411 4509.2307692307695 4498.974358974359 4768.717948717949 4363.589743589744 4405.128205128206 4749.2307692307695 4201.025641025642 3893.333333333334 4418.461538461539 4651.794871794872 4417.948717948719 
4526.153846153847 4018.9743589743593 4494.358974358975 4680.000000000001 4480.000000000001 4767.6923076923085 4318.974358974359 4386.153846153847 4747.6923076923085 4200.512820512821 3903.076923076924 4487.179487179488 4641.538461538462 4401.538461538462 
4524.615384615385 4018.9743589743593 4405.128205128206 4794.358974358975 4475.8974358974365 4742.051282051282 4265.641025641026 4368.717948717949 4749.2307692307695 4201.025641025642 3954.8717948717954 4611.794871794872 4658.974358974359 4396.410256410257 
4495.8974358974365 4042.564102564103 4445.128205128206 4731.794871794872 4470.256410256411 4693.846153846154 4216.410256410257 4357.948717948719 4745.641025641026 4201.025641025642 3987.1794871794878 4754.871794871796 4681.538461538462 4404.615384615385 
4509.2307692307695 4041.0256410256416 4581.025641025642 4678.461538461539 4458.461538461539 4668.717948717949 4195.8974358974365 4360.512820512821 4734.871794871796 4200.512820512821 3970.7692307692314 4844.102564102564 4674.871794871796 4407.179487179487 
4563.076923076924 4012.820512820513 4555.8974358974365 4708.717948717949 4465.128205128206 4674.871794871796 4207.179487179487 4363.589743589744 4732.820512820514 4200.512820512821 3956.9230769230776 4854.358974358975 4661.025641025642 4405.641025641026 
4564.615384615385 4015.8974358974365 4511.794871794872 4701.025641025642 4475.8974358974365 4687.6923076923085 4213.846153846154 4349.2307692307695 4736.923076923077 4201.025641025642 3963.589743589744 4821.538461538462 4667.6923076923085 4415.384615384616 
4524.615384615385 4039.48717948718 4623.589743589744 4650.769230769231 4463.589743589744 4687.6923076923085 4206.666666666667 4332.307692307693 4735.8974358974365 4200.512820512821 3976.410256410257 4852.307692307693 4680.512820512821 4434.358974358975 
4544.102564102564 4031.2820512820517 4636.410256410257 4668.205128205129 4452.820512820514 4683.589743589744 4206.153846153847 4328.717948717949 4731.282051282052 4200.512820512821 4015.3846153846157 4903.589743589744 4684.102564102564 4446.153846153847 
4570.769230769231 4012.820512820513 4514.358974358975 4741.538461538462 4461.025641025642 4700.000000000001 4210.769230769231 4329.743589743591 4731.794871794872 4200.512820512821 4061.0256410256416 4837.948717948719 4687.6923076923085 4441.025641025642 
4511.794871794872 4031.2820512820517 4470.769230769231 4729.2307692307695 4472.820512820514 4733.333333333334 4226.666666666667 4348.205128205129 4738.461538461539 4200.512820512821 4057.9487179487182 4707.6923076923085 4688.205128205129 4429.743589743591 
4447.179487179487 4056.9230769230776 4429.2307692307695 4613.333333333334 4490.256410256411 4769.2307692307695 4292.820512820514 4400.000000000001 4749.2307692307695 4201.025641025642 3989.7435897435903 4543.076923076924 4673.846153846154 4417.435897435898 
4442.564102564103 4040.0000000000005 4271.794871794872 4502.564102564103 4520.512820512821 4811.794871794872 4406.153846153847 4456.923076923077 4760.000000000001 4201.025641025642 3875.8974358974365 4320.000000000001 4643.076923076924 4388.205128205129 
4424.615384615385 4014.358974358975 4132.307692307693 4404.102564102564 4547.179487179488 4853.333333333334 4518.974358974359 4499.48717948718 4766.153846153847 4201.025641025642 3760.512820512821 4095.8974358974365 4609.2307692307695 4358.974358974359 
4387.6923076923085 4018.9743589743593 4124.102564102564 4283.589743589744 4559.48717948718 4869.2307692307695 4582.564102564103 4529.2307692307695 4770.256410256411 4201.025641025642 3678.9743589743593 3973.8461538461543 4589.2307692307695 4346.666666666667 
4418.974358974359 4022.0512820512827 4155.8974358974365 4221.538461538462 4562.564102564103 4857.435897435898 4573.846153846154 4531.282051282052 4769.2307692307695 4201.025641025642 3644.1025641025644 3982.0512820512827 4586.666666666667 4340.000000000001 
4482.051282051282 4012.307692307693 4203.076923076924 4284.615384615385 4552.820512820514 4826.153846153847 4508.205128205129 4501.538461538462 4761.025641025642 4201.025641025642 3679.48717948718 4092.307692307693 4592.307692307693 4340.000000000001 
4494.358974358975 4015.8974358974365 4306.666666666667 4389.2307692307695 4525.641025641026 4780.000000000001 4420.000000000001 4462.051282051282 4751.282051282052 4201.025641025642 3772.820512820513 4298.461538461539 4605.641025641026 4356.923076923077 
4487.6923076923085 4026.1538461538466 4431.282051282052 4468.205128205129 4496.923076923077 4731.282051282052 4341.538461538462 4424.615384615385 4747.6923076923085 4201.025641025642 3850.2564102564106 4525.128205128206 4629.2307692307695 4377.435897435898 
4504.615384615385 4018.461538461539 4488.205128205129 4536.923076923077 4476.923076923077 4700.512820512821 4286.153846153847 4389.2307692307695 4750.256410256411 4201.025641025642 3891.7948717948725 4702.051282051282 4646.153846153847 4388.717948717949 
4512.307692307693 4021.538461538462 4455.8974358974365 4596.410256410257 4472.307692307693 4692.307692307693 4251.794871794872 4363.076923076924 4748.205128205129 4201.025641025642 3934.358974358975 4779.48717948718 4650.769230769231 4401.025641025642 
4500.000000000001 4052.307692307693 4446.666666666667 4620.512820512821 4472.820512820514 4691.282051282052 4233.333333333334 4348.717948717949 4740.000000000001 4201.025641025642 3965.1282051282055 4775.384615384616 4661.538461538462 4415.8974358974365 
4520.512820512821 4062.564102564103 4468.717948717949 4621.025641025642 4465.641025641026 4693.846153846154 4226.666666666667 4345.128205128206 4734.871794871796 4202.051282051282 3970.7692307692314 4771.282051282052 4673.846153846154 4425.128205128206 
4579.48717948718 4034.8717948717954 4450.769230769231 4635.384615384616 4458.974358974359 4698.461538461539 4231.794871794872 4350.769230769231 4735.384615384616 4200.000000000001 3978.9743589743593 4767.6923076923085 4678.974358974359 4430.256410256411 
4617.948717948719 4020.0000000000005 4435.8974358974365 4660.000000000001 4460.512820512821 4692.307692307693 4238.461538461539 4355.8974358974365 4736.410256410257 4200.512820512821 3992.820512820513 4751.282051282052 4683.076923076924 4437.948717948719 
4615.384615384616 4033.8461538461543 4470.256410256411 4678.974358974359 4455.8974358974365 4679.48717948718 4226.666666666667 4351.794871794872 4733.846153846154 4200.512820512821 4004.615384615385 4759.48717948718 4694.871794871796 4450.769230769231 
4609.743589743591 4039.48717948718 4523.589743589744 4707.179487179488 4442.051282051282 4668.717948717949 4192.307692307693 4339.48717948718 4733.333333333334 4192.307692307693 4027.692307692308 4841.538461538462 4704.615384615386 4461.538461538462 
4604.615384615385 4027.1794871794878 4570.256410256411 4760.000000000001 4433.846153846154 4658.461538461539 4158.461538461539 4323.589743589744 4734.871794871796 4183.589743589744 4058.461538461539 4947.6923076923085 4705.641025641026 4464.615384615385 
4571.282051282052 4028.205128205129 4609.2307692307695 4810.769230769231 4434.871794871796 4652.820512820514 4135.384615384616 4312.307692307693 4735.384615384616 4185.128205128206 4084.1025641025644 5004.615384615386 4697.948717948719 4460.000000000001 
4527.179487179488 4053.8461538461543 4625.128205128206 4811.282051282052 4440.512820512821 4660.512820512821 4116.410256410257 4309.743589743591 4735.8974358974365 4187.179487179487 4091.7948717948725 5032.307692307693 4694.358974358975 4452.307692307693 
4509.2307692307695 4072.307692307693 4653.333333333334 4774.871794871796 4442.051282051282 4675.384615384616 4110.256410256411 4309.743589743591 4734.871794871796 4183.589743589744 4071.7948717948725 5044.615384615386 4700.512820512821 4446.666666666667 
4526.153846153847 4062.0512820512827 4686.153846153847 4745.641025641026 4443.076923076924 4685.128205128206 4125.128205128206 4308.717948717949 4734.358974358975 4184.615384615385 4048.717948717949 5041.538461538462 4697.435897435898 4443.589743589744 
4552.820512820514 4040.5128205128212 4685.641025641026 4732.820512820514 4452.307692307693 4693.846153846154 4156.410256410257 4312.307692307693 4735.384615384616 4185.641025641026 4044.615384615385 5009.2307692307695 4686.153846153847 4442.564102564103 
4563.076923076924 4023.076923076924 4674.358974358975 4708.205128205129 4458.461538461539 4707.179487179488 4190.769230769231 4324.102564102564 4735.384615384616 4182.564102564103 4032.307692307693 4940.000000000001 4683.589743589744 4440.512820512821 
4555.384615384616 4009.7435897435903 4625.128205128206 4668.205128205129 4463.076923076924 4727.179487179488 4220.512820512821 4337.435897435898 4731.794871794872 4190.769230769231 4002.564102564103 4843.076923076924 4683.076923076924 4436.410256410257 
4531.282051282052 4010.7692307692314 4503.076923076924 4639.48717948718 4476.410256410257 4757.948717948719 4258.974358974359 4357.948717948719 4735.8974358974365 4196.410256410257 3979.48717948718 4698.461538461539 4674.358974358975 4432.307692307693 
4481.025641025642 4025.1282051282055 4423.589743589744 4609.743589743591 4493.333333333334 4782.051282051282 4312.820512820514 4394.358974358975 4748.717948717949 4191.282051282052 3941.538461538462 4571.282051282052 4657.948717948719 4418.461538461539 
4437.435897435898 4028.717948717949 4398.974358974359 4568.717948717949 4505.641025641026 4787.179487179488 4354.358974358975 4428.205128205129 4752.307692307693 4192.820512820514 3902.564102564103 4512.820512820514 4644.615384615385 4402.564102564103 
4440.512820512821 4030.7692307692314 4275.384615384616 4552.307692307693 4511.282051282052 4796.410256410257 4364.615384615385 4432.307692307693 4748.717948717949 4202.051282051282 3924.1025641025644 4429.743589743591 4653.846153846154 4401.025641025642 
4446.153846153847 4048.205128205129 4217.435897435898 4537.435897435898 4511.794871794872 4806.666666666667 4357.948717948719 4417.948717948719 4750.769230769231 4202.051282051282 3944.615384615385 4357.948717948719 4673.333333333334 4405.641025641026 
4445.641025641026 4055.3846153846157 4387.179487179487 4491.794871794872 4506.666666666667 4787.179487179488 4351.794871794872 4411.794871794872 4751.794871794872 4197.435897435898 3907.1794871794878 4426.666666666667 4662.051282051282 4403.076923076924 
4496.410256410257 4028.205128205129 4469.2307692307695 4479.48717948718 4503.076923076924 4761.025641025642 4352.820512820514 4414.358974358975 4748.717948717949 4197.948717948719 3880.512820512821 4526.153846153847 4629.2307692307695 4397.435897435898 
4544.615384615385 3994.358974358975 4357.948717948719 4507.179487179488 4504.102564102564 4764.615384615386 4359.48717948718 4414.358974358975 4749.2307692307695 4200.512820512821 3885.1282051282055 4498.461538461539 4630.769230769231 4389.743589743591 
4499.48717948718 4001.0256410256416 4389.743589743591 4490.769230769231 4504.102564102564 4767.179487179488 4352.307692307693 4413.846153846154 4750.769230769231 4198.974358974359 3868.717948717949 4454.871794871796 4652.307692307693 4384.615384615385 
4448.205128205129 4026.1538461538466 4520.000000000001 4460.000000000001 4495.8974358974365 4744.615384615386 4333.333333333334 4417.948717948719 4750.256410256411 4188.717948717949 3843.589743589744 4542.564102564103 4643.589743589744 4387.179487179487 
4487.179487179488 4013.333333333334 4462.564102564103 4506.153846153847 4489.2307692307695 4727.6923076923085 4327.6923076923085 4423.589743589744 4750.769230769231 4182.564102564103 3846.1538461538466 4643.589743589744 4626.666666666667 4380.512820512821 
4518.974358974359 3995.8974358974365 4374.871794871796 4567.179487179488 4490.256410256411 4730.256410256411 4322.051282051282 4416.923076923077 4750.256410256411 4186.666666666667 3872.307692307693 4637.948717948719 4635.384615384616 4372.307692307693 
4481.538461538462 4031.7948717948725 4423.589743589744 4558.974358974359 4491.794871794872 4733.846153846154 4289.74358974359 4397.435897435898 4748.205128205129 4187.6923076923085 3917.435897435898 4591.794871794872 4662.564102564103 4389.743589743591 
4487.179487179488 4066.666666666667 4459.48717948718 4532.307692307693 4488.205128205129 4725.641025641026 4259.48717948718 4380.512820512821 4748.717948717949 4185.128205128206 3948.717948717949 4618.974358974359 4681.025641025642 4412.307692307693 
4570.769230769231 4036.9230769230776 4462.051282051282 4560.512820512821 4478.974358974359 4707.179487179488 4258.974358974359 4366.153846153847 4748.205128205129 4186.153846153847 3949.7435897435903 4713.333333333334 4674.358974358975 4417.435897435898 
4609.743589743591 4003.589743589744 4512.307692307693 4661.025641025642 4470.769230769231 4703.076923076924 4254.358974358975 4348.717948717949 4740.000000000001 4186.153846153847 3985.6410256410263 4738.461538461539 4661.025641025642 4422.564102564103 
4565.641025641026 4023.589743589744 4533.333333333334 4749.2307692307695 4468.717948717949 4717.948717948719 4225.641025641026 4337.435897435898 4733.846153846154 4185.641025641026 4055.8974358974365 4686.153846153847 4677.435897435898 4437.948717948719 
4526.153846153847 4043.076923076924 4507.6923076923085 4746.666666666667 4464.102564102564 4721.025641025642 4206.153846153847 4333.333333333334 4733.333333333334 4186.153846153847 4069.7435897435903 4679.48717948718 4697.948717948719 4446.666666666667 
4518.974358974359 4025.6410256410263 4487.6923076923085 4720.000000000001 4458.974358974359 4707.6923076923085 4218.974358974359 4339.48717948718 4733.333333333334 4186.153846153847 4022.564102564103 4767.179487179488 4680.000000000001 4441.025641025642 
4507.179487179488 4009.7435897435903 4437.435897435898 4728.717948717949 4466.153846153847 4705.641025641026 4244.102564102564 4356.923076923077 4740.512820512821 4186.153846153847 3991.7948717948725 4825.641025641026 4657.948717948719 4427.6923076923085 
4491.282051282052 4023.076923076924 4396.923076923077 4707.179487179488 4476.410256410257 4722.564102564103 4252.307692307693 4372.820512820514 4749.743589743591 4186.153846153847 3975.8974358974365 4744.102564102564 4662.564102564103 4415.384615384616 
4489.743589743591 4039.48717948718 4444.102564102564 4625.128205128206 4478.974358974359 4734.358974358975 4249.2307692307695 4378.974358974359 4748.717948717949 4186.153846153847 3934.8717948717954 4653.333333333334 4665.128205128206 4405.128205128206 
4508.205128205129 4034.358974358975 4487.179487179488 4568.205128205129 4476.410256410257 4726.666666666667 4266.666666666667 4386.153846153847 4746.153846153847 4186.153846153847 3890.2564102564106 4678.461538461539 4653.333333333334 4394.358974358975 
4529.2307692307695 4019.48717948718 4468.205128205129 4566.666666666667 4476.923076923077 4712.820512820514 4301.538461538462 4396.923076923077 4749.743589743591 4186.153846153847 3860.512820512821 4732.820512820514 4635.8974358974365 4385.641025641026 
4518.461538461539 4016.410256410257 4483.589743589744 4568.717948717949 4478.974358974359 4717.435897435898 4312.307692307693 4396.923076923077 4749.743589743591 4186.153846153847 3845.6410256410263 4714.871794871796 4625.128205128206 4384.102564102564 
