3999.48717948718 3913.8461538461543 4395.384615384616 4503.076923076924 4463.589743589744 4594.358974358975 4366.666666666667 4451.282051282052 4786.666666666667 6202.051282051283 4003.076923076924 5023.589743589744 5055.384615384616 4435.8974358974365 
4012.820512820513 3923.589743589744 4397.435897435898 4500.512820512821 4466.153846153847 4583.589743589744 4362.564102564103 4454.358974358975 4786.666666666667 6208.205128205129 4010.2564102564106 5204.102564102564 5056.410256410257 4448.717948717949 
4013.333333333334 3917.435897435898 4405.128205128206 4501.025641025642 4464.615384615385 4573.846153846154 4364.615384615385 4458.461538461539 4785.641025641026 6208.205128205129 4014.8717948717954 5301.025641025642 5049.743589743591 4460.512820512821 
4016.9230769230776 3909.2307692307695 4406.153846153847 4495.384615384616 4464.615384615385 4565.641025641026 4372.820512820514 4467.179487179487 4794.871794871796 6223.076923076924 4010.7692307692314 5250.769230769231 5044.102564102564 4457.435897435898 
4019.48717948718 3902.564102564103 4401.025641025642 4482.051282051282 4467.179487179487 4561.025641025642 4382.051282051282 4469.743589743591 4802.051282051282 6225.641025641026 4006.666666666667 5235.384615384616 5036.923076923077 4441.538461538462 
4018.9743589743593 3905.1282051282055 4411.282051282052 4481.025641025642 4463.076923076924 4552.820512820514 4380.000000000001 4473.333333333334 4797.948717948719 6216.923076923078 4009.23076923077 5286.666666666667 5028.717948717949 4445.128205128206 
4020.5128205128212 3912.307692307693 4426.153846153847 4493.846153846154 4463.589743589744 4557.435897435898 4374.358974358975 4468.717948717949 4794.358974358975 6202.564102564103 4009.7435897435903 5267.179487179488 5021.025641025642 4456.410256410257 
4025.6410256410263 3904.615384615385 4422.051282051282 4498.974358974359 4462.051282051282 4554.358974358975 4377.435897435898 4501.025641025642 4796.410256410257 6190.769230769231 4010.2564102564106 5243.076923076924 5010.769230769231 4451.282051282052 
4037.9487179487182 3907.692307692308 4413.846153846154 4504.615384615385 4467.179487179487 4558.974358974359 4373.333333333334 4443.076923076924 4787.179487179488 6160.000000000001 4008.717948717949 5260.512820512821 5009.743589743591 4452.820512820514 
4034.8717948717954 3900.0000000000005 4410.256410256411 4504.102564102564 4460.512820512821 4560.000000000001 4367.179487179487 4502.051282051282 4784.102564102564 6136.410256410257 4011.2820512820517 5289.2307692307695 4998.461538461539 4450.256410256411 
4037.435897435898 3904.1025641025644 4414.358974358975 4505.641025641026 4458.461538461539 4557.435897435898 4361.538461538462 4617.435897435898 4783.076923076924 6128.205128205129 4007.1794871794878 5208.717948717949 4989.743589743591 4450.256410256411 
4047.692307692308 3900.5128205128212 4428.717948717949 4510.769230769231 4461.025641025642 4555.8974358974365 4369.743589743591 4475.384615384616 4780.512820512821 6102.051282051283 4008.205128205129 5141.025641025642 4993.846153846154 4457.435897435898 
4055.8974358974365 3911.2820512820517 4432.820512820514 4513.333333333334 4466.153846153847 4563.076923076924 4370.256410256411 4390.769230769231 4783.589743589744 6085.641025641026 4005.1282051282055 5119.487179487181 5001.025641025642 4463.589743589744 
4053.8461538461543 3907.1794871794878 4427.6923076923085 4506.153846153847 4468.205128205129 4582.051282051282 4385.128205128206 4461.538461538462 4794.358974358975 6101.538461538462 4008.717948717949 5223.589743589744 4991.282051282052 4445.641025641026 
4021.538461538462 3926.666666666667 4411.282051282052 4506.153846153847 4471.794871794872 4607.6923076923085 4391.794871794872 4211.282051282052 4711.794871794872 5907.6923076923085 3949.7435897435903 5132.820512820514 4950.256410256411 4413.333333333334 
4023.589743589744 3924.615384615385 4425.641025641026 4519.48717948718 4485.641025641026 4673.333333333334 4421.025641025642 3906.666666666667 4712.820512820514 5717.435897435898 3935.3846153846157 4270.256410256411 4946.153846153847 4398.974358974359 
4050.7692307692314 3938.461538461539 4507.6923076923085 4556.923076923077 4526.153846153847 4872.307692307693 4522.051282051282 3147.692307692308 4748.717948717949 5644.615384615386 3937.9487179487182 3816.9230769230776 4970.256410256411 4393.333333333334 
3902.0512820512827 3942.0512820512827 4523.589743589744 4567.179487179488 4536.923076923077 5096.410256410257 4584.102564102564 1754.3589743589746 4477.435897435898 4829.743589743591 3695.8974358974365 2496.410256410257 4810.769230769231 4234.358974358975 
3849.7435897435903 3938.461538461539 4470.256410256411 4536.410256410257 4498.974358974359 5148.205128205129 4475.8974358974365 2253.3333333333335 4482.051282051282 4167.179487179487 3599.48717948718 226.66666666666669 4750.769230769231 4134.358974358975 
4093.8461538461543 3917.9487179487182 4479.48717948718 4516.923076923077 4465.641025641026 5015.384615384616 4345.128205128206 4513.333333333334 4974.871794871796 4992.307692307693 3937.9487179487182 884.1025641025642 5011.282051282052 4323.076923076924 
4207.179487179487 3910.7692307692314 4505.641025641026 4521.025641025642 4464.615384615385 4877.948717948719 4334.358974358975 4990.256410256411 5067.6923076923085 5845.128205128206 4106.153846153847 3668.205128205129 5145.128205128206 4484.102564102564 
4066.666666666667 3905.1282051282055 4465.641025641026 4513.846153846154 4461.538461538462 4794.358974358975 4351.794871794872 4183.076923076924 4754.358974358975 5620.000000000001 3950.7692307692314 4346.153846153847 5004.615384615386 4428.717948717949 
4050.2564102564106 3903.589743589744 4448.717948717949 4508.717948717949 4462.051282051282 4738.461538461539 4333.846153846154 4412.307692307693 4768.717948717949 5552.307692307693 3958.461538461539 4015.3846153846157 4985.128205128206 4417.435897435898 
4111.794871794872 3911.2820512820517 4462.051282051282 4513.846153846154 4464.615384615385 4683.076923076924 4325.641025641026 4745.641025641026 4870.769230769231 5854.3589743589755 4054.358974358975 4805.128205128206 5057.435897435898 4482.564102564103 
4062.564102564103 3908.205128205129 4434.358974358975 4515.8974358974365 4468.205128205129 4653.333333333334 4335.8974358974365 4462.051282051282 4761.025641025642 5776.410256410257 3994.358974358975 5065.128205128206 5004.102564102564 4458.974358974359 
4058.461538461539 3912.820512820513 4423.589743589744 4518.461538461539 4471.282051282052 4642.051282051282 4343.076923076924 4438.461538461539 4760.000000000001 5715.8974358974365 3981.538461538462 4781.538461538462 4984.615384615386 4454.871794871796 
4070.7692307692314 3904.1025641025644 4422.564102564103 4515.8974358974365 4473.846153846154 4634.871794871796 4352.307692307693 4512.820512820514 4790.769230769231 5772.820512820514 4003.076923076924 4941.025641025642 4998.974358974359 4463.589743589744 
4034.8717948717954 3846.666666666667 4373.333333333334 4498.974358974359 4442.564102564103 4580.000000000001 4333.333333333334 4504.615384615385 4767.6923076923085 5727.179487179488 3988.205128205129 4771.282051282052 4984.102564102564 4444.615384615385 
4046.666666666667 3864.615384615385 4374.358974358975 4500.512820512821 4438.974358974359 4551.794871794872 4331.282051282052 4512.820512820514 4777.435897435898 5788.717948717949 4010.7692307692314 5077.948717948719 4977.948717948719 4441.538461538462 
4169.2307692307695 4167.179487179487 4585.128205128206 4654.358974358975 4628.717948717949 4853.846153846154 4449.743589743591 4180.000000000001 4742.051282051282 5624.102564102564 3983.589743589744 4805.128205128206 5062.564102564103 4565.641025641026 
3891.2820512820517 3545.1282051282055 4181.538461538462 4347.6923076923085 4255.8974358974365 4348.717948717949 4235.8974358974365 4780.512820512821 4781.538461538462 5723.589743589744 3998.9743589743593 4990.769230769231 4873.333333333334 4345.128205128206 
4100.000000000001 3962.564102564103 4413.846153846154 4495.8974358974365 4457.435897435898 4476.410256410257 4332.307692307693 4442.564102564103 4776.923076923077 5915.8974358974365 4032.307692307693 5816.923076923078 4981.025641025642 4445.641025641026 
4502.051282051282 5232.307692307693 5318.974358974359 4987.6923076923085 5133.333333333334 5649.743589743591 4717.435897435898 2998.9743589743593 4603.076923076924 5304.615384615386 3891.7948717948725 4409.743589743591 5093.333333333334 4674.871794871796 
4021.0256410256416 4457.435897435898 4888.205128205129 4492.820512820514 4583.076923076924 5098.974358974359 4507.6923076923085 3444.1025641025644 4565.128205128206 5102.051282051283 3787.692307692308 3789.7435897435903 4648.717948717949 4160.512820512821 
3760.0000000000005 3523.589743589744 4172.820512820514 4155.8974358974365 4110.769230769231 4095.8974358974365 4263.076923076924 4524.615384615385 4697.435897435898 5400.000000000001 3870.7692307692314 4395.384615384616 4664.102564102564 4029.23076923077 
4089.23076923077 3999.48717948718 4364.615384615385 4475.8974358974365 4469.743589743591 4335.384615384616 4385.641025641026 4324.102564102564 4759.48717948718 5480.000000000001 3938.9743589743593 4703.589743589744 5018.461538461539 4388.205128205129 
4246.666666666667 4495.8974358974365 4720.000000000001 4705.641025641026 4764.615384615386 4925.641025641026 4528.717948717949 3783.076923076924 4718.974358974359 5148.205128205129 3887.1794871794878 3774.8717948717954 5089.2307692307695 4543.589743589744 
3902.0512820512827 3795.3846153846157 4276.410256410257 4312.307692307693 4291.794871794872 4349.743589743591 4290.769230769231 4378.461538461539 4748.205128205129 5287.179487179488 3898.9743589743593 4105.641025641026 4803.076923076924 4212.307692307693 
4113.846153846154 4118.974358974359 4454.358974358975 4527.6923076923085 4525.128205128206 4551.794871794872 4414.871794871796 4175.384615384616 4758.461538461539 5276.410256410257 3930.2564102564106 4142.051282051282 5017.948717948719 4433.333333333334 
4093.333333333334 4140.512820512821 4482.051282051282 4523.589743589744 4531.282051282052 4648.717948717949 4394.358974358975 4138.461538461539 4740.512820512821 5163.589743589744 3901.0256410256416 3839.48717948718 4963.076923076924 4403.589743589744 
4047.1794871794878 4025.1282051282055 4417.435897435898 4453.333333333334 4449.743589743591 4531.282051282052 4373.333333333334 4231.282051282052 4749.743589743591 5210.256410256411 3900.0000000000005 4097.948717948719 4915.384615384616 4333.846153846154 
4090.2564102564106 4110.256410256411 4476.923076923077 4507.6923076923085 4517.435897435898 4637.435897435898 4410.256410256411 4134.871794871796 4741.025641025642 5129.2307692307695 3896.9230769230776 3913.8461538461543 4955.8974358974365 4378.974358974359 
4101.025641025642 4121.538461538462 4496.410256410257 4515.384615384616 4524.102564102564 4672.307692307693 4425.128205128206 4100.512820512821 4751.794871794872 5102.051282051283 3900.5128205128212 3921.0256410256416 4962.564102564103 4381.025641025642 
4133.333333333334 4200.000000000001 4489.2307692307695 4553.846153846154 4564.102564102564 4716.410256410257 4396.410256410257 4155.8974358974365 4772.820512820514 5059.487179487181 3907.1794871794878 3778.9743589743593 4996.410256410257 4430.769230769231 
3861.538461538462 3725.6410256410263 4181.538461538462 4249.2307692307695 4223.076923076924 4251.794871794872 4228.717948717949 4401.025641025642 4702.051282051282 5135.384615384616 3863.076923076924 4019.48717948718 4722.051282051282 4121.538461538462 
4343.589743589744 4487.6923076923085 4798.974358974359 4756.410256410257 4792.820512820514 4981.538461538462 4642.051282051282 3764.615384615385 4780.512820512821 4995.384615384616 3929.2307692307695 3961.538461538462 5170.769230769231 4609.743589743591 
4214.358974358975 4369.743589743591 4415.8974358974365 4625.641025641026 4641.538461538462 4745.641025641026 4258.461538461539 4421.538461538462 4865.641025641026 5045.128205128206 3967.1794871794878 3754.8717948717954 5084.615384615386 4583.589743589744 
3329.7435897435903 2895.8974358974365 3120.512820512821 3610.7692307692314 3485.1282051282055 2735.897435897436 3466.666666666667 5679.487179487181 4690.256410256411 5662.564102564103 3918.461538461539 5504.615384615386 4219.48717948718 3605.6410256410263 
3695.3846153846157 3172.820512820513 3658.461538461539 3909.7435897435903 3802.564102564103 2798.461538461539 3976.9230769230776 5150.769230769231 4691.794871794872 6022.564102564103 4050.2564102564106 7756.923076923078 4534.358974358975 3911.2820512820517 
4510.769230769231 4299.48717948718 4803.589743589744 4798.974358974359 4798.974358974359 4380.000000000001 4753.846153846154 4088.205128205129 4843.589743589744 5902.564102564103 4210.256410256411 8401.538461538463 5339.487179487181 4880.512820512821 
4237.948717948719 4112.820512820514 4530.256410256411 4671.794871794872 4662.564102564103 4560.512820512821 4491.282051282052 4033.333333333334 4677.435897435898 5457.435897435898 4047.1794871794878 7101.025641025642 5107.179487179488 4735.384615384616 
3796.9230769230776 3512.307692307693 4042.564102564103 4240.000000000001 4173.333333333334 3946.1538461538466 4201.025641025642 4294.358974358975 4541.025641025642 5295.384615384616 3916.9230769230776 6016.410256410257 4651.282051282052 4186.666666666667 
4318.974358974359 4152.820512820514 4606.666666666667 4682.564102564103 4666.666666666667 4672.307692307693 4581.538461538462 4165.641025641026 4838.974358974359 5465.128205128206 4114.871794871796 6068.717948717949 5148.205128205129 4689.743589743591 
4236.923076923077 3911.7948717948725 4408.205128205129 4543.076923076924 4512.307692307693 4556.923076923077 4416.410256410257 4536.410256410257 4905.641025641026 5765.641025641026 4175.384615384616 7084.102564102565 5090.769230769231 4670.256410256411 
4060.5128205128212 3874.358974358975 4315.384615384616 4486.666666666667 4455.8974358974365 4363.076923076924 4348.205128205129 4166.153846153847 4623.076923076924 5398.461538461539 3988.717948717949 6513.333333333334 4902.564102564103 4489.2307692307695 
4070.2564102564106 3965.1282051282055 4403.589743589744 4543.589743589744 4509.2307692307695 4466.666666666667 4389.2307692307695 4163.589743589744 4634.871794871796 5128.717948717949 3952.307692307693 5410.256410256411 4908.205128205129 4480.000000000001 
4077.9487179487187 3895.3846153846157 4371.282051282052 4497.948717948719 4453.846153846154 4476.923076923077 4374.871794871796 4412.820512820514 4746.153846153847 5259.487179487181 4007.1794871794878 5309.743589743591 4916.923076923077 4458.461538461539 
4116.923076923077 3948.205128205129 4415.8974358974365 4534.358974358975 4489.743589743591 4546.666666666667 4381.538461538462 4358.974358974359 4743.589743589744 5247.179487179488 4011.2820512820517 5454.3589743589755 4956.410256410257 4513.333333333334 
4060.0000000000005 3897.9487179487182 4384.102564102564 4503.589743589744 4461.538461538462 4522.051282051282 4355.384615384616 4355.8974358974365 4706.153846153847 5161.025641025642 3988.717948717949 5307.179487179488 4905.641025641026 4461.538461538462 
4054.358974358975 3862.0512820512827 4373.846153846154 4478.974358974359 4424.102564102564 4504.615384615385 4345.128205128206 4421.538461538462 4742.051282051282 5195.384615384616 3997.435897435898 5066.153846153847 4903.076923076924 4440.512820512821 
4084.1025641025644 3870.7692307692314 4384.615384615385 4488.205128205129 4443.076923076924 4513.846153846154 4364.102564102564 4445.128205128206 4751.282051282052 5247.179487179488 4001.0256410256416 5189.2307692307695 4918.461538461539 4443.076923076924 
4225.641025641026 4176.923076923077 4531.794871794872 4666.666666666667 4664.102564102564 4815.384615384616 4460.000000000001 4223.589743589744 4747.6923076923085 5080.512820512821 3981.0256410256416 4783.076923076924 5042.051282051283 4587.6923076923085 
3911.2820512820517 3566.1538461538466 4176.923076923077 4298.974358974359 4212.820512820514 4289.74358974359 4210.256410256411 4636.410256410257 4762.564102564103 5273.333333333334 3993.333333333334 5216.410256410257 4765.128205128206 4286.666666666667 
4170.256410256411 3997.435897435898 4471.282051282052 4558.974358974359 4536.410256410257 4578.974358974359 4447.6923076923085 4264.615384615385 4736.923076923077 5248.717948717949 4001.0256410256416 5435.8974358974365 4975.8974358974365 4490.769230769231 
4801.538461538462 5300.000000000001 5075.384615384616 5328.717948717949 5485.641025641026 5893.333333333334 4837.435897435898 3631.2820512820517 4813.333333333334 4634.358974358975 3971.7948717948725 3243.589743589744 5524.615384615386 5150.256410256411 
4369.743589743591 4656.923076923077 4514.358974358975 4845.128205128206 4912.820512820514 5375.8974358974365 4423.589743589744 4188.717948717949 4868.717948717949 4621.025641025642 3920.0000000000005 2427.1794871794873 5129.2307692307695 4724.102564102564 
3844.1025641025644 3675.8974358974365 4109.74358974359 4211.794871794872 4140.000000000001 4368.717948717949 4144.102564102564 4494.871794871796 4784.102564102564 4932.820512820514 3890.7692307692314 3395.8974358974365 4684.102564102564 4169.2307692307695 
4029.7435897435903 3981.0256410256416 4443.076923076924 4421.538461538462 4406.153846153847 4559.48717948718 4386.153846153847 4104.102564102564 4738.461538461539 4937.948717948719 3888.717948717949 3990.7692307692314 4852.820512820514 4331.282051282052 
4256.923076923077 4437.435897435898 4652.820512820514 4716.410256410257 4761.538461538462 5036.923076923077 4505.641025641026 3908.717948717949 4775.8974358974365 4737.435897435898 3870.7692307692314 3137.435897435898 5044.102564102564 4583.589743589744 
3940.0000000000005 3808.717948717949 4251.282051282052 4314.871794871796 4277.948717948719 4427.179487179487 4236.923076923077 4352.307692307693 4774.871794871796 4962.051282051283 3872.820512820513 3600.512820512821 4743.589743589744 4228.205128205129 
4112.820512820514 4108.205128205129 4506.153846153847 4503.076923076924 4506.153846153847 4637.948717948719 4417.435897435898 4033.8461538461543 4740.000000000001 4900.000000000001 3887.692307692308 3844.615384615385 4911.282051282052 4393.333333333334 
4100.512820512821 4100.512820512821 4462.051282051282 4508.205128205129 4516.410256410257 4670.769230769231 4383.076923076924 4118.461538461539 4757.435897435898 4859.48717948718 3895.8974358974365 3770.7692307692314 4900.000000000001 4408.717948717949 
4076.410256410257 4021.538461538462 4410.769230769231 4452.820512820514 4448.205128205129 4558.974358974359 4364.102564102564 4151.794871794872 4743.589743589744 4915.8974358974365 3896.9230769230776 3855.3846153846157 4866.666666666667 4354.871794871796 
4127.179487179487 4107.6923076923085 4470.256410256411 4508.717948717949 4511.794871794872 4647.6923076923085 4403.589743589744 4086.666666666667 4731.794871794872 4861.025641025642 3894.358974358975 3716.9230769230776 4913.846153846154 4400.000000000001 
4088.717948717949 4040.5128205128212 4414.358974358975 4461.025641025642 4452.820512820514 4572.307692307693 4369.2307692307695 4159.48717948718 4738.461538461539 4898.974358974359 3896.410256410257 3844.615384615385 4874.871794871796 4364.102564102564 
4118.461538461539 4093.8461538461543 4457.948717948719 4497.948717948719 4495.384615384616 4615.8974358974365 4397.435897435898 4118.974358974359 4731.282051282052 4888.205128205129 3893.8461538461543 3775.3846153846157 4900.000000000001 4400.000000000001 
4102.564102564103 4068.205128205129 4436.410256410257 4482.564102564103 4474.871794871796 4592.307692307693 4379.48717948718 4145.128205128206 4726.666666666667 4902.051282051283 3887.692307692308 3784.1025641025644 4884.615384615386 4384.615384615385 
4109.74358974359 4082.0512820512827 4448.717948717949 4493.846153846154 4485.128205128206 4605.641025641026 4394.358974358975 4140.000000000001 4731.282051282052 4910.769230769231 3890.2564102564106 3795.3846153846157 4892.820512820514 4392.307692307693 
4105.128205128206 4076.410256410257 4440.512820512821 4482.564102564103 4478.974358974359 4596.410256410257 4386.153846153847 4166.153846153847 4734.358974358975 4923.076923076924 3885.1282051282055 3773.333333333334 4883.076923076924 4375.8974358974365 
4111.282051282052 4081.538461538462 4449.2307692307695 4485.641025641026 4485.641025641026 4598.974358974359 4392.820512820514 4156.410256410257 4736.410256410257 4929.743589743591 3886.666666666667 3783.589743589744 4883.589743589744 4368.717948717949 
4110.769230769231 4081.538461538462 4438.461538461539 4482.564102564103 4478.974358974359 4593.846153846154 4384.102564102564 4159.48717948718 4742.051282051282 4941.025641025642 3882.0512820512827 3790.2564102564106 4882.051282051283 4365.128205128206 
4113.846153846154 4082.0512820512827 4441.538461538462 4485.641025641026 4478.461538461539 4595.384615384616 4390.256410256411 4161.025641025642 4744.102564102564 4948.205128205129 3878.461538461539 3764.1025641025644 4880.512820512821 4366.666666666667 
4113.333333333334 4080.5128205128212 4442.564102564103 4484.615384615385 4476.410256410257 4595.8974358974365 4383.076923076924 4183.589743589744 4746.153846153847 4957.435897435898 3878.9743589743593 3800.0000000000005 4875.8974358974365 4364.615384615385 
4109.2307692307695 4071.7948717948725 4433.333333333334 4475.384615384616 4463.589743589744 4576.410256410257 4374.871794871796 4194.358974358975 4747.6923076923085 4971.794871794872 3891.2820512820517 3918.9743589743593 4873.846153846154 4364.102564102564 
4135.384615384616 4094.8717948717954 4449.2307692307695 4483.076923076924 4473.333333333334 4557.948717948719 4393.333333333334 4165.641025641026 4773.846153846154 5025.128205128206 3916.9230769230776 4037.435897435898 4904.102564102564 4393.333333333334 
4208.205128205129 4246.153846153847 4608.717948717949 4620.000000000001 4642.051282051282 4785.641025641026 4523.589743589744 4038.9743589743593 4773.846153846154 4933.846153846154 3901.0256410256416 3965.6410256410263 4976.923076923077 4475.384615384616 
3962.564102564103 3901.538461538462 4280.000000000001 4368.717948717949 4349.2307692307695 4503.589743589744 4246.153846153847 4375.384615384616 4696.410256410257 4885.128205128206 3843.076923076924 3686.1538461538466 4742.051282051282 4237.435897435898 
4075.3846153846157 3957.435897435898 4305.128205128206 4352.307692307693 4318.974358974359 4303.076923076924 4311.282051282052 4238.974358974359 4808.717948717949 5228.717948717949 3954.358974358975 4500.000000000001 4835.8974358974365 4295.8974358974365 
4513.333333333334 4854.871794871796 5208.717948717949 5134.871794871796 5256.410256410257 5616.410256410257 5031.794871794872 3417.435897435898 4800.000000000001 4637.435897435898 3866.1538461538466 3226.666666666667 5268.717948717949 4757.948717948719 
3329.2307692307695 3356.410256410257 3985.1282051282055 4188.717948717949 4223.589743589744 4881.025641025642 4073.8461538461543 4874.871794871796 4329.743589743591 4122.051282051282 3479.48717948718 1533.3333333333335 4134.358974358975 3497.9487179487182 
2769.7435897435903 2300.512820512821 2797.9487179487182 3198.461538461539 3009.2307692307695 3335.3846153846157 3118.9743589743593 5669.743589743591 4235.8974358974365 4798.461538461539 3528.205128205129 2825.1282051282055 3547.1794871794878 2737.435897435898 
3985.1282051282055 3676.9230769230776 3947.692307692308 4123.589743589744 3993.8461538461543 4146.153846153847 3978.461538461539 4107.179487179487 4702.051282051282 5329.2307692307695 3943.589743589744 4441.538461538462 4722.051282051282 3982.0512820512827 
4691.282051282052 4631.794871794872 5029.743589743591 5025.641025641026 5040.512820512821 5431.282051282052 4788.205128205129 3314.3589743589746 4910.769230769231 5063.589743589744 4061.538461538462 4108.205128205129 5450.256410256411 4884.615384615386 
4039.48717948718 3720.0000000000005 4271.794871794872 4403.589743589744 4349.743589743591 4680.000000000001 4184.102564102564 4578.461538461539 4752.820512820514 5130.256410256411 3949.2307692307695 4066.1538461538466 4830.769230769231 4283.589743589744 
4099.48717948718 3767.1794871794878 4217.435897435898 4331.282051282052 4242.564102564103 4337.435897435898 4166.153846153847 4698.974358974359 4804.615384615386 5512.307692307693 4037.435897435898 5323.076923076924 4861.025641025642 4311.282051282052 
4400.000000000001 4266.666666666667 4681.025641025642 4732.820512820514 4709.743589743591 4877.435897435898 4515.384615384616 4206.153846153847 4839.48717948718 5345.641025641026 4057.9487179487182 5217.435897435898 5166.153846153847 4703.076923076924 
4125.128205128206 3851.7948717948725 4354.871794871796 4454.871794871796 4408.717948717949 4511.794871794872 4291.794871794872 4559.48717948718 4767.179487179488 5424.102564102564 4022.564102564103 5410.769230769231 4899.48717948718 4433.333333333334 
4233.333333333334 4037.9487179487182 4440.000000000001 4534.871794871796 4490.769230769231 4550.256410256411 4349.743589743591 4542.051282051282 4816.410256410257 5531.282051282052 4057.9487179487182 5771.282051282052 4996.410256410257 4543.076923076924 
4191.794871794872 3974.8717948717954 4406.666666666667 4513.333333333334 4472.820512820514 4504.102564102564 4337.948717948719 4605.641025641026 4801.025641025642 5558.461538461539 4061.538461538462 6005.641025641026 4958.974358974359 4531.794871794872 
4194.358974358975 3990.2564102564106 4397.948717948719 4506.666666666667 4459.48717948718 4461.538461538462 4340.512820512821 4478.974358974359 4786.153846153847 5602.564102564103 4063.076923076924 6224.102564102565 4950.769230769231 4545.641025641026 
4193.846153846154 4004.615384615385 4416.410256410257 4530.769230769231 4493.333333333334 4525.641025641026 4369.2307692307695 4360.512820512821 4749.2307692307695 5565.641025641026 4042.0512820512827 6089.743589743591 4941.538461538462 4548.717948717949 
4176.923076923077 3974.358974358975 4393.333333333334 4502.564102564103 4458.461538461539 4490.769230769231 4342.051282051282 4420.000000000001 4771.794871794872 5611.282051282052 4050.7692307692314 6174.3589743589755 4921.538461538462 4536.410256410257 
4186.153846153847 4002.0512820512827 4407.6923076923085 4518.461538461539 4476.410256410257 4490.256410256411 4335.384615384616 4470.256410256411 4770.769230769231 5651.282051282052 4067.692307692308 6340.512820512821 4936.410256410257 4567.179487179488 
4160.000000000001 4008.717948717949 4423.589743589744 4528.205128205129 4483.589743589744 4536.923076923077 4398.974358974359 4321.025641025642 4739.48717948718 5592.307692307693 4034.8717948717954 6269.23076923077 4910.256410256411 4548.205128205129 
4143.076923076924 4016.410256410257 4423.589743589744 4523.589743589744 4474.871794871796 4558.461538461539 4360.000000000001 4222.564102564103 4705.641025641026 5477.948717948719 4004.1025641025644 5923.076923076924 4887.6923076923085 4531.282051282052 
4202.564102564103 3995.3846153846157 4423.589743589744 4508.717948717949 4460.000000000001 4496.923076923077 4323.589743589744 4448.717948717949 4842.051282051283 5742.051282051283 4106.153846153847 6200.000000000001 4946.153846153847 4581.025641025642 
4132.820512820514 4115.384615384616 4561.025641025642 4588.717948717949 4578.974358974359 4815.384615384616 4646.666666666667 3735.8974358974365 4608.205128205129 5358.974358974359 3936.410256410257 5603.076923076924 4867.179487179488 4524.102564102564 
3916.9230769230776 4195.384615384616 4698.461538461539 4651.282051282052 4665.128205128206 5355.384615384616 4912.307692307693 2178.4615384615386 4278.461538461539 4126.666666666667 3552.820512820513 2024.615384615385 4629.2307692307695 4262.051282051282 
4013.333333333334 4089.7435897435903 4654.871794871796 4592.820512820514 4552.820512820514 5395.8974358974365 4596.410256410257 2534.8717948717954 4625.641025641026 4097.435897435898 3680.0000000000005 0.0 4720.512820512821 4238.974358974359 
4217.948717948719 3973.333333333334 4495.8974358974365 4509.743589743591 4434.871794871796 5023.589743589744 4238.461538461539 4247.6923076923085 5000.000000000001 5013.846153846154 3997.435897435898 1488.717948717949 4943.076923076924 4397.435897435898 
4181.538461538462 4014.358974358975 4449.743589743591 4515.8974358974365 4460.512820512821 4870.256410256411 4301.025641025642 4419.48717948718 4803.076923076924 5065.128205128206 3925.6410256410263 2668.717948717949 4910.769230769231 4395.384615384616 
4157.948717948719 4035.8974358974365 4488.717948717949 4537.435897435898 4488.205128205129 4875.8974358974365 4389.2307692307695 4030.7692307692314 4749.743589743591 4980.512820512821 3901.538461538462 2950.2564102564106 4882.564102564103 4390.769230769231 
4248.205128205129 4014.358974358975 4464.615384615385 4520.000000000001 4457.948717948719 4756.923076923077 4305.641025641026 4538.974358974359 4931.794871794872 5459.487179487181 4063.589743589744 4209.2307692307695 4977.948717948719 4497.435897435898 
4221.538461538462 4010.7692307692314 4423.589743589744 4511.794871794872 4454.871794871796 4654.358974358975 4300.512820512821 4768.717948717949 4836.410256410257 5602.051282051283 4055.3846153846157 5193.333333333334 4956.923076923077 4515.384615384616 
4177.948717948719 4021.538461538462 4424.102564102564 4518.461538461539 4469.743589743591 4631.794871794872 4339.48717948718 4449.2307692307695 4766.153846153847 5514.871794871796 4005.6410256410263 5211.794871794872 4913.333333333334 4493.846153846154 
4207.179487179487 4018.461538461539 4436.410256410257 4523.076923076924 4477.948717948719 4622.051282051282 4353.333333333334 4449.2307692307695 4807.179487179488 5656.410256410257 4054.358974358975 5554.871794871796 4943.076923076924 4531.282051282052 
4190.769230769231 4011.2820512820517 4413.333333333334 4515.8974358974365 4474.871794871796 4594.871794871796 4344.102564102564 4501.025641025642 4781.538461538462 5676.410256410257 4035.3846153846157 5770.256410256411 4923.589743589744 4526.666666666667 
4187.6923076923085 3992.820512820513 4421.025641025642 4518.974358974359 4473.846153846154 4586.666666666667 4350.769230769231 4409.2307692307695 4743.076923076924 5673.846153846154 4039.48717948718 5846.153846153847 4915.8974358974365 4527.179487179488 
4189.2307692307695 3991.7948717948725 4427.6923076923085 4520.000000000001 4477.435897435898 4586.153846153847 4356.923076923077 4430.769230769231 4771.794871794872 5726.666666666667 4053.8461538461543 6104.615384615386 4915.8974358974365 4540.000000000001 
4177.435897435898 3983.589743589744 4430.256410256411 4520.000000000001 4474.871794871796 4577.948717948719 4352.307692307693 4400.512820512821 4728.717948717949 5712.820512820514 4040.0000000000005 6048.205128205129 4900.512820512821 4540.000000000001 
4179.48717948718 3974.358974358975 4432.820512820514 4517.948717948719 4472.307692307693 4578.461538461539 4368.717948717949 4434.358974358975 4763.589743589744 5753.333333333334 4049.23076923077 6108.205128205129 4898.974358974359 4543.589743589744 
4175.8974358974365 3976.410256410257 4435.384615384616 4522.051282051282 4472.307692307693 4578.461538461539 4341.538461538462 4400.512820512821 4720.512820512821 5753.846153846154 4045.1282051282055 6134.871794871796 4897.948717948719 4548.205128205129 
4170.256410256411 3973.8461538461543 4428.717948717949 4523.589743589744 4475.8974358974365 4578.974358974359 4357.948717948719 4403.076923076924 4738.461538461539 5763.076923076924 4046.666666666667 6084.615384615386 4892.307692307693 4540.512820512821 
4181.025641025642 3974.358974358975 4420.000000000001 4519.48717948718 4468.717948717949 4573.333333333334 4366.666666666667 4444.615384615385 4771.794871794872 5809.743589743591 4051.2820512820517 6114.3589743589755 4900.512820512821 4546.666666666667 
4180.000000000001 3984.1025641025644 4418.461538461539 4521.025641025642 4478.461538461539 4590.256410256411 4322.051282051282 4342.564102564103 4700.000000000001 5794.3589743589755 4042.564102564103 6134.871794871796 4897.435897435898 4541.538461538462 
4177.435897435898 4000.0000000000005 4419.48717948718 4525.641025641026 4486.666666666667 4597.948717948719 4302.051282051282 4256.410256410257 4695.384615384616 5754.871794871796 4029.7435897435903 6039.487179487181 4891.282051282052 4541.025641025642 
4163.589743589744 3983.589743589744 4406.153846153847 4517.948717948719 4477.948717948719 4583.589743589744 4394.871794871796 4252.820512820514 4789.743589743591 5742.051282051283 4025.1282051282055 5844.615384615386 4873.846153846154 4523.076923076924 
4171.794871794872 3986.666666666667 4402.564102564103 4513.846153846154 4473.846153846154 4578.974358974359 4424.615384615385 4283.589743589744 4849.743589743591 5780.000000000001 4032.820512820513 5869.23076923077 4879.48717948718 4521.025641025642 
4170.769230769231 3979.48717948718 4412.307692307693 4515.8974358974365 4478.461538461539 4589.2307692307695 4387.6923076923085 4245.641025641026 4742.051282051282 5774.871794871796 4030.7692307692314 5957.948717948719 4878.461538461539 4523.076923076924 
4160.000000000001 3993.333333333334 4434.358974358975 4519.48717948718 4486.153846153847 4605.641025641026 4412.307692307693 4107.179487179487 4699.48717948718 5709.2307692307695 4007.1794871794878 5636.410256410257 4864.615384615386 4513.333333333334 
4159.48717948718 4000.0000000000005 4470.769230769231 4525.128205128206 4484.615384615385 4614.871794871796 4408.717948717949 4040.5128205128212 4700.000000000001 5683.076923076924 4004.1025641025644 5366.666666666667 4862.051282051283 4512.307692307693 
4158.461538461539 4009.23076923077 4464.615384615385 4525.128205128206 4485.128205128206 4636.410256410257 4370.769230769231 4189.2307692307695 4694.871794871796 5679.487179487181 4003.076923076924 5404.615384615386 4861.025641025642 4512.307692307693 
4164.615384615385 3998.461538461539 4434.871794871796 4514.871794871796 4471.282051282052 4614.871794871796 4376.410256410257 4403.589743589744 4748.717948717949 5711.794871794873 4008.717948717949 5455.8974358974365 4861.538461538462 4508.717948717949 
4172.820512820514 4001.538461538462 4422.051282051282 4511.794871794872 4474.358974358975 4604.102564102564 4396.410256410257 4413.846153846154 4767.179487179488 5734.871794871796 4010.2564102564106 5432.820512820514 4865.128205128206 4500.000000000001 
4177.948717948719 4010.7692307692314 4423.589743589744 4513.846153846154 4475.8974358974365 4594.358974358975 4369.2307692307695 4414.358974358975 4771.794871794872 5763.076923076924 4022.564102564103 5564.102564102564 4876.410256410257 4508.205128205129 
4181.025641025642 4009.7435897435903 4413.846153846154 4514.871794871796 4476.410256410257 4592.307692307693 4363.076923076924 4438.974358974359 4767.179487179488 5793.333333333334 4028.717948717949 5779.487179487181 4876.410256410257 4519.48717948718 
4190.256410256411 4012.307692307693 4413.333333333334 4515.384615384616 4480.000000000001 4585.641025641026 4365.641025641026 4411.282051282052 4774.871794871796 5817.435897435898 4032.307692307693 5868.205128205129 4874.871794871796 4526.666666666667 
4198.974358974359 4010.2564102564106 4418.461538461539 4519.48717948718 4481.538461538462 4574.358974358975 4360.000000000001 4404.615384615385 4778.974358974359 5856.410256410257 4042.564102564103 5904.102564102564 4885.128205128206 4532.820512820514 
4192.820512820514 4014.8717948717954 4416.410256410257 4525.641025641026 4480.512820512821 4567.6923076923085 4359.48717948718 4388.205128205129 4752.307692307693 5849.743589743591 4031.2820512820517 5819.487179487181 4882.051282051283 4531.794871794872 
4200.512820512821 4003.076923076924 4427.179487179487 4527.179487179488 4477.435897435898 4555.8974358974365 4359.48717948718 4409.743589743591 4767.179487179488 5894.871794871796 4043.076923076924 5940.512820512821 4883.076923076924 4544.615384615385 
4200.512820512821 4005.1282051282055 4429.743589743591 4525.128205128206 4481.538461538462 4554.358974358975 4360.512820512821 4387.6923076923085 4762.564102564103 5917.435897435898 4041.538461538462 6079.487179487181 4880.512820512821 4552.820512820514 
4203.076923076924 4000.0000000000005 4433.333333333334 4525.128205128206 4479.48717948718 4544.615384615385 4366.153846153847 4395.384615384616 4769.2307692307695 5947.179487179488 4050.2564102564106 6105.641025641026 4884.615384615386 4556.923076923077 
4206.153846153847 4002.564102564103 4438.461538461539 4526.153846153847 4480.000000000001 4542.564102564103 4366.666666666667 4390.769230769231 4767.6923076923085 5983.076923076924 4052.307692307693 6273.333333333334 4886.153846153847 4570.256410256411 
4204.102564102564 3995.3846153846157 4449.743589743591 4524.102564102564 4478.974358974359 4528.717948717949 4362.051282051282 4390.769230769231 4772.820512820514 6009.743589743591 4061.538461538462 6432.307692307693 4884.102564102564 4584.615384615385 
4212.307692307693 4001.0256410256416 4458.461538461539 4524.102564102564 4481.538461538462 4524.102564102564 4365.128205128206 4405.641025641026 4775.384615384616 6066.666666666668 4067.692307692308 6438.461538461539 4894.871794871796 4589.2307692307695 
4208.205128205129 3993.333333333334 4457.435897435898 4520.000000000001 4481.025641025642 4526.666666666667 4371.282051282052 4406.153846153847 4763.589743589744 6088.205128205129 4071.7948717948725 6423.076923076924 4887.6923076923085 4575.8974358974365 
4218.974358974359 4000.0000000000005 4457.948717948719 4521.538461538462 4481.538461538462 4528.205128205129 4366.153846153847 4419.48717948718 4781.025641025642 6145.641025641026 4083.076923076924 6772.820512820514 4893.333333333334 4594.871794871796 
4210.769230769231 3997.435897435898 4451.282051282052 4523.076923076924 4479.48717948718 4526.153846153847 4366.666666666667 4387.6923076923085 4753.333333333334 6139.487179487181 4063.076923076924 6610.256410256411 4882.051282051283 4582.051282051282 
4234.871794871796 4004.615384615385 4457.948717948719 4529.743589743591 4479.48717948718 4522.564102564103 4362.051282051282 4449.2307692307695 4772.820512820514 6237.948717948719 4099.48717948718 6822.051282051283 4904.615384615386 4613.333333333334 
4231.282051282052 4003.076923076924 4448.717948717949 4528.717948717949 4481.538461538462 4519.48717948718 4363.589743589744 4407.179487179487 4716.923076923077 6255.8974358974365 4124.102564102564 7530.256410256411 4898.461538461539 4657.948717948719 
4233.846153846154 4009.7435897435903 4446.153846153847 4530.769230769231 4483.076923076924 4516.410256410257 4364.102564102564 4409.2307692307695 4706.153846153847 6281.538461538462 4134.871794871796 7982.564102564103 4900.000000000001 4678.461538461539 
4227.6923076923085 4011.2820512820517 4443.589743589744 4531.282051282052 4482.051282051282 4515.8974358974365 4364.615384615385 4391.282051282052 4647.179487179488 6275.384615384616 4114.358974358975 7766.666666666668 4894.871794871796 4660.512820512821 
4226.153846153847 4008.717948717949 4443.589743589744 4524.615384615385 4482.051282051282 4513.333333333334 4363.589743589744 4397.435897435898 4634.358974358975 6276.410256410257 4117.435897435898 7738.461538461539 4888.717948717949 4657.948717948719 
4225.641025641026 4021.538461538462 4441.025641025642 4522.051282051282 4486.666666666667 4516.410256410257 4366.666666666667 4379.48717948718 4542.051282051282 6244.615384615386 4113.333333333334 7865.128205128206 4884.102564102564 4665.641025641026 
4220.512820512821 4023.589743589744 4435.384615384616 4522.564102564103 4484.102564102564 4517.435897435898 4372.820512820514 4384.102564102564 4507.6923076923085 6199.487179487181 4110.769230769231 7792.307692307693 4877.948717948719 4651.282051282052 
4229.74358974359 4038.9743589743593 4434.358974358975 4525.128205128206 4485.128205128206 4521.538461538462 4361.025641025642 4394.871794871796 4440.000000000001 6171.794871794873 4118.461538461539 7835.8974358974365 4884.615384615386 4663.589743589744 
4215.384615384616 4034.8717948717954 4421.538461538462 4518.974358974359 4484.615384615385 4523.076923076924 4369.2307692307695 4360.000000000001 4384.615384615385 6077.435897435898 4100.512820512821 7728.205128205129 4864.615384615386 4652.820512820514 
4232.307692307693 4052.307692307693 4427.6923076923085 4526.153846153847 4485.128205128206 4526.666666666667 4358.974358974359 4397.435897435898 4362.564102564103 6052.820512820514 4114.358974358975 7839.487179487181 4877.948717948719 4669.743589743591 
4212.307692307693 4039.48717948718 4414.358974358975 4521.025641025642 4479.48717948718 4519.48717948718 4362.051282051282 4360.000000000001 4330.769230769231 5956.923076923078 4109.2307692307695 7885.641025641026 4860.512820512821 4657.948717948719 
4194.358974358975 4050.2564102564106 4404.615384615385 4517.435897435898 4481.538461538462 4526.666666666667 4351.282051282052 4322.051282051282 4258.974358974359 5799.487179487181 4073.333333333334 7302.564102564103 4837.948717948719 4623.076923076924 
4196.923076923077 4047.1794871794878 4403.076923076924 4516.923076923077 4481.025641025642 4544.102564102564 4367.179487179487 4375.384615384616 4208.717948717949 5711.282051282052 4063.076923076924 6909.23076923077 4838.461538461539 4605.641025641026 
4198.974358974359 4069.23076923077 4412.820512820514 4528.205128205129 4490.256410256411 4573.333333333334 4254.871794871796 4351.794871794872 4192.820512820514 5612.307692307693 4046.666666666667 6695.8974358974365 4843.076923076924 4594.871794871796 
4201.538461538462 4062.564102564103 4403.589743589744 4525.128205128206 4487.179487179488 4577.948717948719 4290.769230769231 4394.358974358975 4126.153846153847 5527.179487179488 4052.820512820513 6520.000000000001 4842.564102564103 4581.025641025642 
4202.564102564103 4040.0000000000005 4362.051282051282 4502.051282051282 4470.256410256411 4555.384615384616 4540.512820512821 4442.051282051282 4115.384615384616 5501.025641025642 4063.589743589744 6631.282051282052 4837.948717948719 4570.256410256411 
4254.358974358975 4109.2307692307695 4422.564102564103 4542.564102564103 4518.461538461539 4626.666666666667 4098.461538461539 4354.358974358975 4131.794871794872 5488.205128205129 4082.0512820512827 6765.128205128206 4889.743589743591 4627.179487179488 
4241.025641025642 4081.538461538462 4374.871794871796 4524.102564102564 4493.333333333334 4610.769230769231 4306.666666666667 4418.461538461539 4146.666666666667 5468.717948717949 4096.923076923077 6894.3589743589755 4881.025641025642 4625.641025641026 
4138.461538461539 3902.564102564103 4165.128205128206 4405.128205128206 4352.307692307693 4379.48717948718 5801.538461538462 4412.307692307693 4074.8717948717954 5435.384615384616 4093.8461538461543 7500.000000000001 4775.8974358974365 4525.641025641026 
4134.871794871796 3903.076923076924 4166.153846153847 4405.128205128206 4363.076923076924 4302.564102564103 5900.000000000001 4150.769230769231 4099.48717948718 5378.974358974359 4083.589743589744 7996.923076923078 4765.128205128206 4520.000000000001 
4242.051282051282 4088.717948717949 4378.461538461539 4528.205128205129 4504.102564102564 4452.820512820514 4422.051282051282 4138.461538461539 4194.358974358975 5324.615384615386 4093.8461538461543 7756.923076923078 4869.2307692307695 4634.358974358975 
4267.6923076923085 4103.589743589744 4417.435897435898 4543.589743589744 4518.461538461539 4504.102564102564 4044.615384615385 4447.179487179487 4276.410256410257 5341.025641025642 4126.666666666667 7786.153846153848 4893.846153846154 4673.333333333334 
4226.666666666667 4048.717948717949 4357.435897435898 4503.589743589744 4471.794871794872 4465.128205128206 4484.102564102564 4441.025641025642 4208.205128205129 5309.2307692307695 4115.8974358974365 7943.589743589745 4852.307692307693 4640.512820512821 
4223.076923076924 4067.692307692308 4392.307692307693 4521.025641025642 4494.358974358975 4503.076923076924 4225.641025641026 4300.000000000001 4215.384615384616 5232.820512820514 4093.333333333334 7708.71794871795 4852.820512820514 4632.820512820514 
4231.282051282052 4075.3846153846157 4398.974358974359 4525.128205128206 4496.923076923077 4522.051282051282 4151.794871794872 4400.512820512821 4200.000000000001 5231.794871794872 4111.794871794872 7947.6923076923085 4864.102564102564 4653.846153846154 
4212.820512820514 4048.205128205129 4364.102564102564 4510.769230769231 4477.948717948719 4504.615384615385 4325.128205128206 4346.666666666667 4042.564102564103 5175.8974358974365 4110.769230769231 8051.282051282053 4838.461538461539 4646.153846153847 
4246.666666666667 4130.256410256411 4430.256410256411 4559.48717948718 4533.846153846154 4598.974358974359 4366.666666666667 4269.2307692307695 3877.435897435898 5095.384615384616 4081.0256410256416 7175.8974358974365 4865.641025641026 4653.846153846154 
4220.512820512821 4143.589743589744 4419.48717948718 4566.666666666667 4544.615384615385 4666.153846153847 4470.769230769231 4245.641025641026 3456.9230769230776 4949.743589743591 4024.1025641025644 6192.820512820514 4845.641025641026 4596.410256410257 
4179.48717948718 4027.1794871794878 4313.333333333334 4488.717948717949 4456.923076923077 4528.205128205129 4325.641025641026 4381.538461538462 3978.9743589743593 5025.641025641026 4052.307692307693 6509.743589743591 4807.179487179488 4532.307692307693 
4243.589743589744 4238.974358974359 4523.076923076924 4626.666666666667 4614.871794871796 4797.948717948719 4585.128205128206 4189.2307692307695 4082.0512820512827 4800.512820512821 3984.615384615385 5866.153846153847 4863.076923076924 4616.923076923077 
4283.076923076924 4577.948717948719 4789.2307692307695 4833.846153846154 4850.256410256411 5406.666666666667 5000.000000000001 3849.7435897435903 2971.794871794872 4190.256410256411 3791.7948717948725 2543.0769230769233 4889.743589743591 4644.102564102564 
4230.769230769231 4306.153846153847 4574.871794871796 4661.025641025642 4643.076923076924 5266.153846153847 4660.000000000001 4366.153846153847 3348.205128205129 4448.717948717949 3899.48717948718 1948.717948717949 4842.564102564103 4515.8974358974365 
4175.8974358974365 3901.0256410256416 4289.74358974359 4409.743589743591 4351.794871794872 4672.820512820514 4144.102564102564 4785.641025641026 5011.794871794872 5033.846153846154 4066.1538461538466 4304.102564102564 4797.948717948719 4418.974358974359 
4223.076923076924 4009.7435897435903 4405.128205128206 4483.076923076924 4441.025641025642 4625.128205128206 4284.102564102564 4529.743589743591 5003.076923076924 4991.794871794872 4031.2820512820517 5277.435897435898 4846.666666666667 4491.794871794872 
4227.179487179487 4140.512820512821 4469.2307692307695 4563.589743589744 4539.48717948718 4775.8974358974365 4476.923076923077 4299.48717948718 4168.205128205129 4745.641025641026 3962.564102564103 4790.769230769231 4848.717948717949 4520.000000000001 
4215.384615384616 4024.615384615385 4363.076923076924 4485.641025641026 4452.820512820514 4613.333333333334 4306.666666666667 4503.589743589744 4624.102564102564 4949.2307692307695 4039.48717948718 5388.205128205129 4834.871794871796 4492.820512820514 
4224.102564102564 4032.820512820513 4375.384615384616 4494.358974358975 4467.179487179487 4579.48717948718 4339.48717948718 4441.538461538462 4737.948717948719 4968.717948717949 4032.820512820513 5859.487179487181 4844.615384615386 4507.6923076923085 
4224.102564102564 4081.0256410256416 4406.666666666667 4525.128205128206 4500.512820512821 4628.717948717949 4383.076923076924 4341.025641025642 4438.974358974359 4861.538461538462 4002.0512820512827 5614.3589743589755 4845.128205128206 4518.974358974359 
4226.153846153847 4048.717948717949 4398.461538461539 4508.205128205129 4480.512820512821 4593.333333333334 4369.743589743591 4420.512820512821 4532.307692307693 4928.717948717949 4037.435897435898 5866.153846153847 4847.179487179488 4531.282051282052 
4220.000000000001 4064.615384615385 4415.8974358974365 4516.410256410257 4489.743589743591 4591.794871794872 4357.435897435898 4377.435897435898 4493.333333333334 4896.410256410257 4028.205128205129 5888.205128205129 4839.48717948718 4539.48717948718 
4221.538461538462 4055.8974358974365 4416.923076923077 4515.384615384616 4488.205128205129 4588.205128205129 4370.769230769231 4388.205128205129 4461.025641025642 4902.051282051283 4035.8974358974365 5888.717948717949 4835.384615384616 4533.333333333334 
4226.153846153847 4060.0000000000005 4409.743589743591 4512.307692307693 4484.102564102564 4583.076923076924 4384.102564102564 4371.794871794872 4432.307692307693 4902.564102564103 4034.358974358975 5880.000000000001 4837.435897435898 4529.743589743591 
4231.282051282052 4066.1538461538466 4398.974358974359 4515.8974358974365 4492.307692307693 4582.051282051282 4400.512820512821 4361.538461538462 4417.948717948719 4907.179487179488 4035.8974358974365 5902.564102564103 4842.564102564103 4532.307692307693 
4255.384615384616 4135.384615384616 4454.871794871796 4558.974358974359 4544.615384615385 4693.846153846154 4311.794871794872 4312.820512820514 4448.717948717949 4849.2307692307695 4011.7948717948725 5651.282051282052 4857.948717948719 4557.948717948719 
4135.8974358974365 3901.0256410256416 4301.538461538462 4411.794871794872 4369.743589743591 4438.974358974359 4481.538461538462 4356.410256410257 4342.564102564103 4900.512820512821 4005.1282051282055 5775.384615384616 4730.769230769231 4402.564102564103 
4341.538461538462 4225.641025641026 4444.615384615385 4621.538461538462 4606.153846153847 4694.358974358975 4291.282051282052 4406.666666666667 4563.076923076924 4923.076923076924 4050.2564102564106 5960.000000000001 4925.641025641026 4612.820512820514 
4265.128205128206 4268.717948717949 4581.538461538462 4660.512820512821 4649.743589743591 4976.923076923077 4096.410256410257 4192.307692307693 4538.461538461539 4655.8974358974365 3954.8717948717954 4811.794871794872 4869.2307692307695 4601.538461538462 
3936.410256410257 3730.2564102564106 4455.384615384616 4302.051282051282 4235.384615384616 4398.974358974359 4078.461538461539 4160.512820512821 4332.820512820514 4622.564102564103 3861.0256410256416 4473.333333333334 4526.153846153847 4183.589743589744 
4219.48717948718 4117.435897435898 4595.8974358974365 4531.794871794872 4513.846153846154 4465.641025641026 3925.6410256410263 4315.8974358974365 4767.6923076923085 4668.205128205129 3897.435897435898 4104.615384615385 4767.179487179488 4367.179487179487 
4405.641025641026 4399.48717948718 4550.769230769231 4709.743589743591 4745.128205128206 4794.358974358975 4015.3846153846157 4402.051282051282 5000.512820512821 4664.615384615386 3919.48717948718 3648.205128205129 4948.717948717949 4545.128205128206 
4210.256410256411 4112.307692307693 4428.717948717949 4533.333333333334 4544.615384615385 4758.974358974359 4124.102564102564 4334.358974358975 4756.923076923077 4582.051282051282 3871.7948717948725 3366.1538461538466 4776.410256410257 4380.512820512821 
4089.23076923077 3818.9743589743593 4335.8974358974365 4341.538461538462 4322.051282051282 4396.923076923077 4201.538461538462 4409.743589743591 4597.435897435898 4678.974358974359 3886.1538461538466 3978.461538461539 4637.948717948719 4209.2307692307695 
4443.076923076924 4374.871794871796 4655.384615384616 4707.179487179488 4751.794871794872 4854.871794871796 3928.717948717949 4414.871794871796 4972.820512820514 4603.076923076924 3918.461538461539 3601.0256410256416 4950.256410256411 4554.871794871796 
4105.128205128206 3871.2820512820517 4267.6923076923085 4370.256410256411 4364.102564102564 4551.794871794872 4266.153846153847 4367.179487179487 4618.974358974359 4590.769230769231 3853.333333333334 3428.717948717949 4641.025641025642 4224.102564102564 
4123.076923076924 3863.076923076924 4308.205128205129 4355.384615384616 4332.820512820514 4328.717948717949 4105.641025641026 4412.307692307693 4568.717948717949 4673.846153846154 3885.6410256410263 4033.8461538461543 4670.256410256411 4211.794871794872 
4586.666666666667 4618.974358974359 4885.128205128206 4912.307692307693 4976.410256410257 5077.435897435898 3859.48717948718 4440.000000000001 5163.076923076924 4557.435897435898 3943.589743589744 3433.8461538461543 5163.076923076924 4766.153846153847 
3547.1794871794878 3061.538461538462 3644.1025641025644 3828.717948717949 3731.794871794872 3833.333333333334 4716.410256410257 4227.6923076923085 4048.717948717949 4603.076923076924 3756.410256410257 3787.1794871794878 4208.205128205129 3701.0256410256416 
3003.589743589744 2097.435897435898 2827.1794871794878 3108.2051282051284 2880.0000000000005 2070.2564102564106 4692.307692307693 4190.256410256411 3028.717948717949 4909.2307692307695 3768.205128205129 6206.666666666668 3678.461538461539 2997.9487179487182 
4081.0256410256416 3580.512820512821 4007.692307692308 4186.153846153847 4111.282051282052 2573.3333333333335 4173.846153846154 4440.512820512821 3826.666666666667 5077.948717948719 4080.0000000000005 8207.692307692309 4730.256410256411 4146.153846153847 
4784.102564102564 4723.076923076924 4940.512820512821 5029.743589743591 5095.8974358974365 4091.2820512820517 4290.769230769231 4523.076923076924 4640.512820512821 4962.564102564103 4217.948717948719 8031.282051282053 5443.076923076924 5067.179487179488 
4174.358974358975 3921.0256410256416 4288.205128205129 4422.051282051282 4409.743589743591 4035.8974358974365 4788.717948717949 4385.641025641026 4107.179487179487 4920.512820512821 4083.589743589744 7579.487179487181 4854.358974358975 4498.974358974359 
4161.538461538462 3853.8461538461543 4253.846153846154 4343.589743589744 4315.384615384616 3856.9230769230776 4411.282051282052 4395.384615384616 4012.307692307693 4977.435897435898 4098.974358974359 8056.410256410258 4788.717948717949 4421.538461538462 
4525.641025641026 4404.615384615385 4689.2307692307695 4745.641025641026 4773.333333333334 4443.589743589744 4264.102564102564 4436.923076923077 4430.256410256411 4912.307692307693 4158.461538461539 7857.435897435898 5109.743589743591 4844.615384615386 
4260.000000000001 3996.410256410257 4381.538461538462 4462.564102564103 4441.538461538462 4323.589743589744 4523.589743589744 4365.641025641026 4161.538461538462 4896.410256410257 4097.435897435898 7770.256410256411 4808.717948717949 4567.179487179488 
4349.2307692307695 4111.794871794872 4461.538461538462 4536.410256410257 4519.48717948718 4398.974358974359 4308.205128205129 4371.794871794872 4251.794871794872 4893.333333333334 4111.282051282052 7769.23076923077 4856.923076923077 4638.461538461539 
4321.025641025642 4074.8717948717954 4429.743589743591 4524.615384615385 4504.102564102564 4430.256410256411 4398.461538461539 4355.8974358974365 4235.8974358974365 4864.102564102564 4106.666666666667 7773.333333333334 4830.769230769231 4634.871794871796 
4308.205128205129 4066.1538461538466 4404.102564102564 4512.820512820514 4481.538461538462 4451.794871794872 4375.8974358974365 4377.435897435898 4230.256410256411 4866.666666666667 4115.384615384616 7856.410256410258 4820.000000000001 4631.794871794872 
4323.076923076924 4088.717948717949 4417.435897435898 4538.461538461539 4503.589743589744 4487.179487179488 4333.846153846154 4389.2307692307695 4261.025641025642 4854.871794871796 4120.512820512821 7846.666666666668 4837.435897435898 4659.48717948718 
4281.538461538462 4059.48717948718 4382.564102564103 4514.358974358975 4480.000000000001 4493.333333333334 4326.666666666667 4328.205128205129 4221.538461538462 4785.128205128206 4088.717948717949 7644.102564102565 4794.358974358975 4609.2307692307695 
4306.153846153847 4083.589743589744 4406.153846153847 4529.743589743591 4500.512820512821 4521.025641025642 4273.846153846154 4382.564102564103 4284.102564102564 4816.923076923077 4122.051282051282 8043.076923076924 4825.128205128206 4645.641025641026 
4261.025641025642 4065.6410256410263 4380.000000000001 4514.871794871796 4487.6923076923085 4526.666666666667 4256.923076923077 4281.025641025642 4237.435897435898 4712.307692307693 4082.564102564103 7697.948717948719 4783.076923076924 4607.179487179488 
4240.000000000001 4069.7435897435903 4385.128205128206 4520.000000000001 4492.820512820514 4539.48717948718 4197.435897435898 4234.871794871796 4262.564102564103 4611.282051282052 4020.0000000000005 6446.666666666668 4746.666666666667 4537.948717948719 
4250.769230769231 4063.076923076924 4403.076923076924 4523.589743589744 4494.871794871796 4555.8974358974365 4223.076923076924 4300.000000000001 4324.615384615385 4613.333333333334 4005.6410256410263 5867.6923076923085 4736.410256410257 4498.974358974359 
4295.8974358974365 4067.1794871794878 4430.256410256411 4531.282051282052 4494.871794871796 4575.8974358974365 4246.153846153847 4407.179487179487 4403.589743589744 4688.717948717949 4046.666666666667 6143.589743589744 4761.025641025642 4534.871794871796 
4280.000000000001 4054.358974358975 4421.538461538462 4529.743589743591 4488.717948717949 4572.820512820514 4289.74358974359 4348.205128205129 4391.282051282052 4616.923076923077 4027.692307692308 6039.487179487181 4738.974358974359 4535.384615384616 
4246.153846153847 4047.692307692308 4400.000000000001 4529.743589743591 4484.102564102564 4593.846153846154 4363.589743589744 4307.6923076923085 4429.2307692307695 4547.179487179488 3985.6410256410263 5434.3589743589755 4715.8974358974365 4496.923076923077 
4252.820512820514 4045.1282051282055 4397.435897435898 4535.384615384616 4481.538461538462 4638.461538461539 4377.435897435898 4374.358974358975 4501.538461538462 4590.769230769231 4001.0256410256416 5404.102564102564 4738.974358974359 4494.358974358975 
4254.871794871796 4050.7692307692314 4389.743589743591 4534.358974358975 4481.025641025642 4670.769230769231 4368.205128205129 4375.384615384616 4516.923076923077 4571.794871794872 3997.9487179487182 5357.435897435898 4744.615384615386 4491.282051282052 
4262.564102564103 4046.666666666667 4393.333333333334 4532.820512820514 4478.461538461539 4666.666666666667 4349.2307692307695 4428.205128205129 4511.282051282052 4596.410256410257 4015.8974358974365 5481.025641025642 4767.6923076923085 4502.564102564103 
4243.589743589744 4050.7692307692314 4380.000000000001 4530.256410256411 4480.000000000001 4668.205128205129 4361.025641025642 4400.000000000001 4501.025641025642 4568.205128205129 3998.9743589743593 5387.179487179488 4773.333333333334 4485.641025641026 
4251.794871794872 4053.333333333334 4388.205128205129 4527.179487179488 4482.564102564103 4673.333333333334 4363.076923076924 4423.076923076924 4490.769230769231 4593.333333333334 4014.8717948717954 5438.974358974359 4793.333333333334 4487.179487179488 
4256.410256410257 4071.2820512820517 4400.000000000001 4529.2307692307695 4490.769230769231 4674.358974358975 4358.461538461539 4396.410256410257 4409.2307692307695 4577.948717948719 4015.8974358974365 5452.307692307693 4806.666666666667 4494.871794871796 
4251.282051282052 4067.1794871794878 4405.128205128206 4529.743589743591 4489.743589743591 4669.2307692307695 4371.282051282052 4382.564102564103 4387.179487179487 4573.333333333334 4013.8461538461543 5387.179487179488 4813.333333333334 4490.256410256411 
4254.871794871796 4065.1282051282055 4407.179487179487 4523.076923076924 4484.102564102564 4651.282051282052 4353.333333333334 4382.564102564103 4430.256410256411 4582.564102564103 4014.8717948717954 5590.769230769231 4809.743589743591 4493.333333333334 
4256.410256410257 4055.3846153846157 4406.153846153847 4511.794871794872 4478.461538461539 4630.769230769231 4372.307692307693 4401.538461538462 4373.846153846154 4590.769230769231 4016.410256410257 5664.102564102564 4792.307692307693 4494.358974358975 
4327.179487179487 4127.179487179487 4474.358974358975 4560.000000000001 4526.666666666667 4669.2307692307695 4296.410256410257 4482.564102564103 4331.282051282052 4659.48717948718 4058.9743589743593 6018.461538461539 4862.051282051283 4574.358974358975 
4278.974358974359 4080.0000000000005 4410.769230769231 4537.435897435898 4502.564102564103 4650.256410256411 4367.6923076923085 4381.025641025642 4237.435897435898 4543.589743589744 4031.7948717948725 5975.8974358974365 4822.564102564103 4557.435897435898 
4151.282051282052 3805.6410256410263 4249.2307692307695 4355.8974358974365 4298.461538461539 4320.000000000001 4538.461538461539 4486.153846153847 4086.1538461538466 4691.794871794872 4062.564102564103 6406.153846153847 4692.820512820514 4409.2307692307695 
4530.256410256411 4380.512820512821 4685.128205128206 4717.948717948719 4711.282051282052 4830.769230769231 3905.1282051282055 4632.307692307693 4365.641025641026 4838.974358974359 4178.974358974359 7011.794871794873 5064.102564102564 4810.769230769231 
4500.000000000001 4296.923076923077 4508.205128205129 4705.641025641026 4664.615384615386 4983.589743589744 4191.282051282052 4441.538461538462 4497.435897435898 4562.564102564103 4154.871794871796 5982.564102564103 5033.333333333334 4860.000000000001 
3812.307692307693 3212.307692307693 3707.1794871794878 4008.717948717949 3866.666666666667 4056.9230769230776 5247.179487179488 4123.589743589744 4158.974358974359 4211.794871794872 3921.538461538462 4049.23076923077 4327.6923076923085 4137.948717948719 
3963.076923076924 3670.2564102564106 4191.282051282052 4238.461538461539 4155.384615384616 4424.615384615385 3660.512820512821 4138.461538461539 4686.153846153847 4216.410256410257 3821.0256410256416 3048.717948717949 4456.410256410257 4201.025641025642 
4935.8974358974365 5540.512820512821 5578.461538461539 5407.6923076923085 5491.282051282052 6597.435897435898 2568.2051282051284 4267.179487179487 5135.384615384616 4156.923076923077 3896.410256410257 1496.9230769230771 5429.743589743591 5222.051282051283 
4549.2307692307695 4900.512820512821 5112.307692307693 5029.2307692307695 5045.128205128206 6633.846153846154 4308.205128205129 4368.205128205129 4181.538461538462 4132.820512820514 3847.692307692308 0.0 5084.102564102564 4881.538461538462 
3632.820512820513 3043.0769230769233 3769.7435897435903 3830.2564102564106 3688.717948717949 4457.948717948719 4891.794871794872 4637.948717948719 3626.1538461538466 4576.923076923077 3818.461538461539 2067.1794871794873 4169.74358974359 3791.7948717948725 
3913.8461538461543 3383.589743589744 3884.615384615385 4036.9230769230776 3957.9487179487182 3926.1538461538466 3791.7948717948725 4576.923076923077 4332.307692307693 4683.076923076924 3887.692307692308 4874.871794871796 4422.051282051282 3961.0256410256416 
4356.923076923077 4194.871794871796 4451.282051282052 4572.820512820514 4595.8974358974365 4517.435897435898 4131.282051282052 4332.820512820514 4380.512820512821 4436.923076923077 3924.1025641025644 4715.384615384616 4853.846153846154 4427.6923076923085 
4322.564102564103 4204.615384615385 4533.333333333334 4581.538461538462 4620.512820512821 4733.846153846154 4684.102564102564 4296.923076923077 3929.2307692307695 4328.205128205129 3898.9743589743593 3671.2820512820517 4832.307692307693 4440.000000000001 
4187.179487179487 3930.2564102564106 4282.051282051282 4395.8974358974365 4409.2307692307695 4455.8974358974365 4357.435897435898 4380.000000000001 4071.7948717948725 4433.846153846154 3894.8717948717954 4142.564102564103 4699.48717948718 4287.6923076923085 
4293.333333333334 4111.282051282052 4390.256410256411 4521.538461538462 4552.307692307693 4577.435897435898 4187.179487179487 4389.743589743591 4240.000000000001 4401.025641025642 3915.3846153846157 4226.153846153847 4806.153846153847 4397.435897435898 
4246.666666666667 4084.1025641025644 4500.000000000001 4520.000000000001 4551.794871794872 4609.2307692307695 3126.666666666667 4444.615384615385 4342.564102564103 4347.6923076923085 3894.358974358975 3805.1282051282055 4776.923076923077 4352.820512820514 
4282.051282051282 4138.461538461539 4511.282051282052 4553.333333333334 4577.948717948719 4667.6923076923085 3354.8717948717954 4507.179487179488 4288.205128205129 4371.282051282052 3899.48717948718 3673.333333333334 4820.000000000001 4381.025641025642 
4226.153846153847 4041.0256410256416 4349.743589743591 4474.871794871796 4496.923076923077 4623.076923076924 4462.564102564103 4408.205128205129 4144.615384615385 4393.333333333334 3899.48717948718 3860.0000000000005 4763.589743589744 4333.846153846154 
4212.820512820514 4045.1282051282055 4349.743589743591 4462.564102564103 4497.435897435898 4620.512820512821 4543.589743589744 4371.794871794872 4092.307692307693 4369.743589743591 3914.358974358975 4018.461538461539 4768.205128205129 4338.461538461539 
4192.820512820514 4055.8974358974365 4382.564102564103 4474.358974358975 4513.333333333334 4601.538461538462 4266.153846153847 4498.974358974359 4153.846153846154 4363.076923076924 3908.205128205129 3940.0000000000005 4792.820512820514 4337.435897435898 
4181.538461538462 4041.0256410256416 4371.282051282052 4477.435897435898 4509.743589743591 4569.2307692307695 4521.025641025642 4581.025641025642 4108.205128205129 4392.307692307693 3895.3846153846157 3991.7948717948725 4772.307692307693 4332.820512820514 
4195.8974358974365 4057.435897435898 4371.282051282052 4503.076923076924 4525.641025641026 4588.205128205129 4509.2307692307695 4535.8974358974365 4121.538461538462 4386.153846153847 3907.692307692308 4027.692307692308 4769.2307692307695 4369.743589743591 
4194.358974358975 4049.7435897435903 4368.205128205129 4498.974358974359 4506.153846153847 4571.794871794872 4293.333333333334 4441.538461538462 4166.666666666667 4378.974358974359 3904.1025641025644 3988.717948717949 4790.256410256411 4355.8974358974365 
