4396.923076923077 4120.000000000001 4510.769230769231 4540.512820512821 4463.589743589744 4756.923076923077 4463.076923076924 4360.512820512821 4716.923076923077 4085.1282051282055 3954.8717948717954 4409.2307692307695 4630.769230769231 4416.410256410257 
4397.435897435898 4122.051282051282 4507.179487179488 4541.538461538462 4465.128205128206 4761.538461538462 4471.282051282052 4363.589743589744 4716.410256410257 4084.615384615385 3957.9487179487182 4405.641025641026 4633.333333333334 4415.8974358974365 
4414.871794871796 4130.256410256411 4513.846153846154 4543.589743589744 4457.435897435898 4758.461538461539 4491.282051282052 4360.000000000001 4711.794871794872 4084.615384615385 3963.076923076924 4413.846153846154 4636.923076923077 4419.48717948718 
4426.153846153847 4134.358974358975 4515.8974358974365 4554.871794871796 4454.871794871796 4760.000000000001 4509.2307692307695 4356.923076923077 4709.743589743591 4087.1794871794878 3964.1025641025644 4417.435897435898 4632.307692307693 4418.461538461539 
4441.025641025642 4141.538461538462 4534.871794871796 4565.128205128206 4453.846153846154 4760.512820512821 4498.461538461539 4351.282051282052 4708.205128205129 4086.666666666667 3963.589743589744 4426.666666666667 4637.948717948719 4425.128205128206 
4447.6923076923085 4149.74358974359 4536.410256410257 4571.794871794872 4454.871794871796 4767.6923076923085 4482.051282051282 4347.6923076923085 4706.153846153847 4082.564102564103 3958.9743589743593 4427.179487179487 4638.974358974359 4431.282051282052 
4464.615384615385 4163.589743589744 4544.102564102564 4586.153846153847 4450.256410256411 4767.6923076923085 4482.051282051282 4344.102564102564 4705.128205128206 4081.538461538462 3954.358974358975 4427.6923076923085 4636.923076923077 4440.000000000001 
4462.564102564103 4169.74358974359 4570.769230769231 4597.435897435898 4450.256410256411 4772.307692307693 4492.307692307693 4342.051282051282 4706.153846153847 4084.1025641025644 3945.1282051282055 4417.435897435898 4636.923076923077 4438.974358974359 
4420.000000000001 4147.6923076923085 4553.333333333334 4575.384615384616 4462.051282051282 4787.6923076923085 4507.6923076923085 4352.820512820514 4712.820512820514 4087.1794871794878 3935.3846153846157 4395.8974358974365 4633.846153846154 4419.48717948718 
4331.794871794872 4094.8717948717954 4469.743589743591 4525.641025641026 4475.8974358974365 4792.307692307693 4525.641025641026 4376.410256410257 4722.051282051282 4085.1282051282055 3935.3846153846157 4377.948717948719 4624.615384615385 4401.538461538462 
4278.974358974359 4049.23076923077 4417.435897435898 4487.6923076923085 4485.641025641026 4781.538461538462 4536.923076923077 4392.307692307693 4725.128205128206 4083.076923076924 3940.0000000000005 4366.666666666667 4613.333333333334 4392.820512820514 
4266.666666666667 4028.717948717949 4417.435897435898 4469.2307692307695 4490.256410256411 4776.923076923077 4536.923076923077 4394.358974358975 4725.641025641026 4086.666666666667 3944.615384615385 4372.820512820514 4608.205128205129 4382.564102564103 
4220.512820512821 4008.205128205129 4374.871794871796 4440.512820512821 4497.948717948719 4778.461538461539 4527.6923076923085 4403.589743589744 4732.820512820514 4086.666666666667 3947.692307692308 4384.102564102564 4597.948717948719 4366.666666666667 
4227.179487179487 4005.1282051282055 4355.8974358974365 4428.717948717949 4491.282051282052 4758.974358974359 4508.205128205129 4403.076923076924 4733.846153846154 4083.589743589744 3962.564102564103 4408.717948717949 4601.025641025642 4376.923076923077 
4293.333333333334 4029.7435897435903 4407.6923076923085 4455.384615384616 4482.051282051282 4749.743589743591 4485.641025641026 4392.307692307693 4724.102564102564 4084.615384615385 3966.1538461538466 4423.076923076924 4606.666666666667 4392.307692307693 
4330.769230769231 4055.8974358974365 4468.205128205129 4484.102564102564 4473.333333333334 4748.717948717949 4465.128205128206 4382.564102564103 4717.948717948719 4087.1794871794878 3961.538461538462 4442.564102564103 4613.333333333334 4398.461538461539 
4311.794871794872 4061.538461538462 4465.641025641026 4488.717948717949 4475.8974358974365 4747.179487179488 4454.871794871796 4382.564102564103 4722.051282051282 4083.589743589744 3955.3846153846157 4444.615384615385 4611.282051282052 4396.410256410257 
4330.256410256411 4058.9743589743593 4444.615384615385 4486.153846153847 4473.846153846154 4740.512820512821 4457.435897435898 4378.974358974359 4722.564102564103 4083.076923076924 3961.0256410256416 4444.102564102564 4617.948717948719 4406.153846153847 
4319.48717948718 4048.717948717949 4423.589743589744 4484.615384615385 4478.974358974359 4750.256410256411 4457.435897435898 4379.48717948718 4722.564102564103 4084.1025641025644 3953.333333333334 4417.435897435898 4608.205128205129 4401.025641025642 
4328.717948717949 4045.6410256410263 4437.435897435898 4498.974358974359 4481.538461538462 4745.128205128206 4459.48717948718 4382.051282051282 4724.102564102564 4085.1282051282055 3937.435897435898 4385.641025641026 4603.076923076924 4392.307692307693 
4367.6923076923085 4054.8717948717954 4446.666666666667 4522.564102564103 4482.051282051282 4733.333333333334 4478.461538461539 4383.076923076924 4726.153846153847 4083.076923076924 3934.8717948717954 4349.743589743591 4604.615384615385 4392.820512820514 
4387.6923076923085 4068.717948717949 4456.410256410257 4534.871794871796 4472.820512820514 4727.179487179488 4483.076923076924 4376.923076923077 4723.589743589744 4082.564102564103 3942.564102564103 4327.179487179487 4609.743589743591 4403.076923076924 
4373.333333333334 4069.23076923077 4469.2307692307695 4540.512820512821 4472.307692307693 4734.871794871796 4468.205128205129 4375.384615384616 4722.051282051282 4083.589743589744 3935.3846153846157 4306.153846153847 4604.615384615385 4396.410256410257 
4369.2307692307695 4069.23076923077 4482.051282051282 4547.6923076923085 4475.384615384616 4735.384615384616 4459.48717948718 4380.000000000001 4721.025641025642 4082.0512820512827 3930.7692307692314 4306.666666666667 4605.128205128206 4386.153846153847 
4356.410256410257 4066.666666666667 4466.666666666667 4541.538461538462 4473.846153846154 4731.794871794872 4469.2307692307695 4381.538461538462 4722.564102564103 4081.0256410256416 3947.1794871794878 4342.051282051282 4604.615384615385 4389.2307692307695 
4336.923076923077 4067.1794871794878 4458.461538461539 4525.128205128206 4470.256410256411 4733.333333333334 4476.410256410257 4378.461538461539 4724.102564102564 4082.564102564103 3958.461538461539 4381.538461538462 4601.538461538462 4395.8974358974365 
4335.8974358974365 4061.538461538462 4479.48717948718 4517.435897435898 4468.717948717949 4736.410256410257 4486.666666666667 4378.974358974359 4718.461538461539 4081.538461538462 3952.307692307693 4398.461538461539 4602.564102564103 4392.307692307693 
4346.153846153847 4067.1794871794878 4474.358974358975 4518.974358974359 4470.769230769231 4739.48717948718 4499.48717948718 4377.948717948719 4712.820512820514 4080.5128205128212 3948.205128205129 4395.384615384616 4606.666666666667 4392.820512820514 
4371.794871794872 4086.666666666667 4474.871794871796 4530.769230769231 4465.641025641026 4733.333333333334 4515.8974358974365 4369.743589743591 4716.410256410257 4082.564102564103 3953.8461538461543 4392.820512820514 4615.8974358974365 4410.769230769231 
4386.666666666667 4101.538461538462 4505.641025641026 4548.205128205129 4466.153846153847 4735.8974358974365 4531.282051282052 4366.666666666667 4721.025641025642 4081.538461538462 3938.461538461539 4345.128205128206 4613.846153846154 4414.358974358975 
4427.6923076923085 4113.846153846154 4546.666666666667 4578.974358974359 4463.589743589744 4733.333333333334 4535.384615384616 4364.615384615385 4716.410256410257 4080.5128205128212 3916.9230769230776 4277.948717948719 4618.461538461539 4411.282051282052 
4470.256410256411 4136.923076923077 4523.589743589744 4611.282051282052 4468.205128205129 4731.282051282052 4548.717948717949 4363.589743589744 4715.384615384616 4081.538461538462 3905.1282051282055 4209.2307692307695 4626.666666666667 4413.846153846154 
4502.564102564103 4168.205128205129 4506.666666666667 4629.743589743591 4471.282051282052 4724.102564102564 4560.512820512821 4360.000000000001 4719.48717948718 4081.538461538462 3904.615384615385 4167.179487179487 4638.974358974359 4423.076923076924 
4501.025641025642 4170.769230769231 4497.435897435898 4633.333333333334 4476.410256410257 4728.717948717949 4577.948717948719 4364.615384615385 4719.48717948718 4081.0256410256416 3897.435897435898 4141.025641025642 4636.410256410257 4413.846153846154 
4494.358974358975 4161.025641025642 4493.333333333334 4625.128205128206 4471.282051282052 4728.717948717949 4598.461538461539 4368.205128205129 4717.948717948719 4082.0512820512827 3902.564102564103 4167.179487179487 4642.051282051282 4408.717948717949 
4446.153846153847 4147.179487179487 4480.000000000001 4596.410256410257 4471.794871794872 4736.410256410257 4615.384615384616 4369.743589743591 4720.000000000001 4081.538461538462 3911.7948717948725 4212.820512820514 4636.923076923077 4406.666666666667 
4400.000000000001 4136.923076923077 4482.564102564103 4556.410256410257 4475.384615384616 4746.153846153847 4608.205128205129 4368.717948717949 4720.000000000001 4082.0512820512827 3924.615384615385 4269.74358974359 4631.794871794872 4404.102564102564 
4343.076923076924 4116.410256410257 4481.538461538462 4520.000000000001 4479.48717948718 4756.410256410257 4613.846153846154 4375.8974358974365 4719.48717948718 4082.564102564103 3935.3846153846157 4333.846153846154 4622.564102564103 4393.333333333334 
4301.025641025642 4093.8461538461543 4470.256410256411 4486.153846153847 4474.871794871796 4755.8974358974365 4631.794871794872 4383.589743589744 4721.538461538462 4083.589743589744 3949.2307692307695 4415.384615384616 4621.538461538462 4395.384615384616 
4272.820512820514 4079.48717948718 4429.743589743591 4454.358974358975 4474.871794871796 4758.461538461539 4630.769230769231 4382.051282051282 4722.564102564103 4083.589743589744 3963.589743589744 4486.153846153847 4622.564102564103 4404.615384615385 
4270.256410256411 4071.7948717948725 4410.769230769231 4435.8974358974365 4476.923076923077 4760.512820512821 4622.564102564103 4378.974358974359 4722.051282051282 4083.076923076924 3970.7692307692314 4521.538461538462 4620.000000000001 4406.153846153847 
4268.717948717949 4065.1282051282055 4426.666666666667 4434.358974358975 4475.384615384616 4757.435897435898 4618.461538461539 4380.000000000001 4722.051282051282 4084.1025641025644 3972.307692307693 4529.743589743591 4619.48717948718 4403.076923076924 
4275.8974358974365 4057.435897435898 4424.615384615385 4434.358974358975 4474.358974358975 4751.794871794872 4617.948717948719 4381.538461538462 4722.051282051282 4085.1282051282055 3974.8717948717954 4523.076923076924 4622.051282051282 4402.564102564103 
4292.307692307693 4062.0512820512827 4414.871794871796 4438.974358974359 4471.794871794872 4746.666666666667 4620.512820512821 4377.948717948719 4724.102564102564 4085.6410256410263 3981.0256410256416 4508.205128205129 4626.666666666667 4409.2307692307695 
4294.871794871796 4066.1538461538466 4422.564102564103 4449.743589743591 4472.307692307693 4747.6923076923085 4620.000000000001 4378.461538461539 4727.6923076923085 4087.692307692308 3976.410256410257 4475.8974358974365 4624.102564102564 4407.6923076923085 
4306.666666666667 4071.2820512820517 4440.000000000001 4460.512820512821 4474.358974358975 4744.102564102564 4606.153846153847 4380.000000000001 4725.128205128206 4089.7435897435903 3972.307692307693 4454.358974358975 4627.179487179488 4402.564102564103 
4290.256410256411 4072.820512820513 4415.8974358974365 4463.589743589744 4479.48717948718 4744.615384615386 4594.358974358975 4383.589743589744 4724.615384615386 4087.1794871794878 3968.205128205129 4443.076923076924 4624.102564102564 4394.358974358975 
4304.102564102564 4080.5128205128212 4402.051282051282 4465.128205128206 4474.358974358975 4740.512820512821 4592.307692307693 4382.564102564103 4727.6923076923085 4087.692307692308 3969.2307692307695 4443.076923076924 4630.256410256411 4398.974358974359 
4323.076923076924 4081.538461538462 4398.461538461539 4468.717948717949 4477.435897435898 4744.102564102564 4593.333333333334 4382.564102564103 4726.666666666667 4088.205128205129 3961.538461538462 4418.974358974359 4628.205128205129 4398.461538461539 
4350.769230769231 4080.0000000000005 4408.717948717949 4478.461538461539 4480.000000000001 4738.974358974359 4592.307692307693 4382.564102564103 4724.102564102564 4085.1282051282055 3952.307692307693 4392.820512820514 4628.717948717949 4403.076923076924 
4366.666666666667 4079.48717948718 4400.000000000001 4491.282051282052 4483.076923076924 4736.923076923077 4590.769230769231 4383.589743589744 4727.179487179488 4083.589743589744 3941.538461538462 4363.076923076924 4626.153846153847 4404.615384615385 
4384.102564102564 4083.076923076924 4412.307692307693 4495.8974358974365 4478.974358974359 4730.256410256411 4586.153846153847 4381.538461538462 4727.179487179488 4087.692307692308 3940.5128205128212 4355.8974358974365 4629.2307692307695 4409.743589743591 
4371.282051282052 4081.538461538462 4412.307692307693 4494.358974358975 4480.000000000001 4735.8974358974365 4582.564102564103 4384.102564102564 4725.128205128206 4089.23076923077 3936.410256410257 4351.282051282052 4624.615384615385 4408.717948717949 
4361.025641025642 4082.0512820512827 4406.666666666667 4495.384615384616 4480.000000000001 4738.974358974359 4574.358974358975 4386.666666666667 4726.153846153847 4087.1794871794878 3935.8974358974365 4357.948717948719 4626.666666666667 4404.102564102564 
4351.794871794872 4085.1282051282055 4407.6923076923085 4499.48717948718 4484.615384615385 4740.512820512821 4568.205128205129 4387.179487179487 4728.205128205129 4084.1025641025644 3940.5128205128212 4356.923076923077 4624.615384615385 4396.410256410257 
4352.307692307693 4086.1538461538466 4417.435897435898 4500.512820512821 4484.102564102564 4736.410256410257 4566.666666666667 4385.641025641026 4727.179487179488 4085.6410256410263 3947.1794871794878 4360.512820512821 4623.076923076924 4398.974358974359 
4369.743589743591 4086.1538461538466 4404.615384615385 4498.974358974359 4482.051282051282 4736.410256410257 4566.153846153847 4385.128205128206 4725.641025641026 4088.205128205129 3945.1282051282055 4362.051282051282 4625.641025641026 4404.615384615385 
4392.820512820514 4084.615384615385 4418.974358974359 4501.025641025642 4480.000000000001 4737.948717948719 4565.641025641026 4384.102564102564 4725.128205128206 4085.6410256410263 3936.9230769230776 4334.358974358975 4626.666666666667 4401.025641025642 
4399.48717948718 4082.564102564103 4463.076923076924 4515.384615384616 4476.410256410257 4737.435897435898 4567.179487179488 4380.000000000001 4725.128205128206 4082.564102564103 3933.8461538461543 4293.846153846154 4624.615384615385 4397.948717948719 
4398.461538461539 4085.1282051282055 4460.512820512821 4525.128205128206 4476.923076923077 4737.948717948719 4570.769230769231 4380.512820512821 4725.641025641026 4084.1025641025644 3932.307692307693 4283.076923076924 4621.538461538462 4400.000000000001 
4397.948717948719 4093.333333333334 4431.282051282052 4521.538461538462 4480.512820512821 4741.025641025642 4576.923076923077 4378.974358974359 4723.589743589744 4085.6410256410263 3932.307692307693 4305.128205128206 4624.102564102564 4406.153846153847 
4374.871794871796 4096.410256410257 4422.051282051282 4516.923076923077 4485.641025641026 4746.666666666667 4569.743589743591 4377.435897435898 4723.589743589744 4084.1025641025644 3928.717948717949 4306.153846153847 4620.000000000001 4402.051282051282 
4371.282051282052 4096.923076923077 4443.589743589744 4524.615384615385 4481.025641025642 4741.538461538462 4559.48717948718 4380.512820512821 4726.666666666667 4084.615384615385 3930.2564102564106 4308.717948717949 4624.102564102564 4399.48717948718 
4369.2307692307695 4092.307692307693 4438.461538461539 4529.743589743591 4481.538461538462 4740.000000000001 4583.076923076924 4385.641025641026 4728.205128205129 4084.615384615385 3933.333333333334 4311.794871794872 4622.564102564103 4396.410256410257 
4382.564102564103 4095.3846153846157 4435.384615384616 4523.589743589744 4478.974358974359 4734.358974358975 4609.743589743591 4378.974358974359 4725.641025641026 4084.1025641025644 3943.076923076924 4322.564102564103 4625.128205128206 4400.512820512821 
4379.48717948718 4090.2564102564106 4423.589743589744 4515.384615384616 4480.000000000001 4736.923076923077 4606.153846153847 4376.923076923077 4725.128205128206 4084.1025641025644 3943.589743589744 4323.076923076924 4620.512820512821 4398.461538461539 
4384.615384615385 4080.0000000000005 4430.769230769231 4513.333333333334 4477.435897435898 4734.358974358975 4594.358974358975 4378.974358974359 4724.102564102564 4084.615384615385 3946.1538461538466 4337.435897435898 4625.128205128206 4401.538461538462 
4368.717948717949 4074.8717948717954 4430.256410256411 4514.358974358975 4479.48717948718 4737.435897435898 4604.102564102564 4380.512820512821 4723.076923076924 4084.1025641025644 3948.205128205129 4335.384615384616 4620.000000000001 4401.538461538462 
4367.6923076923085 4085.1282051282055 4431.794871794872 4517.435897435898 4476.923076923077 4736.923076923077 4612.820512820514 4377.948717948719 4724.102564102564 4087.692307692308 3950.2564102564106 4336.923076923077 4618.974358974359 4406.666666666667 
4360.000000000001 4092.307692307693 4422.564102564103 4521.025641025642 4482.564102564103 4743.589743589744 4615.384615384616 4380.000000000001 4726.153846153847 4088.205128205129 3943.076923076924 4335.8974358974365 4617.948717948719 4404.102564102564 
4356.923076923077 4093.333333333334 4429.743589743591 4523.589743589744 4483.589743589744 4744.102564102564 4611.282051282052 4380.000000000001 4724.615384615386 4084.615384615385 3935.3846153846157 4334.358974358975 4619.48717948718 4399.48717948718 
4355.384615384616 4089.7435897435903 4432.307692307693 4526.153846153847 4482.051282051282 4745.641025641026 4609.2307692307695 4380.000000000001 4724.615384615386 4085.1282051282055 3931.2820512820517 4326.666666666667 4616.410256410257 4396.410256410257 
4365.641025641026 4090.2564102564106 4427.6923076923085 4520.512820512821 4481.538461538462 4747.6923076923085 4610.769230769231 4379.48717948718 4723.589743589744 4088.205128205129 3936.9230769230776 4336.410256410257 4618.461538461539 4397.435897435898 
4369.743589743591 4087.692307692308 4422.564102564103 4508.205128205129 4482.051282051282 4746.666666666667 4607.6923076923085 4378.974358974359 4722.564102564103 4086.666666666667 3942.564102564103 4356.410256410257 4620.000000000001 4395.384615384616 
4367.6923076923085 4074.8717948717954 4429.743589743591 4501.025641025642 4481.538461538462 4745.128205128206 4600.512820512821 4380.000000000001 4723.076923076924 4082.0512820512827 3938.461538461539 4365.641025641026 4612.307692307693 4394.871794871796 
4358.974358974359 4067.1794871794878 4451.282051282052 4496.410256410257 4480.512820512821 4747.179487179488 4595.8974358974365 4380.512820512821 4720.512820512821 4082.0512820512827 3937.435897435898 4375.384615384616 4610.769230769231 4398.461538461539 
4341.538461538462 4071.7948717948725 4457.948717948719 4488.717948717949 4483.076923076924 4751.282051282052 4600.000000000001 4383.076923076924 4718.974358974359 4084.615384615385 3942.0512820512827 4378.461538461539 4612.307692307693 4392.820512820514 
4343.589743589744 4074.358974358975 4449.743589743591 4491.282051282052 4481.025641025642 4748.205128205129 4605.128205128206 4383.076923076924 4723.076923076924 4085.1282051282055 3946.1538461538466 4380.000000000001 4616.410256410257 4394.358974358975 
4339.48717948718 4072.307692307693 4422.051282051282 4497.435897435898 4485.128205128206 4750.769230769231 4598.461538461539 4386.153846153847 4726.153846153847 4084.1025641025644 3941.0256410256416 4370.769230769231 4611.794871794872 4395.8974358974365 
4347.6923076923085 4077.9487179487187 4421.025641025642 4498.461538461539 4484.102564102564 4747.6923076923085 4587.179487179488 4387.179487179487 4725.128205128206 4084.615384615385 3939.48717948718 4372.820512820514 4616.410256410257 4394.871794871796 
4351.794871794872 4077.9487179487187 4418.461538461539 4498.461538461539 4486.666666666667 4746.153846153847 4590.256410256411 4387.179487179487 4725.641025641026 4085.6410256410263 3936.410256410257 4361.025641025642 4613.846153846154 4386.666666666667 
4363.589743589744 4074.358974358975 4423.076923076924 4498.974358974359 4481.538461538462 4739.48717948718 4591.282051282052 4385.128205128206 4725.641025641026 4086.1538461538466 3938.461538461539 4359.48717948718 4615.384615384616 4392.307692307693 
4354.871794871796 4069.7435897435903 4413.333333333334 4493.333333333334 4479.48717948718 4742.051282051282 4580.000000000001 4386.153846153847 4725.641025641026 4085.6410256410263 3936.9230769230776 4357.948717948719 4612.307692307693 4394.871794871796 
4362.051282051282 4068.205128205129 4424.615384615385 4491.282051282052 4476.923076923077 4738.974358974359 4577.435897435898 4384.615384615385 4725.128205128206 4083.589743589744 3939.48717948718 4363.589743589744 4616.923076923077 4394.358974358975 
4345.128205128206 4061.0256410256416 4430.769230769231 4493.333333333334 4484.102564102564 4742.051282051282 4585.641025641026 4385.641025641026 4724.615384615386 4081.0256410256416 3942.0512820512827 4354.871794871796 4612.820512820514 4390.256410256411 
4336.923076923077 4062.564102564103 4426.666666666667 4492.820512820514 4483.589743589744 4738.461538461539 4576.410256410257 4385.641025641026 4724.615384615386 4086.666666666667 3947.1794871794878 4354.871794871796 4613.846153846154 4398.461538461539 
4324.615384615385 4065.6410256410263 4408.205128205129 4497.435897435898 4484.615384615385 4740.512820512821 4572.307692307693 4386.153846153847 4725.641025641026 4089.7435897435903 3949.2307692307695 4354.358974358975 4612.307692307693 4401.538461538462 
4316.410256410257 4066.1538461538466 4418.974358974359 4503.589743589744 4485.641025641026 4740.000000000001 4582.564102564103 4385.641025641026 4725.641025641026 4087.692307692308 3950.2564102564106 4354.871794871796 4610.769230769231 4393.333333333334 
4311.794871794872 4057.9487179487182 4430.256410256411 4498.974358974359 4485.128205128206 4738.974358974359 4578.461538461539 4386.153846153847 4726.153846153847 4087.1794871794878 3949.7435897435903 4358.461538461539 4605.128205128206 4385.128205128206 
4318.974358974359 4052.820512820513 4418.974358974359 4491.794871794872 4484.102564102564 4738.461538461539 4565.641025641026 4385.128205128206 4726.153846153847 4088.717948717949 3951.2820512820517 4372.307692307693 4603.076923076924 4385.128205128206 
4321.538461538462 4047.692307692308 4404.615384615385 4492.307692307693 4485.641025641026 4739.48717948718 4573.333333333334 4384.102564102564 4725.641025641026 4087.1794871794878 3951.2820512820517 4384.102564102564 4604.615384615385 4385.641025641026 
4315.8974358974365 4044.615384615385 4397.948717948719 4489.743589743591 4486.153846153847 4743.076923076924 4584.615384615385 4388.717948717949 4724.615384615386 4084.1025641025644 3947.692307692308 4384.102564102564 4603.076923076924 4384.102564102564 
4307.179487179487 4040.0000000000005 4401.025641025642 4482.051282051282 4485.641025641026 4742.051282051282 4576.410256410257 4390.769230769231 4724.615384615386 4087.1794871794878 3947.1794871794878 4392.820512820514 4604.615384615385 4387.179487179487 
4295.8974358974365 4032.307692307693 4397.435897435898 4474.871794871796 4490.769230769231 4743.076923076924 4566.666666666667 4391.282051282052 4726.666666666667 4088.717948717949 3945.6410256410263 4394.358974358975 4604.102564102564 4386.153846153847 
4272.820512820514 4027.1794871794878 4359.48717948718 4452.820512820514 4492.307692307693 4744.102564102564 4566.666666666667 4394.871794871796 4728.205128205129 4088.717948717949 3949.2307692307695 4410.256410256411 4610.256410256411 4386.153846153847 
4207.6923076923085 4011.7948717948725 4284.615384615385 4402.564102564103 4500.000000000001 4755.384615384616 4560.000000000001 4404.615384615385 4731.282051282052 4089.23076923077 3960.5128205128212 4468.717948717949 4604.102564102564 4380.512820512821 
4168.717948717949 3989.23076923077 4276.923076923077 4355.384615384616 4500.000000000001 4759.48717948718 4533.333333333334 4405.128205128206 4734.358974358975 4092.307692307693 3985.6410256410263 4576.923076923077 4604.102564102564 4384.615384615385 
4135.8974358974365 3977.435897435898 4289.2307692307695 4329.743589743591 4498.974358974359 4766.666666666667 4487.6923076923085 4403.589743589744 4734.358974358975 4091.2820512820517 3998.9743589743593 4632.820512820514 4603.076923076924 4383.589743589744 
4160.000000000001 4001.0256410256416 4306.153846153847 4336.410256410257 4496.410256410257 4763.076923076924 4454.871794871796 4401.025641025642 4730.769230769231 4090.2564102564106 3991.7948717948725 4593.333333333334 4608.717948717949 4376.923076923077 
4239.48717948718 4033.333333333334 4320.512820512821 4385.128205128206 4501.025641025642 4753.846153846154 4434.871794871796 4401.538461538462 4730.256410256411 4091.7948717948725 3965.1282051282055 4471.794871794872 4608.717948717949 4367.6923076923085 
4333.333333333334 4061.0256410256416 4334.871794871796 4451.282051282052 4492.307692307693 4732.307692307693 4420.000000000001 4393.846153846154 4727.6923076923085 4090.2564102564106 3954.358974358975 4389.2307692307695 4617.948717948719 4389.2307692307695 
4356.410256410257 4077.435897435898 4332.307692307693 4488.717948717949 4488.717948717949 4725.641025641026 4400.512820512821 4385.641025641026 4724.102564102564 4086.666666666667 3948.205128205129 4368.205128205129 4618.974358974359 4409.2307692307695 
4367.6923076923085 4085.1282051282055 4375.384615384616 4500.000000000001 4486.153846153847 4728.205128205129 4394.871794871796 4378.461538461539 4723.589743589744 4086.1538461538466 3936.410256410257 4355.384615384616 4616.410256410257 4405.641025641026 
4369.2307692307695 4077.9487179487187 4401.538461538462 4504.102564102564 4485.128205128206 4736.923076923077 4405.128205128206 4381.025641025642 4724.615384615386 4086.1538461538466 3930.2564102564106 4317.435897435898 4614.871794871796 4393.333333333334 
4369.743589743591 4076.410256410257 4376.923076923077 4512.820512820514 4484.102564102564 4731.794871794872 4409.743589743591 4384.102564102564 4725.128205128206 4087.1794871794878 3933.333333333334 4297.435897435898 4620.000000000001 4401.025641025642 
4427.179487179487 4101.025641025642 4378.974358974359 4545.128205128206 4489.2307692307695 4725.641025641026 4404.102564102564 4380.000000000001 4727.179487179488 4090.2564102564106 3918.9743589743593 4241.025641025642 4624.615384615385 4408.717948717949 
4487.6923076923085 4137.435897435898 4441.538461538462 4595.384615384616 4492.307692307693 4721.025641025642 4375.384615384616 4372.820512820514 4727.179487179488 4090.2564102564106 3887.1794871794878 4108.205128205129 4624.615384615385 4396.923076923077 
4530.769230769231 4155.384615384616 4485.641025641026 4641.025641025642 4484.615384615385 4709.2307692307695 4362.564102564103 4371.282051282052 4725.641025641026 4088.205128205129 3871.7948717948725 4002.0512820512827 4628.717948717949 4392.307692307693 
4558.974358974359 4149.74358974359 4455.8974358974365 4666.666666666667 4477.948717948719 4700.512820512821 4397.948717948719 4374.871794871796 4724.615384615386 4089.23076923077 3878.9743589743593 4000.5128205128212 4634.358974358975 4402.564102564103 
4536.923076923077 4149.2307692307695 4434.871794871796 4658.974358974359 4476.923076923077 4703.076923076924 4448.717948717949 4368.717948717949 4723.076923076924 4089.7435897435903 3894.8717948717954 4070.2564102564106 4641.025641025642 4414.871794871796 
4455.384615384616 4145.128205128206 4453.846153846154 4612.820512820514 4485.128205128206 4720.000000000001 4454.358974358975 4364.615384615385 4720.000000000001 4086.1538461538466 3901.0256410256416 4135.384615384616 4629.743589743591 4409.743589743591 
4410.256410256411 4123.589743589744 4464.615384615385 4569.2307692307695 4480.512820512821 4726.153846153847 4447.179487179487 4371.794871794872 4721.025641025642 4087.692307692308 3912.820512820513 4222.564102564103 4624.615384615385 4407.179487179487 
4388.205128205129 4096.410256410257 4435.384615384616 4547.6923076923085 4475.8974358974365 4730.256410256411 4483.076923076924 4386.666666666667 4724.615384615386 4089.7435897435903 3928.717948717949 4299.48717948718 4622.564102564103 4404.102564102564 
4361.538461538462 4100.512820512821 4438.974358974359 4531.282051282052 4473.846153846154 4729.2307692307695 4510.256410256411 4382.564102564103 4725.641025641026 4089.23076923077 3941.538461538462 4340.512820512821 4628.205128205129 4408.205128205129 
4323.589743589744 4105.128205128206 4428.205128205129 4505.641025641026 4484.102564102564 4741.025641025642 4515.384615384616 4373.846153846154 4724.615384615386 4089.23076923077 3941.0256410256416 4352.307692307693 4623.076923076924 4404.615384615385 
4300.512820512821 4080.0000000000005 4420.512820512821 4474.358974358975 4486.666666666667 4744.615384615386 4514.871794871796 4375.384615384616 4722.564102564103 4091.7948717948725 3947.692307692308 4410.256410256411 4621.025641025642 4397.435897435898 
4244.615384615385 4042.564102564103 4423.076923076924 4443.589743589744 4486.666666666667 4750.256410256411 4514.358974358975 4385.128205128206 4725.128205128206 4091.2820512820517 3956.9230769230776 4462.051282051282 4610.256410256411 4381.025641025642 
4241.025641025642 4042.0512820512827 4391.794871794872 4427.179487179487 4484.615384615385 4751.794871794872 4498.974358974359 4387.179487179487 4727.6923076923085 4090.2564102564106 3965.1282051282055 4465.641025641026 4610.769230769231 4380.512820512821 
4252.820512820514 4053.8461538461543 4339.48717948718 4429.2307692307695 4489.2307692307695 4751.282051282052 4484.102564102564 4392.307692307693 4729.2307692307695 4091.2820512820517 3962.0512820512827 4442.051282051282 4611.282051282052 4384.615384615385 
4268.717948717949 4038.9743589743593 4344.102564102564 4433.333333333334 4483.589743589744 4741.025641025642 4476.410256410257 4395.8974358974365 4729.2307692307695 4091.7948717948725 3966.666666666667 4462.564102564103 4613.846153846154 4393.846153846154 
4264.102564102564 4025.6410256410263 4360.000000000001 4429.2307692307695 4476.923076923077 4738.974358974359 4466.666666666667 4390.769230769231 4726.666666666667 4089.7435897435903 3973.8461538461543 4494.358974358975 4614.358974358975 4401.025641025642 
4260.512820512821 4043.076923076924 4377.948717948719 4420.000000000001 4483.589743589744 4744.102564102564 4460.000000000001 4389.2307692307695 4725.128205128206 4088.717948717949 3969.2307692307695 4483.589743589744 4612.307692307693 4390.769230769231 
4230.256410256411 4045.6410256410263 4346.153846153847 4399.48717948718 4495.384615384616 4751.282051282052 4441.025641025642 4397.948717948719 4727.6923076923085 4090.7692307692314 3972.820512820513 4503.589743589744 4605.128205128206 4371.282051282052 
4212.307692307693 4032.307692307693 4278.461538461539 4369.743589743591 4491.794871794872 4748.205128205129 4417.948717948719 4397.948717948719 4727.179487179488 4090.7692307692314 3990.7692307692314 4598.974358974359 4604.615384615385 4379.48717948718 
4260.512820512821 4049.7435897435903 4281.538461538462 4368.205128205129 4478.461538461539 4736.923076923077 4404.615384615385 4384.615384615385 4720.512820512821 4089.23076923077 3995.8974358974365 4648.717948717949 4622.051282051282 4410.256410256411 
4284.615384615385 4064.615384615385 4356.923076923077 4402.564102564103 4483.076923076924 4738.974358974359 4387.6923076923085 4382.564102564103 4722.051282051282 4090.2564102564106 3967.1794871794878 4550.256410256411 4620.000000000001 4404.615384615385 
4312.307692307693 4054.8717948717954 4393.333333333334 4451.794871794872 4490.769230769231 4740.000000000001 4373.846153846154 4389.743589743591 4727.179487179488 4090.7692307692314 3940.5128205128212 4412.307692307693 4605.641025641026 4380.000000000001 
4370.256410256411 4056.9230769230776 4346.153846153847 4496.410256410257 4494.358974358975 4734.358974358975 4361.538461538462 4391.794871794872 4728.205128205129 4088.205128205129 3930.7692307692314 4323.589743589744 4600.512820512821 4379.48717948718 
4420.512820512821 4082.564102564103 4339.48717948718 4525.641025641026 4487.179487179488 4720.512820512821 4353.846153846154 4384.102564102564 4725.641025641026 4088.717948717949 3930.2564102564106 4291.794871794872 4616.923076923077 4407.179487179487 
4393.846153846154 4089.7435897435903 4380.512820512821 4530.769230769231 4489.743589743591 4724.615384615386 4357.948717948719 4384.102564102564 4726.153846153847 4088.717948717949 3914.358974358975 4262.564102564103 4614.871794871796 4404.615384615385 
4372.820512820514 4081.0256410256416 4434.358974358975 4532.307692307693 4489.743589743591 4725.641025641026 4379.48717948718 4384.615384615385 4727.6923076923085 4087.692307692308 3913.8461538461543 4253.333333333334 4610.256410256411 4383.076923076924 
4349.2307692307695 4068.205128205129 4395.8974358974365 4527.179487179488 4490.256410256411 4729.743589743591 4394.871794871796 4384.615384615385 4727.6923076923085 4087.692307692308 3940.0000000000005 4277.435897435898 4608.717948717949 4377.948717948719 
4330.769230769231 4065.6410256410263 4366.666666666667 4503.076923076924 4484.102564102564 4727.6923076923085 4392.307692307693 4381.025641025642 4724.102564102564 4089.23076923077 3960.0000000000005 4333.846153846154 4616.410256410257 4395.384615384616 
4324.102564102564 4064.615384615385 4387.179487179487 4485.128205128206 4483.589743589744 4731.282051282052 4391.282051282052 4383.076923076924 4724.102564102564 4089.23076923077 3948.205128205129 4351.282051282052 4613.846153846154 4394.358974358975 
4333.846153846154 4062.564102564103 4402.051282051282 4492.820512820514 4483.589743589744 4729.743589743591 4389.743589743591 4384.615384615385 4726.153846153847 4087.692307692308 3944.615384615385 4347.6923076923085 4610.256410256411 4387.6923076923085 
4328.717948717949 4063.589743589744 4386.666666666667 4505.128205128206 4486.666666666667 4729.743589743591 4387.6923076923085 4383.076923076924 4726.153846153847 4086.666666666667 3950.2564102564106 4340.512820512821 4607.6923076923085 4388.717948717949 
4332.307692307693 4074.8717948717954 4390.256410256411 4503.589743589744 4488.717948717949 4728.205128205129 4385.128205128206 4380.000000000001 4724.615384615386 4089.23076923077 3945.1282051282055 4340.512820512821 4613.846153846154 4399.48717948718 
4344.615384615385 4084.615384615385 4405.641025641026 4503.589743589744 4488.205128205129 4731.282051282052 4381.538461538462 4380.512820512821 4725.128205128206 4090.7692307692314 3933.8461538461543 4330.256410256411 4617.435897435898 4401.025641025642 
4363.076923076924 4085.6410256410263 4411.794871794872 4518.461538461539 4486.153846153847 4730.769230769231 4381.538461538462 4384.615384615385 4725.128205128206 4087.1794871794878 3926.1538461538466 4309.743589743591 4612.820512820514 4392.307692307693 
4378.974358974359 4091.7948717948725 4416.410256410257 4537.948717948719 4489.2307692307695 4724.615384615386 4394.358974358975 4383.589743589744 4723.589743589744 4088.205128205129 3922.0512820512827 4288.717948717949 4611.794871794872 4387.6923076923085 
4385.128205128206 4104.102564102564 4418.461538461539 4541.538461538462 4491.794871794872 4724.615384615386 4397.435897435898 4380.000000000001 4723.076923076924 4091.2820512820517 3920.0000000000005 4269.2307692307695 4611.794871794872 4390.256410256411 
4403.076923076924 4109.74358974359 4418.974358974359 4537.435897435898 4483.589743589744 4727.179487179488 4386.666666666667 4378.461538461539 4724.102564102564 4088.205128205129 3925.1282051282055 4271.282051282052 4614.871794871796 4397.435897435898 
4410.769230769231 4099.48717948718 4409.2307692307695 4534.871794871796 4480.000000000001 4731.282051282052 4391.282051282052 4382.564102564103 4724.615384615386 4082.564102564103 3924.1025641025644 4271.794871794872 4613.846153846154 4394.871794871796 
4405.641025641026 4096.923076923077 4420.000000000001 4535.384615384616 4481.025641025642 4727.6923076923085 4405.128205128206 4382.051282051282 4722.564102564103 4085.1282051282055 3927.692307692308 4283.076923076924 4618.461538461539 4394.871794871796 
4371.794871794872 4096.410256410257 4417.435897435898 4527.179487179488 4487.179487179488 4733.333333333334 4412.307692307693 4383.076923076924 4722.051282051282 4087.1794871794878 3934.358974358975 4299.48717948718 4613.846153846154 4391.794871794872 
4358.974358974359 4090.7692307692314 4411.794871794872 4510.256410256411 4484.102564102564 4735.8974358974365 4415.384615384616 4381.025641025642 4722.051282051282 4085.1282051282055 3939.48717948718 4335.8974358974365 4620.512820512821 4397.435897435898 
4345.128205128206 4079.48717948718 4397.435897435898 4497.948717948719 4487.179487179488 4743.589743589744 4422.051282051282 4381.025641025642 4723.076923076924 4085.1282051282055 3931.7948717948725 4350.256410256411 4618.461538461539 4394.871794871796 
4342.051282051282 4078.461538461539 4420.000000000001 4497.948717948719 4486.153846153847 4739.48717948718 4420.512820512821 4381.025641025642 4724.102564102564 4087.692307692308 3930.7692307692314 4363.076923076924 4613.846153846154 4391.794871794872 
4322.051282051282 4076.410256410257 4418.974358974359 4493.333333333334 4488.717948717949 4738.974358974359 4418.461538461539 4383.589743589744 4724.615384615386 4087.692307692308 3938.461538461539 4376.410256410257 4606.153846153847 4387.6923076923085 
4323.076923076924 4072.307692307693 4397.948717948719 4478.974358974359 4484.102564102564 4737.435897435898 4421.538461538462 4382.051282051282 4724.615384615386 4088.717948717949 3949.7435897435903 4398.974358974359 4612.307692307693 4395.384615384616 
4318.461538461539 4065.1282051282055 4385.128205128206 4468.717948717949 4483.589743589744 4740.512820512821 4428.205128205129 4381.538461538462 4725.128205128206 4089.23076923077 3948.205128205129 4399.48717948718 4614.358974358975 4397.948717948719 
4324.615384615385 4064.615384615385 4406.153846153847 4473.333333333334 4483.589743589744 4732.820512820514 4423.589743589744 4381.538461538462 4723.589743589744 4088.205128205129 3947.1794871794878 4387.6923076923085 4616.410256410257 4397.435897435898 
4321.025641025642 4068.205128205129 4404.615384615385 4484.615384615385 4485.128205128206 4727.6923076923085 4417.435897435898 4382.051282051282 4724.615384615386 4089.23076923077 3953.8461538461543 4369.743589743591 4617.435897435898 4396.410256410257 
4320.000000000001 4071.2820512820517 4396.410256410257 4486.666666666667 4483.076923076924 4728.717948717949 4416.923076923077 4380.512820512821 4727.6923076923085 4090.2564102564106 3958.461538461539 4368.205128205129 4621.025641025642 4400.000000000001 
4298.974358974359 4061.538461538462 4412.820512820514 4476.410256410257 4478.461538461539 4732.307692307693 4418.974358974359 4382.051282051282 4727.6923076923085 4088.717948717949 3956.9230769230776 4386.666666666667 4620.512820512821 4398.974358974359 
4273.333333333334 4049.23076923077 4418.974358974359 4463.589743589744 4478.461538461539 4732.307692307693 4423.076923076924 4386.666666666667 4725.128205128206 4088.717948717949 3963.076923076924 4420.000000000001 4616.923076923077 4391.282051282052 
4269.74358974359 4046.666666666667 4398.974358974359 4455.384615384616 4479.48717948718 4730.256410256411 4420.000000000001 4386.666666666667 4723.076923076924 4090.2564102564106 3975.3846153846157 4455.384615384616 4616.410256410257 4393.333333333334 
4269.74358974359 4043.589743589744 4383.589743589744 4450.256410256411 4483.076923076924 4733.333333333334 4398.974358974359 4385.641025641026 4724.102564102564 4087.692307692308 3970.7692307692314 4460.512820512821 4609.743589743591 4398.461538461539 
4302.051282051282 4044.615384615385 4391.282051282052 4457.435897435898 4482.051282051282 4728.205128205129 4386.666666666667 4383.589743589744 4727.6923076923085 4088.205128205129 3956.410256410257 4439.48717948718 4610.256410256411 4401.025641025642 
4337.948717948719 4053.8461538461543 4367.6923076923085 4475.384615384616 4482.564102564103 4724.615384615386 4392.820512820514 4386.153846153847 4730.769230769231 4091.2820512820517 3940.5128205128212 4387.179487179487 4611.282051282052 4394.358974358975 
4362.051282051282 4066.666666666667 4363.076923076924 4494.871794871796 4482.051282051282 4717.435897435898 4398.461538461539 4386.153846153847 4728.717948717949 4090.2564102564106 3934.8717948717954 4337.435897435898 4619.48717948718 4397.435897435898 
4352.307692307693 4069.23076923077 4388.205128205129 4507.6923076923085 4488.717948717949 4716.923076923077 4398.461538461539 4388.717948717949 4729.2307692307695 4088.205128205129 3928.205128205129 4286.153846153847 4615.384615384616 4392.307692307693 
4363.589743589744 4074.358974358975 4404.102564102564 4518.974358974359 4483.076923076924 4711.794871794872 4402.051282051282 4387.179487179487 4731.282051282052 4087.1794871794878 3925.6410256410263 4262.564102564103 4619.48717948718 4387.179487179487 
4360.512820512821 4072.307692307693 4367.179487179487 4522.564102564103 4483.076923076924 4713.333333333334 4413.333333333334 4390.769230769231 4731.794871794872 4087.692307692308 3922.564102564103 4243.076923076924 4615.8974358974365 4381.538461538462 
4351.794871794872 4066.1538461538466 4361.025641025642 4516.923076923077 4485.641025641026 4709.743589743591 4422.564102564103 4395.384615384616 4731.282051282052 4090.7692307692314 3931.2820512820517 4246.666666666667 4617.948717948719 4384.102564102564 
4328.717948717949 4054.8717948717954 4358.461538461539 4504.615384615385 4488.717948717949 4714.871794871796 4426.153846153847 4399.48717948718 4732.820512820514 4089.7435897435903 3936.9230769230776 4263.589743589744 4612.820512820514 4381.025641025642 
4324.615384615385 4046.666666666667 4345.641025641026 4486.153846153847 4486.666666666667 4714.358974358975 4420.512820512821 4398.974358974359 4731.794871794872 4086.666666666667 3938.461538461539 4303.076923076924 4613.333333333334 4382.564102564103 
4300.512820512821 4030.2564102564106 4329.2307692307695 4463.076923076924 4494.358974358975 4716.410256410257 4412.307692307693 4401.538461538462 4733.846153846154 4086.1538461538466 3939.48717948718 4334.358974358975 4610.256410256411 4381.025641025642 
4277.948717948719 4018.9743589743593 4337.435897435898 4446.153846153847 4495.8974358974365 4715.8974358974365 4408.205128205129 4402.051282051282 4737.948717948719 4088.205128205129 3943.589743589744 4351.794871794872 4606.666666666667 4378.461538461539 
4272.307692307693 4015.8974358974365 4334.358974358975 4442.051282051282 4495.8974358974365 4716.923076923077 4413.846153846154 4400.512820512821 4737.948717948719 4089.7435897435903 3937.9487179487182 4346.666666666667 4603.076923076924 4376.410256410257 
4283.076923076924 4014.358974358975 4312.820512820514 4442.051282051282 4501.538461538462 4716.410256410257 4417.948717948719 4404.102564102564 4736.410256410257 4091.2820512820517 3929.2307692307695 4323.589743589744 4605.641025641026 4378.461538461539 
4260.512820512821 4006.666666666667 4286.666666666667 4440.512820512821 4506.666666666667 4715.8974358974365 4414.871794871796 4409.743589743591 4740.000000000001 4090.7692307692314 3927.692307692308 4294.358974358975 4604.615384615385 4377.435897435898 
4224.102564102564 3991.2820512820517 4261.025641025642 4430.256410256411 4514.358974358975 4716.410256410257 4417.948717948719 4418.461538461539 4743.076923076924 4088.717948717949 3927.692307692308 4270.769230769231 4594.871794871796 4364.615384615385 
4177.435897435898 3965.1282051282055 4231.794871794872 4406.153846153847 4522.051282051282 4711.282051282052 4417.435897435898 4430.769230769231 4748.205128205129 4090.2564102564106 3932.307692307693 4269.2307692307695 4589.2307692307695 4351.794871794872 
4116.923076923077 3926.1538461538466 4172.820512820514 4365.641025641026 4532.820512820514 4710.256410256411 4408.717948717949 4443.589743589744 4755.8974358974365 4091.7948717948725 3936.9230769230776 4267.179487179487 4577.948717948719 4336.410256410257 
4068.717948717949 3887.692307692308 4105.641025641026 4321.538461538462 4543.589743589744 4701.538461538462 4394.358974358975 4454.871794871796 4761.538461538462 4092.820512820513 3938.461538461539 4265.641025641026 4570.256410256411 4319.48717948718 
4005.6410256410263 3844.1025641025644 4031.7948717948725 4276.410256410257 4563.589743589744 4691.794871794872 4374.871794871796 4475.8974358974365 4770.769230769231 4092.820512820513 3930.7692307692314 4251.282051282052 4557.435897435898 4295.8974358974365 
3952.307692307693 3796.9230769230776 3973.333333333334 4229.2307692307695 4575.384615384616 4676.923076923077 4350.769230769231 4494.871794871796 4780.512820512821 4093.8461538461543 3929.7435897435903 4243.076923076924 4548.717948717949 4284.102564102564 
3889.2307692307695 3750.2564102564106 3902.564102564103 4182.564102564103 4589.2307692307695 4665.641025641026 4305.128205128206 4511.794871794872 4788.205128205129 4096.410256410257 3926.1538461538466 4220.512820512821 4532.820512820514 4272.307692307693 
3889.2307692307695 3729.7435897435903 3861.538461538462 4160.000000000001 4596.923076923077 4642.564102564103 4255.8974358974365 4521.538461538462 4792.820512820514 4098.461538461539 3918.461538461539 4208.717948717949 4531.282051282052 4272.820512820514 
3806.1538461538466 3683.0769230769233 3768.717948717949 4125.128205128206 4618.974358974359 4632.307692307693 4198.974358974359 4543.076923076924 4803.589743589744 4098.461538461539 3904.1025641025644 4159.48717948718 4518.974358974359 4256.410256410257 
3623.0769230769233 3567.692307692308 3594.8717948717954 4035.3846153846157 4654.358974358975 4625.641025641026 4159.48717948718 4587.6923076923085 4827.6923076923085 4100.512820512821 3892.307692307693 4069.23076923077 4494.871794871796 4212.820512820514 
3522.0512820512827 3487.692307692308 3453.333333333334 3958.9743589743593 4686.153846153847 4595.8974358974365 4087.1794871794878 4623.589743589744 4847.179487179488 4106.153846153847 3879.48717948718 3990.7692307692314 4472.307692307693 4172.820512820514 
3674.358974358975 3554.3589743589746 3507.1794871794878 3986.1538461538466 4673.846153846154 4533.846153846154 3975.3846153846157 4605.641025641026 4837.948717948719 4108.205128205129 3880.0000000000005 4005.6410256410263 4486.666666666667 4188.205128205129 
3879.48717948718 3676.410256410257 3641.0256410256416 4072.820512820513 4640.512820512821 4501.025641025642 3847.692307692308 4558.974358974359 4811.282051282052 4101.538461538462 3893.8461538461543 4072.307692307693 4510.769230769231 4228.717948717949 
3991.7948717948725 3747.1794871794878 3731.2820512820517 4138.461538461539 4617.948717948719 4501.025641025642 3761.0256410256416 4525.641025641026 4795.384615384616 4096.923076923077 3911.7948717948725 4135.8974358974365 4525.641025641026 4258.461538461539 
4085.6410256410263 3790.2564102564106 3788.205128205129 4185.128205128206 4603.076923076924 4506.666666666667 3702.564102564103 4504.615384615385 4785.128205128206 4096.923076923077 3921.538461538462 4181.538461538462 4537.435897435898 4279.48717948718 
4160.512820512821 3837.435897435898 3832.820512820513 4226.153846153847 4587.6923076923085 4512.307692307693 3636.9230769230776 4485.641025641026 4773.846153846154 4096.923076923077 3923.589743589744 4204.615384615385 4546.153846153847 4297.435897435898 
4218.461538461539 3881.0256410256416 3871.2820512820517 4266.153846153847 4575.384615384616 4522.051282051282 3572.820512820513 4469.2307692307695 4767.179487179488 4096.410256410257 3921.538461538462 4208.205128205129 4557.435897435898 4312.307692307693 
4256.410256410257 3916.410256410257 3896.410256410257 4301.538461538462 4570.256410256411 4530.256410256411 3505.641025641026 4462.564102564103 4764.615384615386 4095.8974358974365 3915.8974358974365 4194.871794871796 4567.179487179488 4322.051282051282 
4295.384615384616 3944.615384615385 3911.7948717948725 4327.6923076923085 4562.564102564103 4532.820512820514 3467.692307692308 4456.923076923077 4760.512820512821 4094.358974358975 3916.410256410257 4190.256410256411 4575.8974358974365 4335.384615384616 
4309.743589743591 3963.076923076924 3915.3846153846157 4343.589743589744 4561.025641025642 4541.538461538462 3443.589743589744 4448.717948717949 4756.923076923077 4093.8461538461543 3914.8717948717954 4186.153846153847 4576.923076923077 4338.461538461539 
4330.256410256411 3980.0000000000005 3954.8717948717954 4358.974358974359 4555.8974358974365 4542.564102564103 3432.820512820513 4437.948717948719 4755.384615384616 4095.3846153846157 3914.8717948717954 4197.435897435898 4585.128205128206 4341.025641025642 
4337.948717948719 3988.205128205129 3981.538461538462 4369.743589743591 4552.820512820514 4547.179487179488 3418.9743589743593 4433.846153846154 4751.794871794872 4093.8461538461543 3913.8461538461543 4200.512820512821 4583.076923076924 4340.512820512821 
4349.743589743591 3994.358974358975 3998.9743589743593 4377.435897435898 4543.589743589744 4550.769230769231 3403.589743589744 4425.128205128206 4748.205128205129 4092.307692307693 3924.615384615385 4215.384615384616 4588.717948717949 4349.743589743591 
4355.384615384616 3995.3846153846157 4006.666666666667 4380.512820512821 4541.025641025642 4562.564102564103 3388.205128205129 4423.589743589744 4749.743589743591 4091.2820512820517 3927.1794871794878 4224.102564102564 4591.794871794872 4349.743589743591 
4367.6923076923085 4004.615384615385 4032.820512820513 4384.102564102564 4536.410256410257 4566.153846153847 3375.8974358974365 4424.615384615385 4747.179487179488 4091.7948717948725 3929.7435897435903 4241.025641025642 4595.8974358974365 4353.333333333334 
4360.512820512821 4013.333333333334 4048.717948717949 4391.794871794872 4537.948717948719 4575.384615384616 3368.717948717949 4425.128205128206 4741.025641025642 4092.307692307693 3931.2820512820517 4249.74358974359 4590.256410256411 4356.410256410257 
4360.000000000001 4021.538461538462 4075.3846153846157 4397.948717948719 4533.333333333334 4580.512820512821 3360.512820512821 4416.923076923077 4740.000000000001 4093.333333333334 3933.8461538461543 4270.256410256411 4593.846153846154 4364.102564102564 
4361.025641025642 4026.666666666667 4081.0256410256416 4400.000000000001 4531.282051282052 4589.2307692307695 3351.794871794872 4412.307692307693 4741.538461538462 4092.820512820513 3932.820512820513 4285.641025641026 4591.794871794872 4364.102564102564 
4372.820512820514 4037.9487179487182 4083.589743589744 4404.615384615385 4529.2307692307695 4594.871794871796 3340.512820512821 4409.743589743591 4738.461538461539 4091.7948717948725 3931.2820512820517 4295.384615384616 4592.820512820514 4365.128205128206 
4387.179487179487 4048.205128205129 4094.358974358975 4414.358974358975 4528.717948717949 4602.051282051282 3338.9743589743593 4405.128205128206 4734.871794871796 4090.7692307692314 3925.6410256410263 4293.333333333334 4597.435897435898 4366.666666666667 
4402.564102564103 4052.820512820513 4110.769230769231 4421.025641025642 4526.666666666667 4603.076923076924 3330.7692307692314 4401.538461538462 4733.846153846154 4091.2820512820517 3922.564102564103 4288.205128205129 4601.025641025642 4367.179487179487 
4411.282051282052 4057.9487179487182 4123.076923076924 4428.205128205129 4526.666666666667 4603.076923076924 3323.0769230769233 4403.589743589744 4732.307692307693 4089.7435897435903 3925.6410256410263 4282.051282051282 4600.000000000001 4367.6923076923085 
4417.435897435898 4067.1794871794878 4132.307692307693 4436.923076923077 4526.666666666667 4610.256410256411 3326.666666666667 4405.641025641026 4730.769230769231 4089.23076923077 3923.589743589744 4269.74358974359 4601.538461538462 4370.769230769231 
4420.000000000001 4074.358974358975 4151.794871794872 4443.589743589744 4522.564102564103 4615.384615384616 3330.7692307692314 4399.48717948718 4728.717948717949 4092.820512820513 3924.615384615385 4273.333333333334 4607.6923076923085 4377.948717948719 
4404.615384615385 4071.2820512820517 4163.589743589744 4445.641025641026 4522.051282051282 4619.48717948718 3322.0512820512827 4396.923076923077 4727.179487179488 4090.2564102564106 3930.2564102564106 4283.076923076924 4598.974358974359 4376.923076923077 
4408.205128205129 4069.7435897435903 4187.179487179487 4454.871794871796 4517.948717948719 4620.000000000001 3321.538461538462 4396.410256410257 4726.666666666667 4085.1282051282055 3936.9230769230776 4294.358974358975 4597.435897435898 4374.871794871796 
4407.6923076923085 4070.7692307692314 4192.820512820514 4462.051282051282 4516.410256410257 4626.666666666667 3326.666666666667 4397.948717948719 4727.179487179488 4086.666666666667 3933.8461538461543 4285.128205128206 4597.948717948719 4371.282051282052 
4419.48717948718 4077.435897435898 4197.435897435898 4464.615384615385 4511.282051282052 4627.179487179488 3323.0769230769233 4392.307692307693 4728.205128205129 4088.205128205129 3933.8461538461543 4285.128205128206 4603.076923076924 4378.974358974359 
4427.179487179487 4078.9743589743593 4191.282051282052 4472.307692307693 4514.358974358975 4633.846153846154 3320.512820512821 4387.6923076923085 4728.717948717949 4086.1538461538466 3929.7435897435903 4280.512820512821 4600.512820512821 4381.025641025642 
4445.128205128206 4081.0256410256416 4205.128205128206 4482.564102564103 4510.769230769231 4632.307692307693 3326.666666666667 4386.666666666667 4725.641025641026 4089.23076923077 3930.7692307692314 4288.717948717949 4605.128205128206 4382.051282051282 
4430.769230769231 4080.0000000000005 4219.48717948718 4481.025641025642 4511.794871794872 4637.948717948719 3340.512820512821 4388.717948717949 4723.589743589744 4090.7692307692314 3929.7435897435903 4293.846153846154 4600.512820512821 4381.025641025642 
4420.512820512821 4084.1025641025644 4240.000000000001 4476.923076923077 4510.769230769231 4643.589743589744 3344.615384615385 4384.615384615385 4723.589743589744 4089.23076923077 3931.7948717948725 4309.2307692307695 4604.615384615385 4386.666666666667 
4404.615384615385 4088.205128205129 4236.410256410257 4474.358974358975 4514.871794871796 4652.820512820514 3335.8974358974365 4382.051282051282 4723.076923076924 4088.205128205129 3931.2820512820517 4316.410256410257 4606.153846153847 4385.128205128206 
4403.076923076924 4092.307692307693 4242.051282051282 4467.6923076923085 4510.256410256411 4655.8974358974365 3331.2820512820517 4383.076923076924 4720.512820512821 4089.23076923077 3935.3846153846157 4328.205128205129 4608.717948717949 4386.666666666667 
4391.282051282052 4091.2820512820517 4251.282051282052 4465.641025641026 4509.743589743591 4663.589743589744 3340.512820512821 4386.153846153847 4720.000000000001 4089.23076923077 3938.9743589743593 4333.333333333334 4604.615384615385 4386.666666666667 
4386.666666666667 4092.307692307693 4258.974358974359 4470.769230769231 4512.307692307693 4665.641025641026 3334.3589743589746 4384.102564102564 4722.051282051282 4088.717948717949 3941.0256410256416 4341.025641025642 4606.153846153847 4386.666666666667 
4382.564102564103 4094.8717948717954 4252.820512820514 4470.769230769231 4510.256410256411 4668.205128205129 3321.538461538462 4382.564102564103 4723.589743589744 4086.666666666667 3941.538461538462 4347.6923076923085 4608.205128205129 4386.153846153847 
4384.615384615385 4096.410256410257 4251.794871794872 4464.615384615385 4505.641025641026 4673.333333333334 3313.8461538461543 4382.051282051282 4722.051282051282 4087.692307692308 3939.48717948718 4351.282051282052 4608.205128205129 4386.666666666667 
4391.794871794872 4097.435897435898 4257.948717948719 4467.6923076923085 4507.6923076923085 4675.8974358974365 3302.0512820512827 4381.025641025642 4721.025641025642 4088.717948717949 3936.9230769230776 4347.6923076923085 4609.743589743591 4386.153846153847 
4400.512820512821 4101.025641025642 4261.538461538462 4473.333333333334 4510.256410256411 4674.871794871796 3281.0256410256416 4383.076923076924 4721.025641025642 4087.692307692308 3933.333333333334 4333.846153846154 4609.743589743591 4385.128205128206 
4411.282051282052 4104.615384615385 4274.358974358975 4475.384615384616 4504.102564102564 4671.794871794872 3275.3846153846157 4382.051282051282 4721.538461538462 4089.23076923077 3934.358974358975 4335.8974358974365 4612.307692307693 4389.2307692307695 
4400.512820512821 4102.564102564103 4276.923076923077 4475.384615384616 4505.128205128206 4674.358974358975 3284.1025641025644 4382.564102564103 4721.538461538462 4090.7692307692314 3931.7948717948725 4340.512820512821 4610.256410256411 4389.2307692307695 
4399.48717948718 4101.538461538462 4290.769230769231 4476.923076923077 4504.615384615385 4673.333333333334 3299.48717948718 4380.512820512821 4719.48717948718 4089.23076923077 3935.8974358974365 4348.717948717949 4616.923076923077 4393.846153846154 
4393.333333333334 4100.512820512821 4292.307692307693 4478.461538461539 4503.076923076924 4679.48717948718 3309.2307692307695 4379.48717948718 4720.512820512821 4087.692307692308 3940.0000000000005 4345.641025641026 4614.871794871796 4393.846153846154 
4398.461538461539 4106.153846153847 4300.000000000001 4480.000000000001 4498.974358974359 4677.948717948719 3301.538461538462 4375.384615384616 4722.051282051282 4088.717948717949 3944.615384615385 4355.384615384616 4615.384615384616 4400.000000000001 
4389.743589743591 4110.769230769231 4292.820512820514 4478.461538461539 4502.564102564103 4681.538461538462 3297.9487179487182 4376.923076923077 4720.000000000001 4088.717948717949 3941.0256410256416 4351.794871794872 4612.820512820514 4395.8974358974365 
4405.641025641026 4119.48717948718 4300.512820512821 4483.589743589744 4498.461538461539 4680.000000000001 3319.48717948718 4376.410256410257 4717.948717948719 4090.2564102564106 3939.48717948718 4349.743589743591 4620.512820512821 4394.358974358975 
4408.717948717949 4123.589743589744 4301.538461538462 4493.333333333334 4500.000000000001 4684.615384615386 3340.512820512821 4376.923076923077 4721.538461538462 4089.7435897435903 3937.9487179487182 4336.410256410257 4618.974358974359 4391.794871794872 
4416.410256410257 4127.6923076923085 4311.794871794872 4498.461538461539 4497.435897435898 4683.589743589744 3333.8461538461543 4374.871794871796 4722.051282051282 4088.717948717949 3941.0256410256416 4332.820512820514 4622.564102564103 4396.410256410257 
4415.384615384616 4129.74358974359 4313.333333333334 4500.000000000001 4497.435897435898 4689.2307692307695 3335.3846153846157 4372.307692307693 4718.461538461539 4089.23076923077 3935.8974358974365 4323.076923076924 4620.000000000001 4398.461538461539 
4423.589743589744 4134.358974358975 4324.615384615385 4506.666666666667 4495.8974358974365 4690.769230769231 3353.8461538461543 4370.256410256411 4718.461538461539 4090.7692307692314 3933.333333333334 4321.025641025642 4621.025641025642 4402.051282051282 
4417.948717948719 4136.410256410257 4326.153846153847 4510.769230769231 4497.948717948719 4695.384615384616 3362.564102564103 4371.282051282052 4720.000000000001 4090.2564102564106 3937.435897435898 4317.435897435898 4624.102564102564 4401.538461538462 
4415.384615384616 4141.538461538462 4332.820512820514 4507.6923076923085 4495.8974358974365 4698.974358974359 3346.666666666667 4368.205128205129 4716.410256410257 4088.205128205129 3939.48717948718 4318.974358974359 4626.666666666667 4400.000000000001 
4411.794871794872 4146.153846153847 4347.6923076923085 4508.205128205129 4494.358974358975 4704.615384615386 3340.0000000000005 4365.128205128206 4714.871794871796 4089.7435897435903 3936.410256410257 4327.179487179487 4623.589743589744 4401.538461538462 
4403.589743589744 4139.48717948718 4346.153846153847 4506.666666666667 4497.435897435898 4708.717948717949 3347.692307692308 4367.179487179487 4717.948717948719 4090.7692307692314 3936.410256410257 4338.974358974359 4621.538461538462 4402.051282051282 
4400.512820512821 4125.128205128206 4339.48717948718 4499.48717948718 4496.410256410257 4707.179487179488 3356.410256410257 4371.794871794872 4718.461538461539 4087.692307692308 3942.0512820512827 4352.307692307693 4622.564102564103 4399.48717948718 
4394.358974358975 4118.461538461539 4344.102564102564 4497.435897435898 4493.846153846154 4703.589743589744 3356.923076923077 4372.307692307693 4715.8974358974365 4086.1538461538466 3942.0512820512827 4359.48717948718 4614.358974358975 4394.871794871796 
4410.769230769231 4126.666666666667 4368.717948717949 4508.205128205129 4488.717948717949 4702.051282051282 3352.307692307693 4366.666666666667 4713.846153846154 4090.2564102564106 3942.564102564103 4370.769230769231 4617.948717948719 4404.615384615385 
4422.564102564103 4132.820512820514 4381.025641025642 4514.358974358975 4489.2307692307695 4709.743589743591 3351.794871794872 4366.666666666667 4714.871794871796 4088.205128205129 3938.9743589743593 4359.48717948718 4620.512820512821 4406.666666666667 
4431.282051282052 4132.820512820514 4393.333333333334 4520.000000000001 4486.153846153847 4708.205128205129 3359.48717948718 4367.6923076923085 4714.358974358975 4086.1538461538466 3938.461538461539 4348.205128205129 4622.051282051282 4404.102564102564 
4419.48717948718 4127.6923076923085 4380.512820512821 4527.6923076923085 4489.743589743591 4712.307692307693 3376.923076923077 4371.282051282052 4713.846153846154 4088.205128205129 3932.307692307693 4331.282051282052 4615.384615384616 4400.512820512821 
4416.923076923077 4126.153846153847 4382.564102564103 4525.128205128206 4490.769230769231 4712.820512820514 3397.9487179487182 4368.717948717949 4715.384615384616 4087.692307692308 3931.7948717948725 4333.846153846154 4619.48717948718 4406.153846153847 
4393.333333333334 4117.948717948719 4376.410256410257 4511.282051282052 4493.846153846154 4717.435897435898 3409.2307692307695 4369.743589743591 4718.461538461539 4084.615384615385 3933.333333333334 4341.538461538462 4615.384615384616 4397.435897435898 
4381.538461538462 4112.307692307693 4369.2307692307695 4502.051282051282 4491.282051282052 4715.8974358974365 3408.717948717949 4370.256410256411 4716.410256410257 4089.23076923077 3941.0256410256416 4367.6923076923085 4617.948717948719 4396.410256410257 
4355.384615384616 4104.102564102564 4354.358974358975 4491.282051282052 4493.846153846154 4720.000000000001 3411.2820512820517 4373.846153846154 4715.8974358974365 4091.2820512820517 3944.615384615385 4381.538461538462 4614.871794871796 4395.8974358974365 
4346.153846153847 4095.8974358974365 4359.48717948718 4477.948717948719 4493.333333333334 4716.410256410257 3409.7435897435903 4372.820512820514 4718.974358974359 4087.692307692308 3949.7435897435903 4395.384615384616 4616.410256410257 4394.871794871796 
4343.589743589744 4089.7435897435903 4355.384615384616 4474.871794871796 4495.8974358974365 4717.948717948719 3403.0769230769233 4373.333333333334 4721.538461538462 4086.666666666667 3950.7692307692314 4395.8974358974365 4614.358974358975 4392.307692307693 
4357.435897435898 4088.205128205129 4361.025641025642 4481.025641025642 4493.333333333334 4713.846153846154 3398.461538461539 4374.871794871796 4721.538461538462 4089.7435897435903 3951.2820512820517 4380.512820512821 4614.358974358975 4396.410256410257 
4363.589743589744 4088.205128205129 4366.666666666667 4490.256410256411 4491.282051282052 4710.256410256411 3404.1025641025644 4377.435897435898 4722.051282051282 4089.7435897435903 3948.717948717949 4354.358974358975 4615.8974358974365 4398.974358974359 
4372.820512820514 4092.820512820513 4364.615384615385 4498.974358974359 4491.794871794872 4708.205128205129 3408.717948717949 4379.48717948718 4721.538461538462 4088.717948717949 3942.0512820512827 4335.384615384616 4619.48717948718 4400.000000000001 
4374.871794871796 4097.435897435898 4364.615384615385 4501.025641025642 4493.333333333334 4705.641025641026 3414.8717948717954 4375.384615384616 4722.564102564103 4089.7435897435903 3938.461538461539 4328.717948717949 4621.538461538462 4400.512820512821 
4370.256410256411 4098.974358974359 4367.179487179487 4499.48717948718 4493.333333333334 4706.666666666667 3428.205128205129 4372.820512820514 4723.589743589744 4089.7435897435903 3942.0512820512827 4329.2307692307695 4618.974358974359 4395.8974358974365 
4380.512820512821 4103.589743589744 4371.794871794872 4502.564102564103 4488.717948717949 4709.743589743591 3450.2564102564106 4373.846153846154 4720.512820512821 4089.23076923077 3947.1794871794878 4338.461538461539 4621.025641025642 4395.8974358974365 
4380.512820512821 4107.179487179487 4366.666666666667 4504.615384615385 4491.282051282052 4711.794871794872 3458.9743589743593 4374.871794871796 4718.974358974359 4088.717948717949 3941.538461538462 4335.384615384616 4618.974358974359 4395.8974358974365 
