4712.307692307693 4109.74358974359 4583.589743589744 4602.051282051282 4387.179487179487 4782.564102564103 4281.025641025642 4385.641025641026 4730.256410256411 4201.025641025642 3901.538461538462 4564.102564102564 4772.820512820514 4493.846153846154 
4718.461538461539 4144.102564102564 4662.051282051282 4627.179487179488 4365.128205128206 4765.641025641026 4253.846153846154 4370.256410256411 4719.48717948718 4200.512820512821 3915.8974358974365 4658.461538461539 4792.820512820514 4514.871794871796 
4753.333333333334 4174.358974358975 4737.948717948719 4676.410256410257 4332.307692307693 4744.102564102564 4201.538461538462 4339.48717948718 4712.307692307693 4201.538461538462 3943.076923076924 4809.743589743591 4825.128205128206 4537.435897435898 
4825.128205128206 4188.205128205129 4826.666666666667 4764.615384615386 4302.051282051282 4725.641025641026 4130.256410256411 4302.051282051282 4704.102564102564 4203.589743589744 3989.7435897435903 4971.794871794872 4862.564102564103 4564.615384615385 
4884.615384615386 4189.2307692307695 4901.538461538462 4846.666666666667 4286.666666666667 4720.512820512821 4064.1025641025644 4270.769230769231 4696.923076923077 4200.000000000001 4054.358974358975 5098.974358974359 4881.025641025642 4590.769230769231 
4921.538461538462 4188.717948717949 4970.256410256411 4880.512820512821 4280.512820512821 4724.615384615386 4022.0512820512827 4244.102564102564 4688.717948717949 4203.076923076924 4103.076923076924 5169.2307692307695 4895.384615384616 4603.589743589744 
4977.948717948719 4192.820512820514 5037.948717948719 4898.461538461539 4260.000000000001 4718.974358974359 3991.2820512820517 4209.2307692307695 4675.8974358974365 4212.820512820514 4127.179487179487 5237.435897435898 4925.641025641026 4628.717948717949 
4972.307692307693 4181.025641025642 5020.512820512821 4928.717948717949 4252.820512820514 4731.282051282052 3987.692307692308 4191.794871794872 4673.846153846154 4208.717948717949 4143.589743589744 5266.666666666667 4925.641025641026 4641.025641025642 
4806.153846153847 4148.205128205129 4909.743589743591 4929.743589743591 4304.102564102564 4787.6923076923085 4040.0000000000005 4225.128205128206 4687.6923076923085 4197.435897435898 4127.6923076923085 5157.435897435898 4867.179487179488 4597.948717948719 
4588.205128205129 4120.512820512821 4802.564102564103 4852.820512820514 4373.846153846154 4840.512820512821 4126.153846153847 4274.358974358975 4702.564102564103 4198.461538461539 4084.1025641025644 4984.102564102564 4803.076923076924 4540.512820512821 
4484.102564102564 4095.8974358974365 4715.8974358974365 4748.717948717949 4409.2307692307695 4852.820512820514 4193.846153846154 4303.589743589744 4711.282051282052 4204.102564102564 4057.435897435898 4863.076923076924 4763.589743589744 4512.307692307693 
4478.974358974359 4058.9743589743593 4616.923076923077 4713.333333333334 4431.282051282052 4853.846153846154 4226.153846153847 4328.205128205129 4720.000000000001 4196.923076923077 4052.307692307693 4765.128205128206 4724.615384615386 4491.282051282052 
4470.769230769231 4043.589743589744 4582.051282051282 4717.948717948719 4451.282051282052 4846.153846153847 4227.179487179487 4347.179487179487 4724.102564102564 4185.641025641026 4041.0256410256416 4721.025641025642 4696.410256410257 4469.2307692307695 
4455.8974358974365 4050.2564102564106 4642.564102564103 4684.615384615386 4449.743589743591 4810.256410256411 4208.717948717949 4335.384615384616 4719.48717948718 4183.589743589744 4022.0512820512827 4811.282051282052 4697.948717948719 4473.846153846154 
4491.794871794872 4039.48717948718 4682.051282051282 4665.641025641026 4446.153846153847 4775.8974358974365 4194.358974358975 4313.846153846154 4719.48717948718 4185.641025641026 4020.0000000000005 4918.974358974359 4697.435897435898 4478.461538461539 
4547.179487179488 4028.205128205129 4651.282051282052 4708.717948717949 4458.461538461539 4772.820512820514 4195.384615384616 4320.512820512821 4730.769230769231 4184.615384615385 4017.9487179487182 4907.179487179488 4675.384615384616 4449.2307692307695 
4523.589743589744 4048.205128205129 4634.358974358975 4707.6923076923085 4473.846153846154 4787.6923076923085 4219.48717948718 4351.282051282052 4735.8974358974365 4183.076923076924 3992.307692307693 4804.102564102564 4657.948717948719 4411.794871794872 
4445.128205128206 4070.2564102564106 4633.846153846154 4612.820512820514 4484.102564102564 4797.435897435898 4269.74358974359 4378.974358974359 4733.333333333334 4185.128205128206 3930.7692307692314 4707.6923076923085 4655.384615384616 4392.307692307693 
4421.538461538462 4059.48717948718 4550.256410256411 4533.846153846154 4497.948717948719 4802.564102564103 4328.205128205129 4398.974358974359 4735.384615384616 4184.615384615385 3857.435897435898 4645.128205128206 4646.666666666667 4386.153846153847 
4451.282051282052 4037.435897435898 4481.538461538462 4518.461538461539 4509.2307692307695 4802.564102564103 4363.589743589744 4415.8974358974365 4738.974358974359 4183.589743589744 3821.538461538462 4606.153846153847 4631.282051282052 4382.564102564103 
4485.128205128206 4027.692307692308 4518.461538461539 4518.461538461539 4503.589743589744 4794.358974358975 4353.333333333334 4415.8974358974365 4736.410256410257 4184.615384615385 3838.461538461539 4597.948717948719 4623.589743589744 4395.384615384616 
4530.256410256411 4028.717948717949 4525.641025641026 4536.410256410257 4493.333333333334 4783.076923076924 4313.846153846154 4391.794871794872 4733.846153846154 4184.102564102564 3903.076923076924 4593.846153846154 4640.512820512821 4422.051282051282 
4568.205128205129 4028.205128205129 4476.410256410257 4586.666666666667 4490.256410256411 4770.769230769231 4273.846153846154 4362.564102564103 4733.333333333334 4184.102564102564 3971.7948717948725 4628.205128205129 4670.256410256411 4444.615384615385 
4558.974358974359 4027.692307692308 4471.794871794872 4645.128205128206 4484.615384615385 4749.743589743591 4242.564102564103 4348.205128205129 4733.846153846154 4184.102564102564 4018.9743589743593 4737.435897435898 4680.000000000001 4457.948717948719 
4527.6923076923085 4036.9230769230776 4483.076923076924 4689.743589743591 4473.846153846154 4732.820512820514 4223.589743589744 4339.48717948718 4733.333333333334 4184.102564102564 4048.717948717949 4833.333333333334 4672.307692307693 4461.025641025642 
4503.589743589744 4046.1538461538466 4462.051282051282 4703.589743589744 4473.846153846154 4738.461538461539 4225.128205128206 4331.282051282052 4732.820512820514 4184.102564102564 4059.48717948718 4832.820512820514 4672.307692307693 4450.769230769231 
4483.076923076924 4048.205128205129 4437.435897435898 4680.512820512821 4483.589743589744 4748.717948717949 4241.538461538462 4337.948717948719 4739.48717948718 4184.102564102564 4041.0256410256416 4768.205128205129 4672.820512820514 4431.282051282052 
4470.769230769231 4044.615384615385 4433.846153846154 4636.923076923077 4492.820512820514 4755.384615384616 4263.589743589744 4361.538461538462 4748.717948717949 4184.102564102564 3985.1282051282055 4706.666666666667 4653.846153846154 4416.923076923077 
4472.820512820514 4031.7948717948725 4455.8974358974365 4586.666666666667 4495.384615384616 4766.153846153847 4293.846153846154 4389.2307692307695 4749.2307692307695 4184.102564102564 3908.205128205129 4675.8974358974365 4629.2307692307695 4407.179487179487 
4488.205128205129 4017.435897435898 4460.000000000001 4541.538461538462 4493.846153846154 4763.076923076924 4322.051282051282 4406.153846153847 4747.6923076923085 4184.102564102564 3855.8974358974365 4660.000000000001 4620.512820512821 4400.000000000001 
4497.435897435898 4014.358974358975 4452.307692307693 4513.333333333334 4497.948717948719 4750.256410256411 4330.769230769231 4409.2307692307695 4750.769230769231 4184.615384615385 3848.717948717949 4636.923076923077 4628.717948717949 4394.871794871796 
4488.717948717949 4020.5128205128212 4477.948717948719 4506.153846153847 4505.641025641026 4755.384615384616 4324.615384615385 4406.666666666667 4751.282051282052 4184.102564102564 3861.538461538462 4618.974358974359 4634.358974358975 4385.641025641026 
4487.6923076923085 4028.717948717949 4474.358974358975 4517.948717948719 4505.128205128206 4768.205128205129 4321.025641025642 4405.128205128206 4749.2307692307695 4185.128205128206 3873.8461538461543 4615.384615384616 4629.2307692307695 4384.102564102564 
4488.717948717949 4034.8717948717954 4430.256410256411 4534.871794871796 4501.538461538462 4766.666666666667 4322.051282051282 4400.512820512821 4749.743589743591 4187.179487179487 3888.717948717949 4616.410256410257 4631.794871794872 4395.8974358974365 
4476.923076923077 4037.435897435898 4425.641025641026 4534.871794871796 4504.102564102564 4764.102564102564 4320.000000000001 4394.871794871796 4749.2307692307695 4187.179487179487 3906.666666666667 4618.974358974359 4645.128205128206 4408.205128205129 
4479.48717948718 4034.8717948717954 4429.2307692307695 4527.179487179488 4509.743589743591 4768.205128205129 4321.538461538462 4400.512820512821 4748.717948717949 4186.153846153847 3923.076923076924 4582.051282051282 4650.769230769231 4411.794871794872 
4510.769230769231 4029.7435897435903 4387.179487179487 4537.435897435898 4510.769230769231 4771.282051282052 4329.2307692307695 4406.666666666667 4750.256410256411 4186.153846153847 3938.461538461539 4520.000000000001 4646.666666666667 4413.333333333334 
4524.615384615385 4031.2820512820517 4379.48717948718 4554.358974358975 4510.769230769231 4767.179487179488 4324.102564102564 4399.48717948718 4750.769230769231 4186.153846153847 3954.358974358975 4522.051282051282 4646.153846153847 4420.000000000001 
4516.410256410257 4034.8717948717954 4423.076923076924 4574.358974358975 4508.717948717949 4751.794871794872 4299.48717948718 4383.589743589744 4750.256410256411 4186.153846153847 3977.9487179487182 4605.128205128206 4653.846153846154 4431.282051282052 
4538.461538461539 4029.7435897435903 4424.102564102564 4618.461538461539 4498.974358974359 4730.256410256411 4263.076923076924 4368.205128205129 4748.717948717949 4186.153846153847 4014.358974358975 4702.051282051282 4666.153846153847 4440.000000000001 
4563.589743589744 4025.1282051282055 4436.410256410257 4675.384615384616 4484.615384615385 4709.2307692307695 4221.025641025642 4351.282051282052 4746.666666666667 4186.153846153847 4046.666666666667 4781.538461538462 4675.384615384616 4440.512820512821 
4548.205128205129 4031.7948717948725 4528.205128205129 4696.410256410257 4473.333333333334 4687.179487179488 4188.717948717949 4340.000000000001 4746.666666666667 4185.128205128206 4047.1794871794878 4873.333333333334 4672.307692307693 4436.410256410257 
4546.153846153847 4033.333333333334 4565.641025641026 4690.769230769231 4472.307692307693 4677.435897435898 4188.717948717949 4350.256410256411 4748.205128205129 4184.102564102564 4021.0256410256416 4923.076923076924 4662.051282051282 4429.2307692307695 
4561.538461538462 4029.7435897435903 4522.051282051282 4687.6923076923085 4481.025641025642 4689.2307692307695 4210.769230769231 4365.641025641026 4748.717948717949 4184.102564102564 3986.1538461538466 4880.000000000001 4654.358974358975 4418.974358974359 
4523.589743589744 4034.358974358975 4542.564102564103 4654.358974358975 4485.641025641026 4702.564102564103 4231.794871794872 4365.128205128206 4747.6923076923085 4183.076923076924 3955.8974358974365 4842.564102564103 4649.743589743591 4411.282051282052 
4466.666666666667 4032.307692307693 4574.871794871796 4597.948717948719 4487.179487179488 4713.333333333334 4255.384615384616 4365.641025641026 4747.179487179488 4184.615384615385 3942.564102564103 4841.025641025642 4639.48717948718 4408.717948717949 
4451.794871794872 4016.9230769230776 4510.769230769231 4578.974358974359 4499.48717948718 4738.461538461539 4285.128205128206 4379.48717948718 4747.179487179488 4184.615384615385 3932.307692307693 4770.769230769231 4624.102564102564 4394.871794871796 
4431.794871794872 4016.9230769230776 4427.179487179487 4568.717948717949 4518.974358974359 4772.307692307693 4321.025641025642 4398.461538461539 4749.2307692307695 4181.538461538462 3908.717948717949 4617.948717948719 4610.769230769231 4374.358974358975 
4383.589743589744 4034.358974358975 4366.666666666667 4487.6923076923085 4534.871794871796 4800.000000000001 4373.333333333334 4422.564102564103 4750.769230769231 4188.717948717949 3872.307692307693 4468.717948717949 4603.589743589744 4369.2307692307695 
4369.2307692307695 4025.1282051282055 4291.794871794872 4381.538461538462 4551.282051282052 4822.564102564103 4444.615384615385 4451.282051282052 4749.2307692307695 4201.025641025642 3820.512820512821 4328.205128205129 4597.435897435898 4367.179487179487 
4408.717948717949 3992.307692307693 4212.820512820514 4341.538461538462 4568.205128205129 4836.923076923077 4506.666666666667 4477.435897435898 4755.384615384616 4202.051282051282 3783.589743589744 4188.205128205129 4585.128205128206 4356.923076923077 
4447.6923076923085 3986.666666666667 4157.435897435898 4346.666666666667 4572.820512820514 4839.48717948718 4520.512820512821 4492.820512820514 4765.641025641026 4198.461538461539 3792.820512820513 4109.74358974359 4576.923076923077 4355.8974358974365 
4449.2307692307695 4007.1794871794878 4170.256410256411 4349.2307692307695 4567.179487179488 4826.153846153847 4485.128205128206 4482.051282051282 4764.102564102564 4200.512820512821 3819.48717948718 4134.358974358975 4593.333333333334 4370.256410256411 
4443.589743589744 4012.307692307693 4228.205128205129 4370.256410256411 4556.923076923077 4798.974358974359 4434.358974358975 4451.794871794872 4752.820512820514 4201.025641025642 3844.1025641025644 4247.6923076923085 4615.384615384616 4385.128205128206 
4457.948717948719 4002.564102564103 4235.8974358974365 4423.076923076924 4544.102564102564 4777.948717948719 4403.076923076924 4433.846153846154 4746.153846153847 4199.48717948718 3881.538461538462 4362.051282051282 4610.256410256411 4385.641025641026 
4461.025641025642 4006.666666666667 4224.102564102564 4458.461538461539 4540.512820512821 4778.461538461539 4398.461538461539 4440.512820512821 4751.794871794872 4200.512820512821 3894.358974358975 4383.076923076924 4597.435897435898 4366.666666666667 
4425.641025641026 4028.205128205129 4267.179487179487 4423.076923076924 4550.256410256411 4783.076923076924 4416.410256410257 4454.358974358975 4764.102564102564 4201.025641025642 3846.666666666667 4326.153846153847 4593.846153846154 4343.076923076924 
4391.794871794872 4037.9487179487182 4298.461538461539 4340.000000000001 4557.435897435898 4783.076923076924 4451.794871794872 4467.6923076923085 4767.6923076923085 4200.512820512821 3775.3846153846157 4283.589743589744 4581.538461538462 4333.846153846154 
4411.794871794872 4017.435897435898 4264.102564102564 4294.871794871796 4555.8974358974365 4785.128205128206 4486.666666666667 4480.512820512821 4764.102564102564 4200.512820512821 3723.589743589744 4281.025641025642 4563.589743589744 4329.743589743591 
4454.358974358975 3990.7692307692314 4248.205128205129 4315.8974358974365 4552.307692307693 4780.512820512821 4491.794871794872 4483.589743589744 4766.666666666667 4200.512820512821 3705.6410256410263 4283.076923076924 4557.948717948719 4328.717948717949 
4468.717948717949 3992.820512820513 4293.846153846154 4348.717948717949 4544.615384615385 4763.589743589744 4455.8974358974365 4473.846153846154 4763.076923076924 4200.512820512821 3731.2820512820517 4312.820512820514 4565.641025641026 4341.538461538462 
4480.000000000001 4013.8461538461543 4326.666666666667 4382.051282051282 4532.307692307693 4743.076923076924 4400.000000000001 4451.794871794872 4750.769230769231 4200.512820512821 3788.717948717949 4402.564102564103 4588.717948717949 4364.615384615385 
4516.410256410257 4024.1025641025644 4321.538461538462 4458.974358974359 4518.974358974359 4721.538461538462 4345.128205128206 4416.923076923077 4748.205128205129 4200.512820512821 3856.410256410257 4530.769230769231 4618.461538461539 4386.666666666667 
4547.179487179488 4025.6410256410263 4338.461538461539 4565.641025641026 4500.512820512821 4696.923076923077 4294.358974358975 4376.410256410257 4747.179487179488 4200.512820512821 3936.410256410257 4670.769230769231 4641.025641025642 4406.153846153847 
4558.461538461539 4031.7948717948725 4395.8974358974365 4639.48717948718 4479.48717948718 4676.410256410257 4242.564102564103 4341.538461538462 4735.8974358974365 4200.512820512821 4016.9230769230776 4792.307692307693 4663.076923076924 4429.743589743591 
4566.153846153847 4037.9487179487182 4433.846153846154 4669.743589743591 4469.2307692307695 4669.743589743591 4203.589743589744 4320.512820512821 4728.717948717949 4200.512820512821 4060.5128205128212 4850.256410256411 4681.538461538462 4448.717948717949 
4561.025641025642 4034.358974358975 4414.871794871796 4675.8974358974365 4475.384615384616 4680.512820512821 4204.615384615385 4323.589743589744 4736.410256410257 4200.512820512821 4058.461538461539 4827.6923076923085 4676.410256410257 4449.743589743591 
4517.948717948719 4022.0512820512827 4375.384615384616 4643.076923076924 4491.794871794872 4708.205128205129 4249.2307692307695 4355.8974358974365 4745.641025641026 4200.512820512821 4018.9743589743593 4737.948717948719 4646.153846153847 4430.769230769231 
4447.179487179487 4007.692307692308 4341.538461538462 4558.461538461539 4510.769230769231 4743.076923076924 4323.589743589744 4403.589743589744 4749.743589743591 4200.512820512821 3934.358974358975 4598.461538461539 4612.307692307693 4398.974358974359 
4385.128205128206 3998.461538461539 4293.846153846154 4454.358974358975 4534.358974358975 4774.358974358975 4409.2307692307695 4450.256410256411 4757.435897435898 4200.512820512821 3833.333333333334 4435.384615384616 4589.743589743591 4363.076923076924 
4342.051282051282 3998.9743589743593 4241.538461538462 4370.256410256411 4561.025641025642 4801.538461538462 4474.358974358975 4485.641025641026 4766.666666666667 4201.025641025642 3764.615384615385 4295.8974358974365 4571.282051282052 4330.256410256411 
4316.410256410257 4000.0000000000005 4231.282051282052 4320.000000000001 4581.538461538462 4819.48717948718 4496.923076923077 4498.461538461539 4767.6923076923085 4201.025641025642 3735.3846153846157 4225.641025641026 4546.153846153847 4308.717948717949 
4322.564102564103 3983.589743589744 4263.589743589744 4304.615384615385 4589.2307692307695 4808.717948717949 4484.102564102564 4492.820512820514 4767.6923076923085 4200.512820512821 3744.1025641025644 4256.410256410257 4528.717948717949 4306.153846153847 
4352.820512820514 3955.3846153846157 4293.846153846154 4321.538461538462 4584.615384615385 4775.384615384616 4445.641025641026 4472.820512820514 4768.205128205129 4201.025641025642 3791.7948717948725 4360.512820512821 4532.307692307693 4314.871794871796 
4340.512820512821 3935.8974358974365 4294.358974358975 4362.051282051282 4585.641025641026 4761.025641025642 4402.564102564103 4450.256410256411 4767.6923076923085 4201.025641025642 3850.7692307692314 4443.076923076924 4538.461538461539 4320.000000000001 
4277.948717948719 3931.2820512820517 4261.025641025642 4380.512820512821 4602.051282051282 4760.000000000001 4387.6923076923085 4440.000000000001 4774.358974358975 4199.48717948718 3886.666666666667 4471.794871794872 4526.666666666667 4317.948717948719 
4267.179487179487 3942.0512820512827 4244.102564102564 4374.358974358975 4608.717948717949 4741.538461538462 4389.2307692307695 4433.333333333334 4776.923076923077 4198.974358974359 3912.307692307693 4492.307692307693 4520.000000000001 4323.076923076924 
4344.615384615385 3964.1025641025644 4273.333333333334 4443.589743589744 4587.6923076923085 4729.2307692307695 4376.410256410257 4415.8974358974365 4764.615384615386 4199.48717948718 3937.9487179487182 4485.641025641026 4544.615384615385 4338.461538461539 
4403.589743589744 3980.5128205128212 4256.410256410257 4558.461538461539 4569.2307692307695 4743.076923076924 4372.307692307693 4408.205128205129 4757.435897435898 4199.48717948718 3941.538461538462 4423.589743589744 4570.256410256411 4347.179487179487 
4338.461538461539 3968.717948717949 4130.256410256411 4533.333333333334 4594.871794871796 4769.2307692307695 4422.051282051282 4441.538461538462 4769.743589743591 4196.923076923077 3901.538461538462 4318.974358974359 4549.2307692307695 4327.179487179487 
4213.333333333334 3932.307692307693 3991.2820512820517 4379.48717948718 4650.769230769231 4798.974358974359 4507.179487179488 4499.48717948718 4786.666666666667 4200.512820512821 3833.8461538461543 4177.435897435898 4488.717948717949 4286.153846153847 
4092.307692307693 3887.692307692308 3880.512820512821 4256.410256410257 4708.205128205129 4840.000000000001 4595.384615384616 4551.794871794872 4804.102564102564 4198.974358974359 3766.666666666667 3985.6410256410263 4421.538461538462 4238.974358974359 
3813.333333333334 3810.2564102564106 3688.717948717949 4084.615384615385 4802.564102564103 4913.333333333334 4737.435897435898 4636.410256410257 4841.538461538462 4185.641025641026 3674.8717948717954 3694.358974358975 4310.256410256411 4141.025641025642 
3606.666666666667 3757.435897435898 3555.3846153846157 3861.0256410256416 4875.8974358974365 4930.769230769231 4864.615384615386 4716.923076923077 4872.307692307693 4185.128205128206 3582.564102564103 3484.1025641025644 4216.923076923077 4054.8717948717954 
3977.435897435898 3848.205128205129 3749.7435897435903 3884.615384615385 4780.000000000001 4786.153846153847 4781.538461538462 4662.564102564103 4837.948717948719 4201.538461538462 3589.2307692307695 3702.564102564103 4314.871794871796 4133.333333333334 
4542.564102564103 3989.7435897435903 4071.2820512820517 4123.076923076924 4602.564102564103 4630.769230769231 4577.435897435898 4529.743589743591 4770.256410256411 4206.153846153847 3661.0256410256416 4147.6923076923085 4507.6923076923085 4290.769230769231 
4635.384615384616 4022.564102564103 4159.48717948718 4251.282051282052 4547.6923076923085 4637.948717948719 4493.333333333334 4483.076923076924 4750.769230769231 4201.025641025642 3691.2820512820517 4296.410256410257 4565.128205128206 4333.846153846154 
4531.794871794872 4013.8461538461543 4113.333333333334 4284.615384615385 4566.666666666667 4691.282051282052 4473.333333333334 4483.589743589744 4760.000000000001 4203.076923076924 3715.8974358974365 4235.8974358974365 4552.307692307693 4312.820512820514 
4632.307692307693 4055.8974358974365 4180.512820512821 4395.384615384616 4537.435897435898 4667.6923076923085 4379.48717948718 4430.769230769231 4746.666666666667 4205.128205128206 3810.2564102564106 4335.384615384616 4611.794871794872 4354.871794871796 
4736.923076923077 4083.076923076924 4288.717948717949 4534.358974358975 4495.8974358974365 4635.384615384616 4281.025641025642 4357.948717948719 4727.6923076923085 4202.564102564103 3940.0000000000005 4556.410256410257 4678.461538461539 4417.435897435898 
4758.974358974359 4062.564102564103 4355.8974358974365 4633.333333333334 4475.8974358974365 4627.179487179488 4233.846153846154 4308.717948717949 4719.48717948718 4203.589743589744 4048.205128205129 4749.743589743591 4701.025641025642 4454.358974358975 
4781.025641025642 4035.8974358974365 4451.794871794872 4695.8974358974365 4458.461538461539 4622.051282051282 4205.128205128206 4289.74358974359 4714.358974358975 4201.538461538462 4100.512820512821 4862.051282051283 4714.358974358975 4476.923076923077 
4731.282051282052 4024.615384615385 4518.974358974359 4682.051282051282 4453.846153846154 4638.461538461539 4201.025641025642 4312.307692307693 4719.48717948718 4200.000000000001 4083.589743589744 4838.461538461539 4710.769230769231 4473.846153846154 
4630.769230769231 4038.9743589743593 4447.6923076923085 4613.846153846154 4468.205128205129 4684.615384615386 4228.717948717949 4352.307692307693 4730.256410256411 4210.256410256411 4022.0512820512827 4698.461538461539 4694.871794871796 4456.923076923077 
4542.564102564103 4060.5128205128212 4330.769230769231 4548.205128205129 4488.717948717949 4740.000000000001 4282.051282051282 4389.743589743591 4735.8974358974365 4220.000000000001 3936.410256410257 4534.358974358975 4683.076923076924 4443.076923076924 
4514.871794871796 4081.538461538462 4331.794871794872 4508.717948717949 4491.282051282052 4762.051282051282 4337.948717948719 4418.974358974359 4736.410256410257 4217.435897435898 3864.1025641025644 4445.641025641026 4672.307692307693 4431.794871794872 
4585.641025641026 4110.769230769231 4395.384615384616 4511.282051282052 4469.743589743591 4754.358974358975 4365.128205128206 4421.538461538462 4730.256410256411 4213.846153846154 3843.076923076924 4435.384615384616 4676.410256410257 4428.717948717949 
4697.435897435898 4133.846153846154 4434.871794871796 4533.846153846154 4448.717948717949 4753.846153846154 4366.666666666667 4396.923076923077 4718.974358974359 4217.435897435898 3856.9230769230776 4437.948717948719 4705.641025641026 4433.333333333334 
4788.205128205129 4148.717948717949 4529.743589743591 4550.256410256411 4423.589743589744 4750.769230769231 4333.333333333334 4363.589743589744 4703.589743589744 4217.948717948719 3867.1794871794878 4482.564102564103 4739.48717948718 4448.717948717949 
4867.6923076923085 4156.923076923077 4666.153846153847 4584.615384615385 4388.717948717949 4727.6923076923085 4253.846153846154 4330.769230769231 4688.717948717949 4216.410256410257 3877.9487179487182 4633.846153846154 4757.948717948719 4474.871794871796 
4932.820512820514 4152.820512820514 4731.282051282052 4670.769230769231 4364.102564102564 4705.128205128206 4158.974358974359 4294.871794871796 4675.8974358974365 4216.410256410257 3917.9487179487182 4822.564102564103 4771.282051282052 4504.615384615385 
4940.512820512821 4147.6923076923085 4736.410256410257 4784.615384615386 4352.307692307693 4701.025641025642 4086.666666666667 4251.282051282052 4666.666666666667 4216.410256410257 4004.1025641025644 4941.025641025642 4798.461538461539 4537.435897435898 
4892.307692307693 4163.076923076924 4760.512820512821 4865.128205128206 4341.025641025642 4710.769230769231 4051.7948717948725 4213.333333333334 4660.000000000001 4216.410256410257 4107.6923076923085 4997.948717948719 4834.358974358975 4573.846153846154 
4818.461538461539 4178.461538461539 4788.717948717949 4885.128205128206 4335.8974358974365 4731.794871794872 4066.1538461538466 4216.923076923077 4661.538461538462 4216.923076923077 4145.641025641026 5018.461538461539 4838.461538461539 4586.666666666667 
4737.948717948719 4169.2307692307695 4770.769230769231 4861.538461538462 4344.615384615385 4757.435897435898 4121.538461538462 4257.948717948719 4673.333333333334 4216.923076923077 4095.8974358974365 4994.358974358975 4806.153846153847 4564.615384615385 
4680.000000000001 4152.307692307693 4730.256410256411 4822.564102564103 4357.435897435898 4773.846153846154 4162.051282051282 4286.666666666667 4682.564102564103 4215.384615384616 4032.307692307693 4943.076923076924 4778.974358974359 4541.025641025642 
4670.256410256411 4149.74358974359 4718.974358974359 4792.307692307693 4368.205128205129 4785.641025641026 4150.256410256411 4283.589743589744 4682.051282051282 4216.923076923077 4007.692307692308 4892.820512820514 4770.769230769231 4528.205128205129 
4744.615384615386 4163.589743589744 4767.179487179488 4814.871794871796 4366.666666666667 4783.589743589744 4089.23076923077 4260.000000000001 4673.846153846154 4217.435897435898 4026.666666666667 4907.179487179488 4772.820512820514 4528.205128205129 
4917.435897435898 4192.307692307693 4878.461538461539 4927.179487179488 4333.846153846154 4742.051282051282 4003.589743589744 4210.769230769231 4657.435897435898 4206.666666666667 4094.358974358975 5052.820512820514 4802.564102564103 4557.435897435898 
5063.076923076924 4222.051282051282 4997.435897435898 5055.384615384616 4281.538461538462 4694.358974358975 3951.2820512820517 4156.410256410257 4641.538461538462 4197.948717948719 4168.717948717949 5244.615384615386 4851.794871794872 4600.512820512821 
5018.974358974359 4222.564102564103 5032.820512820514 5068.205128205129 4263.076923076924 4705.641025641026 3980.0000000000005 4157.948717948719 4638.461538461539 4207.6923076923085 4165.641025641026 5295.384615384616 4869.2307692307695 4610.256410256411 
4802.564102564103 4187.179487179487 4952.307692307693 4949.2307692307695 4304.102564102564 4776.923076923077 4075.8974358974365 4229.74358974359 4655.8974358974365 4218.974358974359 4067.692307692308 5148.205128205129 4826.666666666667 4564.615384615385 
4547.179487179488 4136.923076923077 4793.846153846154 4789.743589743591 4378.461538461539 4858.461538461539 4184.615384615385 4325.641025641026 4688.717948717949 4216.410256410257 3936.9230769230776 4892.820512820514 4741.538461538462 4488.717948717949 
4329.743589743591 4087.1794871794878 4621.538461538462 4646.153846153847 4457.948717948719 4917.948717948719 4269.74358974359 4397.435897435898 4723.589743589744 4214.871794871796 3845.6410256410263 4637.948717948719 4653.333333333334 4421.538461538462 
4174.358974358975 4032.307692307693 4498.461538461539 4520.512820512821 4526.666666666667 4942.564102564103 4332.820512820514 4436.410256410257 4749.2307692307695 4217.948717948719 3818.461538461539 4463.076923076924 4587.6923076923085 4373.846153846154 
4151.282051282052 3986.666666666667 4432.820512820514 4454.871794871796 4559.48717948718 4918.461538461539 4371.282051282052 4440.512820512821 4760.512820512821 4210.769230769231 3848.717948717949 4414.871794871796 4558.461538461539 4352.820512820514 
4180.000000000001 3949.2307692307695 4371.794871794872 4443.589743589744 4576.410256410257 4880.512820512821 4404.102564102564 4432.307692307693 4768.717948717949 4200.512820512821 3891.7948717948725 4438.974358974359 4548.205128205129 4346.153846153847 
3971.2820512820517 3866.1538461538466 4225.128205128206 4325.128205128206 4653.333333333334 4901.025641025642 4506.666666666667 4486.666666666667 4804.615384615386 4200.512820512821 3857.9487179487182 4325.641025641026 4467.6923076923085 4275.384615384616 
3831.2820512820517 3818.461538461539 4089.7435897435903 4176.410256410257 4717.948717948719 4900.512820512821 4578.974358974359 4548.205128205129 4831.282051282052 4203.076923076924 3804.615384615385 4168.205128205129 4392.307692307693 4204.615384615385 
4200.512820512821 3918.9743589743593 4161.025641025642 4285.128205128206 4642.564102564103 4788.205128205129 4451.794871794872 4488.717948717949 4793.846153846154 4202.051282051282 3857.9487179487182 4295.384615384616 4482.051282051282 4271.794871794872 
4510.256410256411 4019.48717948718 4274.358974358975 4495.384615384616 4552.820512820514 4718.461538461539 4295.8974358974365 4403.076923076924 4753.846153846154 4202.051282051282 3930.2564102564106 4514.358974358975 4596.410256410257 4367.179487179487 
4351.794871794872 3996.9230769230776 4237.948717948719 4509.2307692307695 4573.333333333334 4753.333333333334 4299.48717948718 4407.179487179487 4766.666666666667 4201.538461538462 3924.1025641025644 4554.871794871796 4578.974358974359 4360.000000000001 
4368.717948717949 3994.358974358975 4265.128205128206 4520.512820512821 4565.128205128206 4723.076923076924 4300.512820512821 4391.282051282052 4765.641025641026 4200.512820512821 3949.7435897435903 4674.358974358975 4581.538461538462 4376.410256410257 
4584.615384615385 4026.666666666667 4382.051282051282 4628.205128205129 4507.179487179488 4668.717948717949 4253.846153846154 4345.128205128206 4743.076923076924 4203.076923076924 4015.3846153846157 4820.512820512821 4641.538461538462 4428.205128205129 
4387.179487179487 3962.0512820512827 4353.846153846154 4538.974358974359 4546.666666666667 4727.6923076923085 4321.025641025642 4396.923076923077 4768.717948717949 4201.538461538462 3975.8974358974365 4663.076923076924 4594.871794871796 4373.846153846154 
4098.461538461539 3876.9230769230776 4270.769230769231 4323.076923076924 4623.076923076924 4772.820512820514 4411.794871794872 4478.461538461539 4809.2307692307695 4202.051282051282 3873.333333333334 4468.717948717949 4501.025641025642 4288.717948717949 
4224.102564102564 3896.410256410257 4283.076923076924 4329.2307692307695 4607.6923076923085 4709.2307692307695 4358.974358974359 4460.512820512821 4802.051282051282 4211.794871794872 3863.076923076924 4566.153846153847 4515.8974358974365 4302.051282051282 
4527.179487179488 3989.7435897435903 4359.48717948718 4536.410256410257 4527.179487179488 4627.6923076923085 4216.410256410257 4375.384615384616 4763.589743589744 4217.948717948719 3957.435897435898 4797.435897435898 4616.410256410257 4385.128205128206 
4684.102564102564 4069.7435897435903 4492.820512820514 4702.051282051282 4459.48717948718 4592.307692307693 4116.410256410257 4304.102564102564 4733.333333333334 4215.8974358974365 4058.461538461539 4972.307692307693 4696.923076923077 4463.589743589744 
4628.717948717949 4063.076923076924 4525.128205128206 4713.846153846154 4454.358974358975 4621.025641025642 4134.871794871796 4304.615384615385 4733.846153846154 4215.8974358974365 4087.692307692308 4980.512820512821 4700.512820512821 4470.769230769231 
4516.410256410257 4016.410256410257 4381.538461538462 4660.512820512821 4487.179487179488 4673.333333333334 4216.923076923077 4353.846153846154 4751.282051282052 4218.461538461539 4058.461538461539 4832.820512820514 4673.846153846154 4425.128205128206 
4505.641025641026 4025.6410256410263 4317.948717948719 4633.333333333334 4496.923076923077 4695.8974358974365 4244.615384615385 4369.743589743591 4753.846153846154 4217.948717948719 4037.9487179487182 4723.589743589744 4684.102564102564 4420.000000000001 
4547.179487179488 4054.358974358975 4394.871794871796 4611.282051282052 4488.205128205129 4698.461538461539 4209.2307692307695 4346.153846153847 4746.666666666667 4216.410256410257 4045.1282051282055 4731.282051282052 4708.717948717949 4458.974358974359 
4575.8974358974365 4028.717948717949 4424.615384615385 4597.948717948719 4491.282051282052 4703.589743589744 4196.410256410257 4345.128205128206 4747.6923076923085 4216.410256410257 4040.5128205128212 4734.871794871796 4704.102564102564 4467.179487179487 
4590.256410256411 3991.7948717948725 4405.128205128206 4593.333333333334 4500.000000000001 4716.923076923077 4250.769230769231 4384.615384615385 4755.8974358974365 4215.8974358974365 3998.461538461539 4640.000000000001 4673.333333333334 4438.461538461539 
4526.153846153847 4001.0256410256416 4440.000000000001 4518.461538461539 4508.205128205129 4745.128205128206 4327.179487179487 4424.615384615385 4760.512820512821 4217.435897435898 3918.9743589743593 4508.717948717949 4644.615384615385 4411.794871794872 
4440.000000000001 4025.6410256410263 4486.666666666667 4427.179487179487 4510.769230769231 4748.205128205129 4340.000000000001 4422.051282051282 4755.8974358974365 4218.461538461539 3858.461538461539 4537.948717948719 4640.000000000001 4416.923076923077 
4454.871794871796 4033.333333333334 4456.410256410257 4497.435897435898 4498.461538461539 4716.410256410257 4278.974358974359 4388.205128205129 4749.743589743591 4217.948717948719 3902.564102564103 4708.205128205129 4656.410256410257 4429.2307692307695 
4496.410256410257 4048.205128205129 4407.179487179487 4657.435897435898 4487.179487179488 4702.051282051282 4214.358974358975 4364.615384615385 4753.333333333334 4218.461538461539 4005.6410256410263 4780.000000000001 4675.384615384616 4416.410256410257 
4498.974358974359 4068.717948717949 4468.205128205129 4681.538461538462 4481.538461538462 4700.512820512821 4172.820512820514 4357.435897435898 4755.8974358974365 4218.461538461539 4050.7692307692314 4767.6923076923085 4685.641025641026 4407.179487179487 
4543.589743589744 4068.717948717949 4587.179487179488 4607.179487179488 4468.717948717949 4682.564102564103 4155.384615384616 4355.8974358974365 4749.743589743591 4218.974358974359 4025.6410256410263 4794.871794871796 4694.358974358975 4424.615384615385 
4649.2307692307695 4060.0000000000005 4629.743589743591 4636.923076923077 4450.769230769231 4649.2307692307695 4138.974358974359 4352.307692307693 4745.128205128206 4212.820512820514 4006.1538461538466 4862.564102564103 4712.307692307693 4453.846153846154 
4819.48717948718 4065.1282051282055 4805.128205128206 4857.948717948719 4391.282051282052 4533.846153846154 3957.9487179487182 4241.025641025642 4725.128205128206 4202.564102564103 4147.179487179487 5386.666666666667 4787.179487179488 4549.2307692307695 
5121.025641025642 4072.820512820513 5424.102564102564 5340.512820512821 4255.384615384616 4287.6923076923085 3465.1282051282055 3925.1282051282055 4658.461538461539 4191.794871794872 4602.051282051282 6617.948717948719 4940.000000000001 4792.820512820514 
5495.384615384616 4093.8461538461543 6132.820512820514 6164.615384615386 4128.717948717949 4098.974358974359 2874.3589743589746 3560.512820512821 4586.666666666667 4173.333333333334 5333.333333333334 7787.179487179488 5111.282051282052 5071.794871794872 
5713.333333333334 4161.025641025642 5994.871794871796 6928.717948717949 4128.205128205129 4211.282051282052 2639.4871794871797 3463.0769230769233 4589.743589743591 4164.615384615385 5930.769230769231 8055.384615384616 5241.538461538462 5166.666666666667 
5432.820512820514 4243.076923076924 5124.615384615386 6749.743589743591 4234.871794871796 4564.102564102564 2978.9743589743593 3786.666666666667 4671.282051282052 4194.871794871796 5705.128205128206 7258.97435897436 5257.948717948719 5002.564102564103 
4567.179487179488 4257.435897435898 4545.641025641026 5295.384615384616 4382.051282051282 4946.153846153847 3764.615384615385 4397.948717948719 4763.589743589744 4251.282051282052 4468.205128205129 5578.974358974359 5070.256410256411 4680.512820512821 
3667.1794871794878 4178.974358974359 4274.358974358975 3457.9487179487182 4573.846153846154 5270.769230769231 4746.153846153847 4971.282051282052 4814.871794871796 4290.256410256411 3014.3589743589746 3590.7692307692314 4686.153846153847 4364.102564102564 
3351.794871794872 4043.076923076924 3819.48717948718 2524.1025641025644 4769.743589743591 5496.410256410257 5581.538461538462 5207.6923076923085 4828.205128205129 4295.384615384616 2264.6153846153848 2037.9487179487182 4293.333333333334 4118.974358974359 
3646.1538461538466 3900.0000000000005 3427.692307692308 2674.3589743589746 4857.948717948719 5518.974358974359 5886.153846153847 5060.000000000001 4827.6923076923085 4276.410256410257 2338.4615384615386 1462.0512820512822 4132.307692307693 3980.5128205128212 
4208.205128205129 3826.1538461538466 4018.461538461539 3169.7435897435903 4760.000000000001 5242.051282051283 5476.923076923078 4668.717948717949 4786.666666666667 4246.153846153847 2795.3846153846157 2233.8461538461543 4248.205128205129 4065.6410256410263 
4769.743589743591 3849.7435897435903 5429.743589743591 3830.7692307692314 4525.641025641026 4775.8974358974365 4592.307692307693 4257.948717948719 4699.48717948718 4215.8974358974365 3419.48717948718 4004.615384615385 4450.256410256411 4336.923076923077 
5156.410256410257 3948.205128205129 5760.000000000001 4919.48717948718 4331.282051282052 4436.410256410257 3800.512820512821 4057.435897435898 4646.666666666667 4195.384615384616 4258.461538461539 5556.410256410257 4641.025641025642 4487.6923076923085 
5185.641025641026 4103.589743589744 4587.179487179488 5886.666666666667 4281.025641025642 4394.358974358975 3480.0000000000005 4073.8461538461543 4668.717948717949 4193.333333333334 4901.538461538462 6116.923076923078 4868.205128205129 4438.974358974359 
4817.435897435898 4300.000000000001 3864.615384615385 5855.8974358974365 4320.512820512821 4512.307692307693 3525.1282051282055 4149.2307692307695 4710.256410256411 4211.282051282052 4827.179487179488 5934.3589743589755 5024.615384615386 4429.2307692307695 
4422.564102564103 4471.282051282052 4210.769230769231 5109.2307692307695 4372.820512820514 4620.000000000001 3702.0512820512827 4217.948717948719 4727.179487179488 4231.794871794872 4323.076923076924 5526.666666666667 4989.743589743591 4519.48717948718 
4466.153846153847 4437.435897435898 4421.025641025642 4696.410256410257 4403.076923076924 4674.358974358975 3928.205128205129 4245.128205128206 4723.076923076924 4228.717948717949 4021.0256410256416 5243.589743589744 4868.205128205129 4624.102564102564 
4863.076923076924 4137.435897435898 4471.794871794872 4920.512820512821 4364.615384615385 4623.589743589744 4050.7692307692314 4172.820512820514 4710.769230769231 4208.205128205129 4101.538461538462 5347.6923076923085 4811.794871794872 4740.000000000001 
5179.487179487181 3843.076923076924 5051.794871794872 5233.333333333334 4266.666666666667 4486.153846153847 3909.7435897435903 4074.8717948717954 4689.743589743591 4198.461538461539 4379.48717948718 5829.743589743591 4841.538461538462 4867.6923076923085 
5189.743589743591 3791.2820512820517 5887.179487179488 5340.000000000001 4206.666666666667 4418.461538461539 3667.1794871794878 4071.2820512820517 4659.48717948718 4201.025641025642 4607.6923076923085 6226.153846153847 4882.051282051283 4907.6923076923085 
4947.179487179488 3897.9487179487182 6042.564102564103 5462.564102564103 4244.102564102564 4529.743589743591 3614.8717948717954 4161.538461538462 4661.025641025642 4207.6923076923085 4660.512820512821 6106.666666666668 4847.179487179488 4778.974358974359 
4556.410256410257 4066.666666666667 5110.256410256411 5542.051282051283 4345.128205128206 4741.025641025642 3797.435897435898 4272.307692307693 4707.6923076923085 4220.512820512821 4527.6923076923085 5655.8974358974365 4783.076923076924 4546.153846153847 
4125.641025641026 4270.256410256411 4231.282051282052 5227.179487179488 4431.794871794872 4883.076923076924 4037.435897435898 4332.820512820514 4741.538461538462 4232.307692307693 4165.641025641026 5280.000000000001 4773.333333333334 4380.512820512821 
3992.820512820513 4377.435897435898 4234.358974358975 4683.589743589744 4458.974358974359 4887.179487179488 4169.2307692307695 4311.794871794872 4738.461538461539 4237.948717948719 3766.666666666667 5121.538461538462 4768.205128205129 4388.205128205129 
4456.923076923077 4315.8974358974365 4401.025641025642 4496.410256410257 4437.948717948719 4800.512820512821 4147.6923076923085 4242.051282051282 4729.2307692307695 4232.820512820514 3691.2820512820517 5134.358974358975 4759.48717948718 4490.769230769231 
5181.538461538462 4162.564102564103 4514.871794871796 4769.2307692307695 4392.820512820514 4702.564102564103 4008.717948717949 4182.051282051282 4718.461538461539 4212.820512820514 3924.1025641025644 5270.769230769231 4809.2307692307695 4585.128205128206 
5560.000000000001 4030.2564102564106 5066.153846153847 5083.589743589744 4336.923076923077 4633.846153846154 3823.076923076924 4157.948717948719 4696.923076923077 4198.461538461539 4227.6923076923085 5526.153846153847 4874.358974358975 4661.538461538462 
5452.307692307693 3979.48717948718 5684.102564102564 5287.179487179488 4291.794871794872 4609.2307692307695 3706.666666666667 4163.589743589744 4677.948717948719 4197.948717948719 4461.538461538462 5791.794871794873 4878.461538461539 4711.794871794872 
5057.435897435898 4021.538461538462 5703.076923076924 5525.128205128206 4284.615384615385 4654.871794871796 3732.820512820513 4163.589743589744 4675.384615384616 4198.461538461539 4555.384615384616 5957.435897435898 4854.358974358975 4704.615384615386 
4561.538461538462 4149.2307692307695 5322.051282051283 5685.641025641026 4314.871794871796 4741.025641025642 3818.461538461539 4134.871794871796 4686.153846153847 4206.153846153847 4528.717948717949 6082.564102564103 4853.333333333334 4683.076923076924 
4207.179487179487 4290.256410256411 5060.000000000001 5570.769230769231 4355.8974358974365 4810.769230769231 3839.48717948718 4111.794871794872 4702.051282051282 4219.48717948718 4450.769230769231 6128.717948717949 4855.8974358974365 4697.435897435898 
4250.769230769231 4332.307692307693 4979.48717948718 5325.641025641026 4377.948717948719 4840.512820512821 3802.564102564103 4136.923076923077 4714.358974358975 4218.461538461539 4337.435897435898 5940.512820512821 4848.205128205129 4698.974358974359 
4645.641025641026 4257.948717948719 4930.256410256411 5142.051282051283 4372.820512820514 4823.589743589744 3785.6410256410263 4191.794871794872 4720.000000000001 4212.820512820514 4193.333333333334 5678.974358974359 4846.666666666667 4675.384615384616 
5033.846153846154 4146.666666666667 4974.358974358975 4932.307692307693 4364.615384615385 4780.000000000001 3836.410256410257 4245.641025641026 4719.48717948718 4221.025641025642 4032.820512820513 5573.846153846154 4857.435897435898 4646.666666666667 
5154.871794871796 4054.358974358975 5214.871794871796 4655.8974358974365 4373.846153846154 4767.6923076923085 3966.666666666667 4299.48717948718 4711.282051282052 4215.8974358974365 3835.8974358974365 5420.000000000001 4825.128205128206 4575.8974358974365 
5008.205128205129 4001.0256410256416 5422.051282051283 4492.820512820514 4397.435897435898 4807.179487179488 4161.025641025642 4349.2307692307695 4701.025641025642 4201.538461538462 3669.7435897435903 5044.102564102564 4710.769230769231 4469.2307692307695 
4682.564102564103 3992.820512820513 5317.948717948719 4550.256410256411 4424.102564102564 4854.871794871796 4339.48717948718 4366.153846153847 4704.615384615386 4206.153846153847 3656.9230769230776 4735.384615384616 4591.282051282052 4395.384615384616 
4317.948717948719 4030.2564102564106 5028.205128205129 4729.743589743591 4438.974358974359 4873.846153846154 4385.128205128206 4332.307692307693 4717.435897435898 4219.48717948718 3760.512820512821 4756.410256410257 4567.179487179488 4398.461538461539 
4134.871794871796 4110.769230769231 4830.256410256411 4893.846153846154 4428.717948717949 4846.666666666667 4262.564102564103 4274.358974358975 4722.564102564103 4218.461538461539 3889.2307692307695 5007.179487179488 4631.794871794872 4467.179487179487 
4273.333333333334 4200.000000000001 4809.2307692307695 5034.358974358975 4396.410256410257 4778.974358974359 4060.0000000000005 4247.179487179487 4715.8974358974365 4206.666666666667 4055.8974358974365 5243.589743589744 4712.820512820514 4558.974358974359 
4666.153846153847 4245.641025641026 4771.282051282052 5162.051282051283 4366.153846153847 4726.153846153847 3899.48717948718 4241.025641025642 4703.076923076924 4205.128205128206 4252.820512820514 5367.179487179488 4800.000000000001 4624.102564102564 
5075.8974358974365 4248.717948717949 4662.564102564103 5161.025641025642 4352.307692307693 4714.871794871796 3850.7692307692314 4216.923076923077 4691.794871794872 4213.333333333334 4341.025641025642 5390.256410256411 4913.846153846154 4636.410256410257 
5263.076923076924 4236.923076923077 4749.743589743591 4991.794871794872 4348.717948717949 4727.179487179488 3906.666666666667 4205.641025641026 4685.641025641026 4219.48717948718 4246.153846153847 5269.743589743591 4981.025641025642 4617.435897435898 
5196.923076923077 4190.769230769231 4975.8974358974365 4816.410256410257 4353.333333333334 4762.051282051282 4017.9487179487182 4249.2307692307695 4683.076923076924 4218.461538461539 4098.974358974359 5073.333333333334 4909.743589743591 4592.820512820514 
4969.743589743591 4105.641025641026 4985.128205128206 4761.538461538462 4375.384615384616 4827.179487179488 4151.794871794872 4310.769230769231 4694.358974358975 4214.871794871796 3984.1025641025644 4928.717948717949 4770.769230769231 4554.871794871796 
4602.564102564103 4063.076923076924 4832.820512820514 4763.589743589744 4411.794871794872 4898.461538461539 4271.282051282052 4338.974358974359 4714.871794871796 4220.000000000001 3861.538461538462 4803.589743589744 4698.461538461539 4505.641025641026 
4236.923076923077 4104.615384615385 4777.948717948719 4747.6923076923085 4430.769230769231 4932.307692307693 4316.923076923077 4352.307692307693 4723.076923076924 4232.307692307693 3805.6410256410263 4706.666666666667 4684.615384615386 4476.923076923077 
4170.769230769231 4149.74358974359 4763.076923076924 4776.923076923077 4421.538461538462 4909.2307692307695 4280.000000000001 4373.846153846154 4719.48717948718 4235.384615384616 3881.0256410256416 4727.179487179488 4672.820512820514 4473.333333333334 
4440.000000000001 4146.153846153847 4707.6923076923085 4874.358974358975 4397.435897435898 4853.846153846154 4206.153846153847 4374.358974358975 4715.384615384616 4221.538461538462 3961.538461538462 4833.846153846154 4696.923076923077 4473.333333333334 
4770.769230769231 4164.102564102564 4681.025641025642 4898.461538461539 4369.2307692307695 4795.384615384616 4122.051282051282 4330.769230769231 4702.564102564103 4215.384615384616 3994.8717948717954 4972.307692307693 4786.153846153847 4496.410256410257 
4998.461538461539 4207.6923076923085 4729.2307692307695 4793.333333333334 4349.2307692307695 4746.666666666667 4041.538461538462 4275.384615384616 4690.769230769231 4218.461538461539 4030.2564102564106 5089.2307692307695 4867.179487179488 4547.179487179488 
5124.615384615386 4187.179487179487 4812.307692307693 4724.615384615386 4352.820512820514 4742.051282051282 4005.1282051282055 4245.128205128206 4694.358974358975 4216.923076923077 4043.589743589744 5062.564102564103 4867.179487179488 4575.384615384616 
5060.000000000001 4130.769230769231 4777.435897435898 4774.871794871796 4372.820512820514 4789.743589743591 4039.48717948718 4238.974358974359 4701.538461538462 4215.384615384616 4046.666666666667 4937.948717948719 4816.923076923077 4568.205128205129 
4727.179487179488 4124.615384615385 4693.333333333334 4831.794871794872 4391.282051282052 4837.948717948719 4120.512820512821 4248.717948717949 4704.615384615386 4217.435897435898 4061.0256410256416 4900.000000000001 4774.871794871796 4551.282051282052 
4343.589743589744 4129.74358974359 4695.8974358974365 4844.102564102564 4406.153846153847 4866.153846153847 4215.384615384616 4285.128205128206 4717.435897435898 4217.435897435898 4045.1282051282055 4901.025641025642 4733.846153846154 4521.538461538462 
4188.717948717949 4088.717948717949 4650.256410256411 4850.256410256411 4422.564102564103 4887.6923076923085 4304.102564102564 4361.025641025642 4730.256410256411 4216.923076923077 3999.48717948718 4785.128205128206 4678.974358974359 4470.769230769231 
4238.974358974359 4040.5128205128212 4533.333333333334 4798.461538461539 4439.48717948718 4890.769230769231 4357.435897435898 4445.128205128206 4735.8974358974365 4218.461538461539 3934.358974358975 4627.179487179488 4637.435897435898 4423.589743589744 
4360.000000000001 4018.461538461539 4482.051282051282 4629.2307692307695 4454.358974358975 4872.307692307693 4368.717948717949 4485.641025641026 4744.102564102564 4218.974358974359 3825.6410256410263 4537.948717948719 4632.307692307693 4402.564102564103 
4532.307692307693 4009.23076923077 4418.974358974359 4425.641025641026 4472.820512820514 4858.461538461539 4371.282051282052 4479.48717948718 4753.333333333334 4218.974358974359 3708.717948717949 4450.256410256411 4641.538461538462 4398.461538461539 
4670.769230769231 4010.2564102564106 4304.102564102564 4282.051282051282 4497.948717948719 4859.48717948718 4393.846153846154 4462.564102564103 4752.307692307693 4220.000000000001 3638.461538461539 4326.666666666667 4631.794871794872 4383.589743589744 
4621.025641025642 4029.23076923077 4283.076923076924 4202.564102564103 4520.512820512821 4876.410256410257 4448.717948717949 4456.923076923077 4748.205128205129 4217.948717948719 3606.666666666667 4224.615384615385 4600.000000000001 4352.307692307693 
4399.48717948718 4053.8461538461543 4294.871794871796 4179.48717948718 4537.948717948719 4906.666666666667 4532.820512820514 4471.794871794872 4755.384615384616 4219.48717948718 3607.692307692308 4149.2307692307695 4566.666666666667 4322.564102564103 
4176.923076923077 4047.692307692308 4230.256410256411 4217.435897435898 4552.820512820514 4927.179487179488 4611.794871794872 4503.076923076924 4766.666666666667 4229.2307692307695 3635.8974358974365 4085.1282051282055 4541.025641025642 4297.948717948719 
4063.076923076924 4011.7948717948725 4173.846153846154 4290.769230769231 4565.128205128206 4929.2307692307695 4640.000000000001 4529.2307692307695 4768.205128205129 4234.871794871796 3670.7692307692314 4036.9230769230776 4518.461538461539 4283.076923076924 
4075.8974358974365 3981.0256410256416 4164.102564102564 4342.051282051282 4569.2307692307695 4920.512820512821 4617.948717948719 4534.358974358975 4767.179487179488 4233.333333333334 3700.512820512821 3998.461538461539 4505.641025641026 4293.333333333334 
4212.820512820514 3960.5128205128212 4142.051282051282 4329.2307692307695 4568.717948717949 4896.923076923077 4586.153846153847 4522.051282051282 4770.256410256411 4231.794871794872 3707.1794871794878 3993.333333333334 4509.2307692307695 4316.923076923077 
4428.205128205129 3944.615384615385 4080.5128205128212 4269.74358974359 4569.2307692307695 4863.076923076924 4568.205128205129 4501.538461538462 4770.256410256411 4227.6923076923085 3683.589743589744 4013.8461538461543 4531.282051282052 4337.948717948719 
4597.435897435898 3954.358974358975 4009.7435897435903 4199.48717948718 4564.102564102564 4833.333333333334 4558.461538461539 4487.179487179488 4765.641025641026 4227.179487179487 3649.2307692307695 4041.0256410256416 4568.205128205129 4351.282051282052 
4628.205128205129 3990.2564102564106 4015.8974358974365 4143.076923076924 4555.384615384616 4813.846153846154 4544.102564102564 4491.282051282052 4764.102564102564 4225.641025641026 3628.717948717949 4100.512820512821 4599.48717948718 4347.179487179487 
4544.615384615385 4019.48717948718 4095.3846153846157 4154.358974358975 4552.307692307693 4811.282051282052 4523.589743589744 4508.717948717949 4768.717948717949 4218.974358974359 3638.461538461539 4150.769230769231 4601.538461538462 4326.666666666667 
4416.923076923077 4029.23076923077 4111.282051282052 4215.8974358974365 4556.923076923077 4822.051282051282 4516.410256410257 4531.794871794872 4778.461538461539 4223.076923076924 3676.410256410257 4150.256410256411 4576.923076923077 4304.615384615385 
4268.717948717949 4020.0000000000005 4163.076923076924 4263.589743589744 4563.076923076924 4835.8974358974365 4532.820512820514 4544.615384615385 4785.641025641026 4228.717948717949 3698.461538461539 4125.128205128206 4542.564102564103 4290.769230769231 
4149.74358974359 3994.8717948717954 4332.307692307693 4348.717948717949 4561.025641025642 4851.794871794872 4548.205128205129 4531.794871794872 4783.076923076924 4219.48717948718 3682.564102564103 4119.48717948718 4514.871794871796 4293.846153846154 
4175.8974358974365 3969.7435897435903 4378.974358974359 4462.564102564103 4548.205128205129 4832.307692307693 4538.461538461539 4502.564102564103 4776.410256410257 4213.333333333334 3675.3846153846157 4203.076923076924 4507.6923076923085 4317.948717948719 
4362.051282051282 3960.5128205128212 4290.256410256411 4496.410256410257 4535.384615384616 4764.102564102564 4502.564102564103 4474.871794871796 4768.717948717949 4217.948717948719 3710.7692307692314 4343.076923076924 4530.769230769231 4348.717948717949 
4574.358974358975 3975.3846153846157 4280.000000000001 4473.333333333334 4525.128205128206 4710.769230769231 4430.769230769231 4444.102564102564 4758.461538461539 4217.435897435898 3782.0512820512827 4425.128205128206 4582.051282051282 4371.794871794872 
4709.2307692307695 4006.1538461538466 4322.051282051282 4483.076923076924 4508.205128205129 4697.435897435898 4334.871794871796 4416.923076923077 4751.282051282052 4215.8974358974365 3861.0256410256416 4464.615384615385 4644.615384615385 4380.512820512821 
4754.871794871796 4031.7948717948725 4307.6923076923085 4516.410256410257 4493.846153846154 4690.256410256411 4264.102564102564 4408.205128205129 4750.256410256411 4216.923076923077 3912.307692307693 4532.820512820514 4689.2307692307695 4383.589743589744 
4698.974358974359 4038.461538461539 4275.8974358974365 4547.6923076923085 4490.256410256411 4691.282051282052 4249.2307692307695 4407.179487179487 4751.282051282052 4215.8974358974365 3940.0000000000005 4602.564102564103 4697.948717948719 4397.948717948719 
4553.846153846154 4034.8717948717954 4271.794871794872 4582.051282051282 4490.256410256411 4720.512820512821 4272.307692307693 4395.8974358974365 4750.256410256411 4217.948717948719 3967.1794871794878 4623.589743589744 4683.589743589744 4426.153846153847 
4410.769230769231 4027.1794871794878 4333.333333333334 4598.461538461539 4492.307692307693 4747.6923076923085 4307.179487179487 4385.128205128206 4749.743589743591 4217.948717948719 3981.538461538462 4610.256410256411 4660.000000000001 4445.641025641026 
4355.8974358974365 4008.717948717949 4420.000000000001 4614.358974358975 4494.871794871796 4755.8974358974365 4334.358974358975 4385.128205128206 4751.794871794872 4216.923076923077 3982.0512820512827 4588.717948717949 4634.358974358975 4446.153846153847 
4392.307692307693 3987.1794871794878 4431.794871794872 4638.461538461539 4490.769230769231 4751.794871794872 4334.358974358975 4387.6923076923085 4750.769230769231 4217.948717948719 3987.692307692308 4590.256410256411 4621.538461538462 4443.589743589744 
4466.666666666667 3981.0256410256416 4447.179487179487 4635.8974358974365 4478.974358974359 4734.358974358975 4295.8974358974365 4382.564102564103 4747.6923076923085 4218.461538461539 3984.615384615385 4659.48717948718 4633.846153846154 4442.051282051282 
4557.435897435898 3999.48717948718 4496.923076923077 4620.000000000001 4469.743589743591 4709.743589743591 4233.846153846154 4368.717948717949 4745.641025641026 4216.923076923077 3971.7948717948725 4771.282051282052 4659.48717948718 4434.871794871796 
4633.846153846154 4022.0512820512827 4473.333333333334 4621.025641025642 4469.743589743591 4698.461538461539 4197.435897435898 4358.974358974359 4747.179487179488 4215.8974358974365 3968.717948717949 4816.923076923077 4674.358974358975 4418.974358974359 
4628.717948717949 4033.8461538461543 4392.820512820514 4606.666666666667 4481.538461538462 4720.000000000001 4225.128205128206 4370.769230769231 4748.205128205129 4216.923076923077 3945.1282051282055 4728.205128205129 4666.666666666667 4393.846153846154 
4525.128205128206 4040.5128205128212 4345.641025641026 4533.846153846154 4504.102564102564 4762.051282051282 4300.000000000001 4407.179487179487 4750.769230769231 4217.435897435898 3872.820512820513 4572.820512820514 4641.025641025642 4369.743589743591 
4396.923076923077 4034.8717948717954 4312.307692307693 4433.846153846154 4525.128205128206 4796.923076923077 4389.743589743591 4451.794871794872 4762.051282051282 4216.410256410257 3787.1794871794878 4451.282051282052 4610.769230769231 4358.974358974359 
4321.538461538462 4012.820512820513 4274.358974358975 4382.051282051282 4532.820512820514 4810.769230769231 4462.564102564103 4483.076923076924 4769.2307692307695 4217.435897435898 3742.0512820512827 4364.102564102564 4589.2307692307695 4362.051282051282 
4334.358974358975 3997.9487179487182 4291.794871794872 4398.974358974359 4526.666666666667 4807.6923076923085 4476.410256410257 4488.717948717949 4760.512820512821 4218.461538461539 3762.564102564103 4308.205128205129 4587.6923076923085 4374.871794871796 
4432.820512820514 4011.2820512820517 4374.358974358975 4447.6923076923085 4511.794871794872 4790.769230769231 4425.641025641026 4464.615384615385 4748.205128205129 4216.923076923077 3829.7435897435903 4321.538461538462 4610.769230769231 4400.000000000001 
4584.615384615385 4046.1538461538466 4444.102564102564 4498.974358974359 4486.666666666667 4767.6923076923085 4360.000000000001 4417.435897435898 4738.974358974359 4222.564102564103 3896.410256410257 4393.846153846154 4654.358974358975 4431.794871794872 
4740.512820512821 4091.2820512820517 4435.8974358974365 4546.153846153847 4460.000000000001 4758.461538461539 4315.384615384616 4372.307692307693 4726.153846153847 4233.333333333334 3929.2307692307695 4458.461538461539 4707.179487179488 4464.102564102564 
4839.48717948718 4133.333333333334 4379.48717948718 4569.743589743591 4442.564102564103 4770.256410256411 4298.974358974359 4352.307692307693 4712.307692307693 4234.871794871796 3924.1025641025644 4460.000000000001 4751.794871794872 4488.205128205129 
4872.820512820514 4167.179487179487 4363.589743589744 4562.564102564103 4431.282051282052 4798.461538461539 4302.051282051282 4352.820512820514 4705.128205128206 4231.282051282052 3893.8461538461543 4416.923076923077 4776.923076923077 4493.333333333334 
4877.435897435898 4192.307692307693 4406.666666666667 4560.512820512821 4422.564102564103 4826.666666666667 4302.564102564103 4358.461538461539 4704.615384615386 4232.307692307693 3860.512820512821 4380.000000000001 4786.153846153847 4487.179487179488 
4865.128205128206 4201.538461538462 4470.769230769231 4596.923076923077 4413.846153846154 4838.461538461539 4292.820512820514 4357.948717948719 4701.025641025642 4232.307692307693 3849.2307692307695 4399.48717948718 4783.076923076924 4490.769230769231 
4845.128205128206 4201.538461538462 4559.48717948718 4669.743589743591 4394.871794871796 4836.410256410257 4263.589743589744 4334.358974358975 4690.256410256411 4231.794871794872 3872.307692307693 4497.435897435898 4778.974358974359 4509.2307692307695 
4854.871794871796 4212.820512820514 4708.717948717949 4752.820512820514 4359.48717948718 4818.974358974359 4206.666666666667 4291.794871794872 4678.461538461539 4233.846153846154 3916.9230769230776 4669.743589743591 4794.358974358975 4535.384615384616 
4934.871794871796 4239.48717948718 4907.179487179488 4831.282051282052 4310.769230769231 4775.8974358974365 4131.282051282052 4253.333333333334 4667.6923076923085 4233.333333333334 3954.358974358975 4896.410256410257 4830.769230769231 4568.717948717949 
5094.358974358975 4279.48717948718 5052.307692307693 4925.128205128206 4254.358974358975 4728.205128205129 4045.6410256410263 4215.384615384616 4650.256410256411 4232.307692307693 3980.5128205128212 5107.6923076923085 4877.948717948719 4613.333333333334 
5236.923076923078 4332.820512820514 5052.307692307693 5026.153846153847 4212.307692307693 4716.410256410257 3962.564102564103 4178.461538461539 4632.307692307693 4233.333333333334 4014.358974358975 5217.435897435898 4931.794871794872 4654.358974358975 
5256.923076923078 4373.333333333334 5027.179487179488 5082.051282051283 4196.923076923077 4735.384615384616 3901.0256410256416 4160.512820512821 4627.6923076923085 4232.820512820514 4040.0000000000005 5257.948717948719 4972.307692307693 4672.307692307693 
5226.666666666667 4383.589743589744 5089.743589743591 5111.794871794872 4184.102564102564 4744.102564102564 3862.564102564103 4149.74358974359 4628.205128205129 4231.794871794872 4052.820512820513 5339.487179487181 4988.717948717949 4682.051282051282 
5192.307692307693 4361.025641025642 5105.128205128206 5166.666666666667 4175.8974358974365 4751.794871794872 3855.3846153846157 4142.564102564103 4630.769230769231 4234.358974358975 4076.9230769230776 5413.333333333334 4980.512820512821 4688.205128205129 
5060.000000000001 4306.666666666667 5023.076923076924 5196.410256410257 4198.974358974359 4789.2307692307695 3894.8717948717954 4153.846153846154 4644.102564102564 4231.794871794872 4097.948717948719 5364.615384615386 4950.769230769231 4670.769230769231 
4867.6923076923085 4255.8974358974365 5007.179487179488 5141.025641025642 4236.923076923077 4833.333333333334 3949.2307692307695 4179.48717948718 4659.48717948718 4220.000000000001 4096.923076923077 5266.153846153847 4911.282051282052 4642.051282051282 
4705.128205128206 4206.666666666667 5042.564102564103 5038.461538461539 4271.282051282052 4856.923076923077 4001.538461538462 4218.461538461539 4673.333333333334 4215.384615384616 4071.2820512820517 5194.871794871796 4861.538461538462 4612.820512820514 
4562.051282051282 4128.717948717949 4966.153846153847 4943.589743589744 4317.948717948719 4872.307692307693 4072.820512820513 4274.358974358975 4695.384615384616 4220.512820512821 4029.23076923077 5101.025641025642 4791.282051282052 4564.615384615385 
4461.025641025642 4067.692307692308 4829.2307692307695 4867.6923076923085 4365.641025641026 4880.512820512821 4132.820512820514 4316.410256410257 4715.8974358974365 4218.974358974359 4005.6410256410263 4985.128205128206 4739.48717948718 4520.000000000001 
4397.435897435898 4055.8974358974365 4746.666666666667 4786.666666666667 4400.000000000001 4883.076923076924 4160.512820512821 4334.871794871796 4726.666666666667 4214.358974358975 4005.6410256410263 4887.6923076923085 4725.641025641026 4497.435897435898 
4310.769230769231 4034.358974358975 4671.282051282052 4670.769230769231 4441.025641025642 4883.589743589744 4196.410256410257 4364.102564102564 4743.589743589744 4215.384615384616 3992.820512820513 4805.641025641026 4698.974358974359 4463.076923076924 
4234.871794871796 3980.5128205128212 4593.846153846154 4588.205128205129 4483.076923076924 4872.307692307693 4253.846153846154 4403.589743589744 4766.666666666667 4216.923076923077 3972.307692307693 4714.358974358975 4644.615384615385 4410.769230769231 
4201.538461538462 3937.9487179487182 4545.128205128206 4612.307692307693 4505.128205128206 4864.102564102564 4302.051282051282 4429.2307692307695 4777.435897435898 4215.8974358974365 3970.7692307692314 4596.923076923077 4606.666666666667 4371.282051282052 
