4518.461538461539 4061.538461538462 4483.589743589744 4555.384615384616 4526.666666666667 4703.076923076924 4815.8974358974365 3991.7948717948725 4691.794871794872 4274.358974358975 4074.358974358975 4072.307692307693 4595.384615384616 4362.051282051282 
4508.205128205129 4048.205128205129 4457.435897435898 4462.051282051282 4501.025641025642 4673.846153846154 4791.282051282052 3975.3846153846157 4680.000000000001 4217.948717948719 4075.8974358974365 4007.1794871794878 4598.461538461539 4364.615384615385 
4504.102564102564 4045.6410256410263 4451.282051282052 4455.384615384616 4497.435897435898 4667.6923076923085 4791.794871794872 3988.717948717949 4690.769230769231 4295.384615384616 4076.9230769230776 4024.615384615385 4601.538461538462 4367.179487179487 
4515.384615384616 4056.9230769230776 4477.948717948719 4555.8974358974365 4520.000000000001 4693.846153846154 4814.871794871796 4003.589743589744 4702.564102564103 4382.564102564103 4081.0256410256416 4146.153846153847 4598.461538461539 4367.179487179487 
4517.435897435898 4054.358974358975 4481.538461538462 4574.358974358975 4520.512820512821 4690.256410256411 4811.282051282052 3992.820512820513 4696.923076923077 4401.538461538462 4084.1025641025644 4193.846153846154 4596.410256410257 4369.2307692307695 
4510.256410256411 4046.1538461538466 4466.153846153847 4566.153846153847 4509.2307692307695 4674.871794871796 4797.435897435898 3988.717948717949 4694.358974358975 4408.205128205129 4083.589743589744 4204.102564102564 4599.48717948718 4370.769230769231 
4507.6923076923085 4049.23076923077 4463.076923076924 4590.769230769231 4508.205128205129 4675.384615384616 4797.948717948719 3995.8974358974365 4700.512820512821 4451.282051282052 4084.1025641025644 4232.820512820514 4599.48717948718 4368.717948717949 
4508.205128205129 4052.820512820513 4471.282051282052 4617.948717948719 4511.282051282052 4680.512820512821 4805.641025641026 3999.48717948718 4702.051282051282 4461.025641025642 4088.205128205129 4269.2307692307695 4594.358974358975 4372.820512820514 
4504.615384615385 4049.23076923077 4467.179487179487 4601.025641025642 4508.205128205129 4677.948717948719 4803.589743589744 3990.7692307692314 4696.923076923077 4434.358974358975 4087.692307692308 4249.74358974359 4592.307692307693 4375.8974358974365 
4497.435897435898 4045.1282051282055 4451.282051282052 4567.179487179488 4505.641025641026 4672.307692307693 4798.461538461539 3991.2820512820517 4701.025641025642 4443.589743589744 4084.615384615385 4222.564102564103 4596.923076923077 4370.769230769231 
4500.512820512821 4048.205128205129 4451.282051282052 4562.051282051282 4508.717948717949 4676.410256410257 4802.564102564103 3992.820512820513 4701.538461538462 4418.461538461539 4085.1282051282055 4221.538461538462 4597.435897435898 4369.743589743591 
4498.974358974359 4045.6410256410263 4448.205128205129 4527.6923076923085 4503.076923076924 4672.307692307693 4797.948717948719 3987.1794871794878 4691.794871794872 4332.307692307693 4084.615384615385 4177.948717948719 4593.846153846154 4371.794871794872 
4494.358974358975 4043.076923076924 4448.717948717949 4499.48717948718 4503.076923076924 4674.358974358975 4796.923076923077 3985.6410256410263 4686.666666666667 4255.8974358974365 4082.0512820512827 4152.820512820514 4591.282051282052 4368.717948717949 
4488.717948717949 4040.5128205128212 4440.512820512821 4455.8974358974365 4497.948717948719 4667.6923076923085 4794.871794871796 3980.5128205128212 4684.102564102564 4214.871794871796 4080.0000000000005 4116.410256410257 4592.307692307693 4365.641025641026 
4487.179487179488 4042.564102564103 4438.974358974359 4426.153846153847 4496.923076923077 4667.6923076923085 4798.461538461539 3982.564102564103 4684.102564102564 4195.384615384616 4078.9743589743593 4078.9743589743593 4589.743589743591 4365.128205128206 
4485.128205128206 4042.0512820512827 4440.000000000001 4405.641025641026 4500.000000000001 4667.6923076923085 4797.435897435898 3980.0000000000005 4682.564102564103 4178.461538461539 4075.3846153846157 4051.2820512820517 4587.6923076923085 4363.589743589744 
4483.076923076924 4038.9743589743593 4438.461538461539 4389.2307692307695 4501.025641025642 4665.641025641026 4794.358974358975 3976.9230769230776 4682.564102564103 4191.282051282052 4073.333333333334 4042.564102564103 4589.2307692307695 4358.974358974359 
4485.128205128206 4038.461538461539 4435.384615384616 4394.358974358975 4499.48717948718 4668.205128205129 4794.358974358975 3972.820512820513 4681.538461538462 4182.564102564103 4074.8717948717954 4052.307692307693 4588.205128205129 4358.974358974359 
4483.589743589744 4035.8974358974365 4428.205128205129 4408.717948717949 4497.948717948719 4662.051282051282 4791.794871794872 3975.3846153846157 4682.564102564103 4177.948717948719 4075.8974358974365 4064.1025641025644 4583.589743589744 4362.564102564103 
4483.076923076924 4035.8974358974365 4430.256410256411 4447.6923076923085 4500.512820512821 4660.512820512821 4793.846153846154 3980.0000000000005 4684.615384615386 4249.74358974359 4075.3846153846157 4107.179487179487 4584.102564102564 4362.051282051282 
4485.128205128206 4036.9230769230776 4430.256410256411 4476.410256410257 4494.871794871796 4662.051282051282 4792.307692307693 3982.0512820512827 4688.717948717949 4315.384615384616 4077.9487179487187 4148.205128205129 4591.282051282052 4363.076923076924 
4491.282051282052 4039.48717948718 4433.333333333334 4518.974358974359 4495.8974358974365 4667.179487179488 4794.871794871796 3987.1794871794878 4696.410256410257 4371.282051282052 4081.0256410256416 4201.025641025642 4593.846153846154 4369.2307692307695 
4497.948717948719 4038.461538461539 4431.794871794872 4554.871794871796 4499.48717948718 4665.641025641026 4794.358974358975 3985.1282051282055 4695.384615384616 4392.307692307693 4081.538461538462 4237.948717948719 4592.820512820514 4372.820512820514 
4502.564102564103 4043.076923076924 4438.461538461539 4578.461538461539 4501.025641025642 4668.717948717949 4796.410256410257 3988.205128205129 4695.8974358974365 4415.8974358974365 4083.589743589744 4260.512820512821 4593.846153846154 4372.820512820514 
4504.102564102564 4046.666666666667 4440.000000000001 4584.102564102564 4495.8974358974365 4668.717948717949 4795.8974358974365 3986.666666666667 4695.8974358974365 4400.000000000001 4085.1282051282055 4264.615384615385 4594.358974358975 4375.384615384616 
4506.153846153847 4045.6410256410263 4441.538461538462 4591.794871794872 4498.974358974359 4667.179487179488 4798.974358974359 3987.1794871794878 4696.410256410257 4405.128205128206 4084.615384615385 4266.666666666667 4593.846153846154 4374.358974358975 
4503.589743589744 4042.564102564103 4446.666666666667 4568.717948717949 4502.051282051282 4666.666666666667 4800.512820512821 3986.1538461538466 4695.8974358974365 4415.384615384616 4084.615384615385 4241.025641025642 4594.358974358975 4371.282051282052 
4498.461538461539 4045.1282051282055 4451.794871794872 4548.717948717949 4501.025641025642 4671.282051282052 4801.025641025642 3989.23076923077 4698.461538461539 4406.666666666667 4087.1794871794878 4224.102564102564 4595.384615384616 4371.282051282052 
4495.384615384616 4044.1025641025644 4449.2307692307695 4524.102564102564 4498.461538461539 4669.2307692307695 4798.461538461539 3984.615384615385 4695.8974358974365 4339.48717948718 4086.1538461538466 4192.307692307693 4590.769230769231 4368.717948717949 
4490.256410256411 4038.9743589743593 4445.641025641026 4497.435897435898 4498.461538461539 4663.589743589744 4796.410256410257 3978.461538461539 4687.179487179488 4256.410256410257 4083.589743589744 4158.461538461539 4586.666666666667 4365.641025641026 
4486.666666666667 4037.435897435898 4450.769230769231 4474.358974358975 4497.948717948719 4661.538461538462 4797.948717948719 3974.8717948717954 4683.076923076924 4226.666666666667 4082.564102564103 4131.282051282052 4588.717948717949 4366.666666666667 
4486.666666666667 4035.8974358974365 4447.6923076923085 4433.333333333334 4497.435897435898 4660.000000000001 4798.974358974359 3973.8461538461543 4686.666666666667 4212.820512820514 4081.538461538462 4081.538461538462 4590.769230769231 4365.128205128206 
4486.666666666667 4034.358974358975 4444.615384615385 4428.717948717949 4496.410256410257 4662.051282051282 4797.435897435898 3974.358974358975 4686.153846153847 4194.871794871796 4080.5128205128212 4066.666666666667 4589.743589743591 4362.051282051282 
4483.076923076924 4033.8461538461543 4443.076923076924 4429.2307692307695 4494.358974358975 4662.051282051282 4796.923076923077 3975.3846153846157 4682.564102564103 4205.641025641026 4080.0000000000005 4070.7692307692314 4590.769230769231 4362.564102564103 
4485.128205128206 4038.9743589743593 4449.2307692307695 4453.333333333334 4498.461538461539 4665.128205128206 4802.051282051282 3975.3846153846157 4683.589743589744 4198.461538461539 4078.9743589743593 4100.512820512821 4592.307692307693 4365.128205128206 
4490.256410256411 4040.0000000000005 4448.205128205129 4466.153846153847 4499.48717948718 4667.179487179488 4801.025641025642 3973.8461538461543 4684.102564102564 4185.641025641026 4078.461538461539 4117.948717948719 4593.333333333334 4367.179487179487 
4493.846153846154 4042.564102564103 4447.6923076923085 4507.179487179488 4501.025641025642 4674.358974358975 4802.051282051282 3978.9743589743593 4690.256410256411 4300.512820512821 4083.076923076924 4167.179487179487 4594.871794871796 4368.717948717949 
4494.871794871796 4043.589743589744 4447.6923076923085 4542.051282051282 4501.538461538462 4672.820512820514 4802.051282051282 3983.076923076924 4695.8974358974365 4397.948717948719 4086.1538461538466 4210.256410256411 4594.358974358975 4369.2307692307695 
4500.512820512821 4044.615384615385 4451.282051282052 4567.6923076923085 4506.153846153847 4672.820512820514 4804.615384615386 3984.1025641025644 4700.000000000001 4427.6923076923085 4083.076923076924 4243.589743589744 4592.307692307693 4369.743589743591 
4504.615384615385 4044.1025641025644 4445.641025641026 4589.743589743591 4503.589743589744 4670.769230769231 4804.615384615386 3980.0000000000005 4697.435897435898 4414.358974358975 4083.076923076924 4265.128205128206 4594.358974358975 4371.794871794872 
4500.512820512821 4044.1025641025644 4438.461538461539 4582.564102564103 4501.538461538462 4670.256410256411 4805.128205128206 3980.5128205128212 4696.923076923077 4440.512820512821 4086.1538461538466 4258.974358974359 4596.410256410257 4371.282051282052 
4495.8974358974365 4042.564102564103 4437.435897435898 4558.974358974359 4502.051282051282 4669.2307692307695 4803.076923076924 3983.589743589744 4698.974358974359 4436.923076923077 4084.615384615385 4241.538461538462 4595.8974358974365 4371.282051282052 
4500.512820512821 4042.564102564103 4437.948717948719 4551.282051282052 4501.538461538462 4669.743589743591 4803.589743589744 3986.666666666667 4701.025641025642 4425.128205128206 4081.538461538462 4231.794871794872 4592.820512820514 4371.794871794872 
4501.025641025642 4043.076923076924 4431.794871794872 4524.102564102564 4497.948717948719 4666.153846153847 4803.076923076924 3981.538461538462 4696.410256410257 4416.923076923077 4082.0512820512827 4201.025641025642 4594.358974358975 4371.794871794872 
4500.512820512821 4044.1025641025644 4433.333333333334 4502.564102564103 4501.538461538462 4667.6923076923085 4804.615384615386 3981.0256410256416 4694.358974358975 4363.076923076924 4082.564102564103 4181.025641025642 4597.435897435898 4372.820512820514 
4504.102564102564 4045.6410256410263 4435.384615384616 4481.538461538462 4505.128205128206 4669.743589743591 4805.128205128206 3977.9487179487182 4694.871794871796 4282.051282051282 4081.538461538462 4156.410256410257 4597.435897435898 4370.256410256411 
4505.128205128206 4046.666666666667 4435.384615384616 4456.410256410257 4505.128205128206 4671.794871794872 4806.153846153847 3973.333333333334 4691.794871794872 4229.74358974359 4082.564102564103 4126.666666666667 4595.384615384616 4367.6923076923085 
4501.025641025642 4048.717948717949 4434.871794871796 4427.6923076923085 4505.128205128206 4675.384615384616 4808.205128205129 3971.7948717948725 4687.179487179488 4226.666666666667 4080.5128205128212 4101.025641025642 4593.333333333334 4371.794871794872 
4498.461538461539 4051.7948717948725 4432.307692307693 4403.589743589744 4505.128205128206 4675.384615384616 4809.2307692307695 3972.820512820513 4687.6923076923085 4233.333333333334 4076.9230769230776 4075.8974358974365 4593.846153846154 4370.256410256411 
4501.538461538462 4053.333333333334 4432.820512820514 4410.256410256411 4508.205128205129 4676.923076923077 4810.769230769231 3971.7948717948725 4687.179487179488 4229.2307692307695 4076.9230769230776 4078.461538461539 4593.333333333334 4361.025641025642 
4504.102564102564 4056.9230769230776 4436.410256410257 4429.743589743591 4510.769230769231 4682.564102564103 4814.358974358975 3977.435897435898 4690.256410256411 4242.564102564103 4077.9487179487187 4099.48717948718 4594.871794871796 4360.512820512821 
4509.743589743591 4066.1538461538466 4443.076923076924 4470.769230769231 4513.846153846154 4689.2307692307695 4820.000000000001 3981.0256410256416 4695.384615384616 4262.051282051282 4081.0256410256416 4142.051282051282 4595.384615384616 4369.2307692307695 
4517.435897435898 4070.7692307692314 4443.076923076924 4504.615384615385 4513.333333333334 4686.666666666667 4818.461538461539 3978.9743589743593 4694.871794871796 4293.846153846154 4084.1025641025644 4178.974358974359 4595.8974358974365 4372.820512820514 
4526.153846153847 4077.9487179487187 4453.333333333334 4557.948717948719 4519.48717948718 4694.871794871796 4820.512820512821 3985.1282051282055 4698.461538461539 4377.435897435898 4085.1282051282055 4236.923076923077 4599.48717948718 4372.820512820514 
4528.205128205129 4080.5128205128212 4456.923076923077 4595.384615384616 4519.48717948718 4698.974358974359 4820.512820512821 3989.23076923077 4704.102564102564 4435.384615384616 4087.692307692308 4279.48717948718 4601.538461538462 4377.435897435898 
4533.846153846154 4083.076923076924 4464.615384615385 4638.974358974359 4522.051282051282 4704.102564102564 4825.641025641026 3992.307692307693 4709.2307692307695 4482.051282051282 4093.8461538461543 4332.820512820514 4603.589743589744 4382.051282051282 
4536.410256410257 4081.538461538462 4471.282051282052 4662.051282051282 4521.538461538462 4703.589743589744 4826.153846153847 3988.717948717949 4708.205128205129 4476.410256410257 4093.8461538461543 4354.358974358975 4606.153846153847 4383.076923076924 
4536.410256410257 4081.0256410256416 4476.410256410257 4673.333333333334 4523.076923076924 4708.717948717949 4829.743589743591 3994.358974358975 4712.820512820514 4504.615384615385 4092.820512820513 4358.461538461539 4610.769230769231 4381.025641025642 
4531.794871794872 4075.3846153846157 4473.846153846154 4653.333333333334 4525.128205128206 4706.153846153847 4830.769230769231 3993.333333333334 4713.846153846154 4522.564102564103 4092.307692307693 4344.102564102564 4606.666666666667 4379.48717948718 
4521.025641025642 4062.0512820512827 4467.179487179487 4618.461538461539 4523.076923076924 4700.512820512821 4830.256410256411 3989.7435897435903 4710.769230769231 4481.538461538462 4092.307692307693 4311.794871794872 4601.538461538462 4378.461538461539 
4510.256410256411 4052.307692307693 4464.102564102564 4570.256410256411 4517.435897435898 4698.461538461539 4827.179487179488 3981.538461538462 4702.051282051282 4374.871794871796 4089.7435897435903 4239.48717948718 4602.051282051282 4376.410256410257 
4501.538461538462 4043.589743589744 4460.000000000001 4541.025641025642 4516.923076923077 4694.871794871796 4827.6923076923085 3981.0256410256416 4698.974358974359 4298.974358974359 4088.205128205129 4197.948717948719 4601.538461538462 4373.333333333334 
4504.102564102564 4044.1025641025644 4462.564102564103 4542.051282051282 4521.025641025642 4695.8974358974365 4833.333333333334 3977.9487179487182 4697.948717948719 4265.128205128206 4087.692307692308 4180.000000000001 4599.48717948718 4372.820512820514 
4503.076923076924 4043.076923076924 4453.846153846154 4513.846153846154 4515.384615384616 4689.743589743591 4829.743589743591 3972.820512820513 4695.384615384616 4230.769230769231 4085.1282051282055 4124.615384615385 4600.000000000001 4372.820512820514 
4509.2307692307695 4046.666666666667 4455.384615384616 4513.333333333334 4513.333333333334 4690.769230769231 4827.6923076923085 3976.410256410257 4696.923076923077 4220.000000000001 4083.589743589744 4109.2307692307695 4603.076923076924 4372.307692307693 
4506.153846153847 4044.1025641025644 4453.333333333334 4504.102564102564 4509.2307692307695 4686.666666666667 4827.179487179488 3975.3846153846157 4699.48717948718 4235.8974358974365 4083.589743589744 4090.7692307692314 4603.589743589744 4370.256410256411 
4506.153846153847 4047.1794871794878 4455.8974358974365 4525.641025641026 4511.794871794872 4693.333333333334 4831.282051282052 3976.410256410257 4700.512820512821 4236.410256410257 4083.076923076924 4108.717948717949 4605.128205128206 4371.794871794872 
4506.153846153847 4046.666666666667 4452.307692307693 4510.769230769231 4510.256410256411 4687.6923076923085 4826.666666666667 3974.358974358975 4695.8974358974365 4228.717948717949 4080.0000000000005 4106.666666666667 4605.641025641026 4373.333333333334 
4507.179487179488 4048.205128205129 4455.384615384616 4523.589743589744 4511.794871794872 4689.743589743591 4830.769230769231 3983.076923076924 4702.051282051282 4300.512820512821 4080.5128205128212 4137.948717948719 4604.615384615385 4372.820512820514 
4503.589743589744 4045.1282051282055 4453.333333333334 4525.641025641026 4510.256410256411 4690.256410256411 4830.256410256411 3980.0000000000005 4702.564102564103 4370.256410256411 4082.0512820512827 4149.74358974359 4601.538461538462 4372.307692307693 
4504.102564102564 4048.205128205129 4456.923076923077 4541.538461538462 4518.461538461539 4694.871794871796 4832.820512820514 3985.1282051282055 4706.666666666667 4418.974358974359 4084.615384615385 4169.2307692307695 4601.025641025642 4372.820512820514 
4508.717948717949 4054.358974358975 4464.615384615385 4571.794871794872 4524.102564102564 4699.48717948718 4837.435897435898 3988.717948717949 4711.282051282052 4440.000000000001 4084.615384615385 4200.000000000001 4599.48717948718 4373.333333333334 
4512.307692307693 4057.9487179487182 4470.256410256411 4594.358974358975 4528.717948717949 4712.307692307693 4846.666666666667 3994.358974358975 4716.923076923077 4490.256410256411 4085.1282051282055 4223.589743589744 4598.974358974359 4373.333333333334 
4521.025641025642 4062.564102564103 4473.846153846154 4609.743589743591 4533.846153846154 4721.538461538462 4850.769230769231 3988.717948717949 4711.794871794872 4487.179487179488 4085.1282051282055 4220.000000000001 4597.435897435898 4373.846153846154 
4526.666666666667 4069.7435897435903 4474.871794871796 4612.820512820514 4541.025641025642 4723.589743589744 4855.384615384616 3989.23076923077 4713.846153846154 4489.2307692307695 4085.1282051282055 4200.000000000001 4598.461538461539 4373.333333333334 
4529.743589743591 4074.8717948717954 4480.512820512821 4626.666666666667 4546.666666666667 4731.794871794872 4861.538461538462 3992.307692307693 4718.974358974359 4522.564102564103 4084.615384615385 4184.102564102564 4599.48717948718 4373.846153846154 
4526.666666666667 4068.205128205129 4471.282051282052 4599.48717948718 4538.974358974359 4728.205128205129 4854.871794871796 3989.7435897435903 4715.384615384616 4511.794871794872 4083.076923076924 4132.307692307693 4599.48717948718 4374.358974358975 
4523.589743589744 4062.564102564103 4460.000000000001 4562.564102564103 4532.307692307693 4716.923076923077 4844.615384615386 3981.538461538462 4705.641025641026 4391.282051282052 4079.48717948718 4067.1794871794878 4597.948717948719 4372.307692307693 
4512.820512820514 4051.2820512820517 4440.512820512821 4495.384615384616 4516.410256410257 4691.282051282052 4829.2307692307695 3966.1538461538466 4693.333333333334 4243.076923076924 4075.8974358974365 3976.9230769230776 4595.8974358974365 4367.6923076923085 
4501.538461538462 4038.9743589743593 4421.538461538462 4428.205128205129 4500.000000000001 4669.743589743591 4816.410256410257 3956.410256410257 4685.641025641026 4184.615384615385 4074.358974358975 3893.333333333334 4596.923076923077 4363.589743589744 
4484.102564102564 4025.1282051282055 4394.871794871796 4344.615384615385 4481.025641025642 4645.128205128206 4797.948717948719 3949.2307692307695 4679.48717948718 4141.025641025642 4064.615384615385 3796.410256410257 4595.8974358974365 4360.512820512821 
4471.794871794872 4019.48717948718 4376.923076923077 4286.153846153847 4468.717948717949 4632.820512820514 4786.666666666667 3947.1794871794878 4678.461538461539 4073.8461538461543 4058.461538461539 3748.717948717949 4593.846153846154 4357.948717948719 
4466.153846153847 4014.8717948717954 4368.717948717949 4253.846153846154 4460.512820512821 4622.051282051282 4780.000000000001 3942.0512820512827 4675.8974358974365 4054.8717948717954 4060.0000000000005 3728.205128205129 4593.333333333334 4356.410256410257 
4462.564102564103 4010.7692307692314 4361.025641025642 4233.846153846154 4461.025641025642 4615.384615384616 4774.871794871796 3937.9487179487182 4670.769230769231 4038.461538461539 4060.0000000000005 3741.538461538462 4594.871794871796 4356.410256410257 
4456.410256410257 4009.23076923077 4353.333333333334 4212.820512820514 4458.974358974359 4611.794871794872 4771.282051282052 3936.410256410257 4666.153846153847 4043.589743589744 4057.435897435898 3757.9487179487182 4593.846153846154 4356.923076923077 
4450.769230769231 4006.666666666667 4348.717948717949 4207.179487179487 4454.358974358975 4607.6923076923085 4772.307692307693 3936.9230769230776 4667.6923076923085 4135.8974358974365 4055.8974358974365 3780.0000000000005 4589.2307692307695 4356.410256410257 
4452.307692307693 4006.666666666667 4349.743589743591 4227.179487179487 4456.923076923077 4607.6923076923085 4771.794871794872 3941.538461538462 4673.333333333334 4201.538461538462 4058.9743589743593 3826.666666666667 4591.794871794872 4358.461538461539 
4458.974358974359 4014.8717948717954 4363.076923076924 4271.794871794872 4464.102564102564 4617.435897435898 4776.410256410257 3948.205128205129 4678.974358974359 4296.410256410257 4060.5128205128212 3891.7948717948725 4592.820512820514 4359.48717948718 
4468.717948717949 4022.0512820512827 4378.461538461539 4321.025641025642 4472.307692307693 4629.2307692307695 4788.205128205129 3954.358974358975 4683.589743589744 4376.923076923077 4063.589743589744 3960.5128205128212 4592.307692307693 4361.025641025642 
4478.461538461539 4026.666666666667 4391.282051282052 4380.512820512821 4486.666666666667 4640.512820512821 4798.461538461539 3958.461538461539 4685.641025641026 4415.8974358974365 4068.717948717949 4011.2820512820517 4590.769230769231 4361.538461538462 
4480.512820512821 4030.2564102564106 4394.358974358975 4383.589743589744 4490.256410256411 4642.564102564103 4798.461538461539 3959.48717948718 4684.102564102564 4384.615384615385 4070.2564102564106 4021.538461538462 4589.743589743591 4361.538461538462 
4480.512820512821 4032.820512820513 4405.128205128206 4390.256410256411 4489.2307692307695 4647.6923076923085 4802.564102564103 3961.538461538462 4686.153846153847 4397.435897435898 4069.7435897435903 4031.2820512820517 4588.205128205129 4363.076923076924 
4477.948717948719 4030.2564102564106 4405.641025641026 4396.923076923077 4487.179487179488 4647.6923076923085 4803.589743589744 3957.435897435898 4685.641025641026 4396.923076923077 4069.7435897435903 4013.8461538461543 4587.179487179488 4362.564102564103 
4482.051282051282 4032.307692307693 4411.794871794872 4424.102564102564 4493.333333333334 4654.871794871796 4810.769230769231 3958.9743589743593 4685.641025641026 4355.8974358974365 4072.820512820513 4027.692307692308 4586.666666666667 4359.48717948718 
4486.666666666667 4032.820512820513 4416.923076923077 4426.666666666667 4492.820512820514 4650.769230769231 4809.2307692307695 3953.8461538461543 4682.051282051282 4278.461538461539 4069.7435897435903 4008.205128205129 4583.589743589744 4358.974358974359 
4489.2307692307695 4034.358974358975 4420.512820512821 4433.333333333334 4495.8974358974365 4652.820512820514 4808.717948717949 3954.358974358975 4680.000000000001 4207.6923076923085 4070.2564102564106 4001.0256410256416 4585.641025641026 4362.564102564103 
4491.282051282052 4035.8974358974365 4425.641025641026 4447.179487179487 4496.410256410257 4657.948717948719 4812.820512820514 3952.307692307693 4675.8974358974365 4218.974358974359 4074.358974358975 4014.358974358975 4585.641025641026 4364.102564102564 
4498.461538461539 4041.538461538462 4427.179487179487 4454.358974358975 4498.461538461539 4662.564102564103 4818.461538461539 3954.358974358975 4678.461538461539 4232.820512820514 4074.358974358975 4015.3846153846157 4587.6923076923085 4361.025641025642 
4500.512820512821 4044.1025641025644 4424.615384615385 4458.461538461539 4498.974358974359 4660.512820512821 4815.8974358974365 3952.307692307693 4679.48717948718 4211.794871794872 4072.307692307693 4017.435897435898 4589.2307692307695 4359.48717948718 
4493.846153846154 4041.538461538462 4418.461538461539 4437.435897435898 4496.923076923077 4657.948717948719 4812.820512820514 3948.717948717949 4676.923076923077 4192.820512820514 4072.307692307693 4018.461538461539 4587.6923076923085 4361.538461538462 
4487.179487179488 4036.410256410257 4413.846153846154 4440.512820512821 4497.435897435898 4660.000000000001 4815.8974358974365 3948.717948717949 4674.358974358975 4194.871794871796 4072.820512820513 4061.0256410256416 4582.051282051282 4364.102564102564 
4511.282051282052 4056.9230769230776 4430.256410256411 4475.8974358974365 4510.769230769231 4678.974358974359 4827.179487179488 3961.538461538462 4684.102564102564 4234.358974358975 4076.410256410257 4117.948717948719 4596.410256410257 4369.743589743591 
4483.076923076924 4030.7692307692314 4406.666666666667 4420.512820512821 4490.256410256411 4648.717948717949 4805.641025641026 3938.461538461539 4670.256410256411 4315.384615384616 4070.2564102564106 4078.461538461539 4576.410256410257 4360.000000000001 
4458.974358974359 4010.2564102564106 4378.974358974359 4431.282051282052 4474.871794871796 4625.641025641026 4795.384615384616 3951.7948717948725 4678.974358974359 4355.8974358974365 4072.820512820513 4116.410256410257 4569.2307692307695 4355.8974358974365 
4518.461538461539 4064.1025641025644 4443.076923076924 4630.769230769231 4522.564102564103 4691.794871794872 4840.000000000001 3979.48717948718 4702.051282051282 4395.384615384616 4087.1794871794878 4356.923076923077 4594.871794871796 4372.307692307693 
4512.307692307693 4048.717948717949 4421.025641025642 4575.384615384616 4497.435897435898 4656.410256410257 4808.205128205129 3946.1538461538466 4682.051282051282 4356.923076923077 4084.1025641025644 4336.410256410257 4596.923076923077 4378.974358974359 
4490.769230769231 4034.358974358975 4408.205128205129 4644.615384615385 4498.974358974359 4657.435897435898 4816.923076923077 3969.2307692307695 4695.8974358974365 4434.871794871796 4086.666666666667 4391.794871794872 4583.076923076924 4373.846153846154 
4509.743589743591 4052.820512820513 4444.615384615385 4715.384615384616 4529.2307692307695 4698.974358974359 4848.717948717949 3968.717948717949 4695.384615384616 4432.820512820514 4090.2564102564106 4429.743589743591 4572.307692307693 4371.794871794872 
4485.128205128206 4023.589743589744 4388.717948717949 4395.384615384616 4478.974358974359 4630.769230769231 4791.794871794872 3933.8461538461543 4670.769230769231 4365.128205128206 4073.333333333334 4133.333333333334 4585.128205128206 4368.717948717949 
4475.8974358974365 4027.1794871794878 4390.256410256411 4389.2307692307695 4494.871794871796 4652.307692307693 4815.8974358974365 3977.435897435898 4694.871794871796 4341.025641025642 4069.23076923077 4027.1794871794878 4587.179487179488 4361.538461538462 
4536.923076923077 4081.0256410256416 4476.923076923077 4669.743589743591 4563.076923076924 4750.769230769231 4888.205128205129 3983.589743589744 4701.538461538462 4298.974358974359 4078.461538461539 4058.461538461539 4582.051282051282 4364.615384615385 
4489.2307692307695 4016.9230769230776 4386.153846153847 4444.615384615385 4483.076923076924 4642.564102564103 4802.564102564103 3904.615384615385 4654.358974358975 4327.6923076923085 4062.0512820512827 3876.9230769230776 4571.282051282052 4357.948717948719 
4442.051282051282 3987.692307692308 4323.589743589744 4254.871794871796 4442.564102564103 4582.051282051282 4763.589743589744 3944.615384615385 4678.461538461539 4344.615384615385 4063.589743589744 3976.9230769230776 4586.153846153847 4354.871794871796 
4494.871794871796 4058.9743589743593 4431.794871794872 4486.666666666667 4527.6923076923085 4697.435897435898 4851.794871794872 3994.8717948717954 4707.179487179488 4233.846153846154 4084.615384615385 4277.948717948719 4588.205128205129 4363.589743589744 
4494.358974358975 4048.205128205129 4431.794871794872 4444.102564102564 4516.923076923077 4686.666666666667 4838.461538461539 3935.3846153846157 4668.205128205129 4118.974358974359 4077.435897435898 4150.256410256411 4574.358974358975 4363.076923076924 
4456.923076923077 4006.666666666667 4360.000000000001 4311.794871794872 4468.717948717949 4618.974358974359 4792.820512820514 3928.205128205129 4665.641025641026 4151.794871794872 4067.692307692308 4050.7692307692314 4582.051282051282 4357.948717948719 
4480.000000000001 4038.9743589743593 4404.102564102564 4455.384615384616 4509.2307692307695 4670.256410256411 4834.871794871796 3965.6410256410263 4688.717948717949 4172.307692307693 4077.435897435898 4218.974358974359 4582.564102564103 4360.512820512821 
4476.923076923077 4032.820512820513 4401.025641025642 4447.6923076923085 4500.000000000001 4657.948717948719 4824.102564102564 3937.9487179487182 4669.743589743591 4173.846153846154 4074.8717948717954 4182.564102564103 4575.384615384616 4362.051282051282 
4467.6923076923085 4019.48717948718 4381.025641025642 4467.179487179487 4489.2307692307695 4645.128205128206 4818.461538461539 3950.2564102564106 4681.538461538462 4276.410256410257 4075.3846153846157 4217.435897435898 4580.000000000001 4364.102564102564 
4470.256410256411 4016.9230769230776 4386.666666666667 4513.846153846154 4492.820512820514 4652.820512820514 4823.076923076924 3948.205128205129 4687.6923076923085 4312.307692307693 4078.9743589743593 4268.717948717949 4578.974358974359 4364.102564102564 
4460.512820512821 4005.6410256410263 4369.743589743591 4516.410256410257 4477.948717948719 4633.846153846154 4807.179487179488 3949.2307692307695 4689.743589743591 4346.153846153847 4082.564102564103 4288.717948717949 4585.128205128206 4364.102564102564 
4491.794871794872 4037.9487179487182 4422.051282051282 4665.128205128206 4515.8974358974365 4686.153846153847 4849.2307692307695 3976.9230769230776 4703.589743589744 4390.256410256411 4089.7435897435903 4421.025641025642 4587.6923076923085 4371.794871794872 
4465.641025641026 3998.9743589743593 4370.256410256411 4541.538461538462 4468.205128205129 4621.538461538462 4798.461538461539 3923.589743589744 4666.153846153847 4328.717948717949 4076.410256410257 4288.717948717949 4577.948717948719 4372.307692307693 
4457.948717948719 3998.9743589743593 4353.333333333334 4532.820512820514 4470.256410256411 4624.102564102564 4804.615384615386 3974.358974358975 4698.461538461539 4398.974358974359 4084.615384615385 4346.666666666667 4597.435897435898 4370.769230769231 
4565.128205128206 4122.051282051282 4543.589743589744 4924.615384615386 4624.102564102564 4829.743589743591 4958.461538461539 4045.1282051282055 4751.282051282052 4497.435897435898 4107.6923076923085 4591.794871794872 4594.358974358975 4376.410256410257 
4571.282051282052 4112.307692307693 4548.205128205129 4818.461538461539 4610.769230769231 4814.871794871796 4942.051282051283 3967.1794871794878 4709.2307692307695 4430.256410256411 4087.692307692308 4221.025641025642 4572.307692307693 4374.871794871796 
4473.846153846154 3999.48717948718 4377.435897435898 4363.589743589744 4470.769230769231 4628.717948717949 4803.076923076924 3893.333333333334 4658.461538461539 4246.666666666667 4056.410256410257 3688.205128205129 4577.435897435898 4362.564102564103 
4453.846153846154 3985.1282051282055 4341.538461538462 4313.333333333334 4454.871794871796 4604.615384615385 4790.256410256411 3937.435897435898 4679.48717948718 4166.666666666667 4059.48717948718 3701.0256410256416 4597.948717948719 4356.923076923077 
4509.2307692307695 4046.666666666667 4442.051282051282 4543.589743589744 4529.2307692307695 4706.666666666667 4865.128205128206 3961.538461538462 4694.871794871796 4160.512820512821 4070.7692307692314 3900.0000000000005 4592.820512820514 4361.538461538462 
4481.025641025642 4011.2820512820517 4389.743589743591 4410.769230769231 4481.025641025642 4642.051282051282 4815.8974358974365 3909.2307692307695 4665.128205128206 4132.307692307693 4060.5128205128212 3743.589743589744 4587.179487179488 4361.538461538462 
4478.974358974359 4014.358974358975 4386.666666666667 4429.743589743591 4482.564102564103 4643.589743589744 4821.025641025642 3938.9743589743593 4684.102564102564 4133.846153846154 4066.1538461538466 3794.358974358975 4597.435897435898 4364.615384615385 
4496.410256410257 4030.7692307692314 4413.333333333334 4495.384615384616 4500.000000000001 4669.2307692307695 4836.410256410257 3934.358974358975 4682.051282051282 4154.871794871796 4067.1794871794878 3848.205128205129 4592.820512820514 4366.153846153847 
4489.2307692307695 4020.5128205128212 4398.974358974359 4467.179487179487 4488.205128205129 4655.8974358974365 4827.179487179488 3933.8461538461543 4682.051282051282 4171.282051282052 4067.1794871794878 3831.7948717948725 4596.923076923077 4365.641025641026 
4492.307692307693 4025.1282051282055 4411.794871794872 4490.256410256411 4498.974358974359 4667.6923076923085 4837.948717948719 3938.461538461539 4685.128205128206 4174.358974358975 4069.23076923077 3865.1282051282055 4595.8974358974365 4364.615384615385 
4477.435897435898 4011.7948717948725 4397.948717948719 4457.435897435898 4488.717948717949 4653.846153846154 4828.717948717949 3929.7435897435903 4680.000000000001 4255.384615384616 4062.564102564103 3837.9487179487182 4584.102564102564 4358.974358974359 
4478.974358974359 4015.3846153846157 4398.461538461539 4458.974358974359 4492.820512820514 4660.512820512821 4835.8974358974365 3948.205128205129 4693.846153846154 4405.641025641026 4064.1025641025644 3865.6410256410263 4588.205128205129 4360.000000000001 
4513.333333333334 4047.1794871794878 4436.410256410257 4583.076923076924 4517.948717948719 4692.820512820514 4856.410256410257 3963.589743589744 4711.794871794872 4550.769230769231 4074.358974358975 4021.538461538462 4606.666666666667 4373.846153846154 
4464.102564102564 3999.48717948718 4392.307692307693 4444.102564102564 4485.641025641026 4643.589743589744 4823.076923076924 3918.9743589743593 4677.435897435898 4288.205128205129 4060.5128205128212 3862.564102564103 4575.8974358974365 4360.000000000001 
4490.256410256411 4032.307692307693 4408.205128205129 4485.641025641026 4508.205128205129 4682.564102564103 4855.8974358974365 3978.461538461539 4717.435897435898 4494.358974358975 4068.205128205129 3919.48717948718 4604.615384615385 4360.512820512821 
4735.8974358974365 4261.538461538462 4640.000000000001 5286.153846153847 4661.025641025642 4912.820512820514 5007.179487179488 4113.846153846154 4846.666666666667 5466.153846153847 4129.2307692307695 4837.435897435898 4732.820512820514 4438.974358974359 
4817.948717948719 4320.000000000001 4732.820512820514 5636.923076923078 4698.974358974359 4968.205128205129 5034.871794871796 4067.692307692308 4839.48717948718 5540.512820512821 4148.717948717949 5211.794871794872 4739.48717948718 4477.948717948719 
4609.743589743591 4116.923076923077 4544.102564102564 4964.102564102564 4567.179487179488 4771.794871794872 4905.641025641026 3930.2564102564106 4717.948717948719 4592.820512820514 4096.923076923077 4421.538461538462 4624.102564102564 4420.512820512821 
4509.743589743591 4037.9487179487182 4442.564102564103 4568.205128205129 4521.538461538462 4696.923076923077 4868.717948717949 3945.1282051282055 4706.666666666667 4385.128205128206 4074.358974358975 3964.615384615385 4605.641025641026 4384.102564102564 
4585.641025641026 4111.282051282052 4502.564102564103 4804.615384615386 4567.6923076923085 4763.589743589744 4918.974358974359 3990.7692307692314 4745.641025641026 4668.205128205129 4099.48717948718 4226.666666666667 4652.307692307693 4407.179487179487 
4572.820512820514 4085.6410256410263 4485.128205128206 4757.948717948719 4548.205128205129 4740.512820512821 4895.384615384616 3945.1282051282055 4709.743589743591 4368.717948717949 4093.333333333334 4177.435897435898 4627.179487179488 4406.666666666667 
4535.8974358974365 4051.2820512820517 4425.128205128206 4587.6923076923085 4528.717948717949 4709.743589743591 4870.769230769231 3935.8974358974365 4694.871794871796 4178.461538461539 4102.051282051282 3983.076923076924 4613.846153846154 4392.307692307693 
4564.102564102564 4078.461538461539 4348.205128205129 4640.000000000001 4539.48717948718 4721.538461538462 4885.641025641026 3949.2307692307695 4712.307692307693 4321.025641025642 4229.2307692307695 4037.9487179487182 4634.871794871796 4392.307692307693 
4552.307692307693 4065.1282051282055 4201.025641025642 4572.820512820514 4525.641025641026 4703.589743589744 4872.307692307693 3925.6410256410263 4695.8974358974365 4223.076923076924 4390.256410256411 3976.410256410257 4611.794871794872 4380.512820512821 
4515.384615384616 4041.0256410256416 4167.6923076923085 4446.153846153847 4515.384615384616 4689.2307692307695 4852.820512820514 3918.461538461539 4681.025641025642 4142.051282051282 4374.358974358975 3832.820512820513 4585.641025641026 4362.564102564103 
4500.000000000001 4036.410256410257 4296.410256410257 4404.102564102564 4509.2307692307695 4678.974358974359 4849.2307692307695 3926.666666666667 4683.589743589744 4199.48717948718 4185.641025641026 3779.48717948718 4586.153846153847 4354.358974358975 
4504.615384615385 4045.1282051282055 4406.153846153847 4423.589743589744 4508.717948717949 4676.923076923077 4854.358974358975 3932.307692307693 4690.256410256411 4244.615384615385 4055.3846153846157 3818.9743589743593 4593.333333333334 4361.025641025642 
4493.846153846154 4039.48717948718 4404.102564102564 4417.948717948719 4509.2307692307695 4677.435897435898 4853.333333333334 3929.7435897435903 4690.256410256411 4339.48717948718 4051.2820512820517 3841.0256410256416 4586.666666666667 4365.128205128206 
4488.205128205129 4032.820512820513 4389.2307692307695 4402.051282051282 4501.538461538462 4671.282051282052 4856.410256410257 3937.435897435898 4692.307692307693 4418.461538461539 4060.5128205128212 3844.615384615385 4590.256410256411 4361.025641025642 
4499.48717948718 4040.0000000000005 4411.794871794872 4434.871794871796 4501.025641025642 4671.282051282052 4858.461538461539 3938.461538461539 4695.384615384616 4464.102564102564 4044.615384615385 3890.2564102564106 4596.923076923077 4364.615384615385 
4486.153846153847 4038.9743589743593 4405.641025641026 4402.051282051282 4502.051282051282 4671.794871794872 4849.2307692307695 3930.7692307692314 4691.794871794872 4432.307692307693 4039.48717948718 3879.48717948718 4589.743589743591 4366.153846153847 
4483.076923076924 4040.5128205128212 4399.48717948718 4398.974358974359 4505.641025641026 4678.461538461539 4853.333333333334 3935.3846153846157 4692.820512820514 4431.282051282052 4048.205128205129 3884.615384615385 4592.307692307693 4364.102564102564 
4497.435897435898 4041.0256410256416 4403.076923076924 4406.153846153847 4504.102564102564 4672.820512820514 4853.846153846154 3933.8461538461543 4692.307692307693 4440.512820512821 4050.2564102564106 3873.8461538461543 4593.846153846154 4360.512820512821 
4502.051282051282 4045.1282051282055 4404.615384615385 4408.205128205129 4507.179487179488 4674.358974358975 4850.256410256411 3933.333333333334 4695.384615384616 4421.025641025642 4049.7435897435903 3851.2820512820517 4586.666666666667 4358.974358974359 
4496.923076923077 4044.615384615385 4401.025641025642 4392.820512820514 4502.564102564103 4672.307692307693 4847.179487179488 3930.7692307692314 4691.794871794872 4341.025641025642 4048.205128205129 3816.410256410257 4583.076923076924 4358.974358974359 
4500.000000000001 4042.0512820512827 4401.538461538462 4391.282051282052 4496.410256410257 4668.205128205129 4849.2307692307695 3926.1538461538466 4683.076923076924 4222.564102564103 4047.692307692308 3797.9487179487182 4587.179487179488 4361.538461538462 
4501.538461538462 4038.461538461539 4398.461538461539 4386.666666666667 4494.358974358975 4660.000000000001 4843.076923076924 3918.461538461539 4677.948717948719 4157.435897435898 4046.1538461538466 3769.7435897435903 4589.743589743591 4363.076923076924 
4499.48717948718 4042.0512820512827 4397.435897435898 4380.000000000001 4494.871794871796 4657.948717948719 4838.461538461539 3918.9743589743593 4676.923076923077 4133.846153846154 4044.615384615385 3751.2820512820517 4591.794871794872 4362.564102564103 
4506.153846153847 4046.1538461538466 4398.974358974359 4388.717948717949 4492.820512820514 4657.948717948719 4835.8974358974365 3915.8974358974365 4672.820512820514 4110.769230769231 4046.1538461538466 3761.0256410256416 4594.358974358975 4365.128205128206 
4509.2307692307695 4043.076923076924 4390.256410256411 4375.8974358974365 4488.717948717949 4652.820512820514 4834.358974358975 3913.333333333334 4671.794871794872 4094.8717948717954 4046.666666666667 3753.333333333334 4595.8974358974365 4364.102564102564 
4503.589743589744 4042.0512820512827 4388.205128205129 4375.384615384616 4488.205128205129 4651.282051282052 4835.384615384616 3914.8717948717954 4673.846153846154 4075.3846153846157 4048.205128205129 3764.1025641025644 4598.461538461539 4361.025641025642 
4507.179487179488 4045.6410256410263 4395.8974358974365 4393.846153846154 4491.794871794872 4657.435897435898 4837.948717948719 3919.48717948718 4680.000000000001 4135.8974358974365 4050.7692307692314 3795.3846153846157 4602.564102564103 4364.615384615385 
4515.384615384616 4047.1794871794878 4409.743589743591 4440.000000000001 4495.8974358974365 4663.076923076924 4841.025641025642 3921.0256410256416 4686.153846153847 4246.153846153847 4049.23076923077 3871.2820512820517 4603.589743589744 4371.794871794872 
4482.051282051282 4016.410256410257 4385.128205128206 4351.794871794872 4475.8974358974365 4632.820512820514 4825.641025641026 3902.0512820512827 4668.205128205129 4113.846153846154 4043.076923076924 3780.512820512821 4586.666666666667 4362.051282051282 
4494.871794871796 4035.3846153846157 4402.564102564103 4399.48717948718 4487.6923076923085 4654.871794871796 4842.564102564103 3934.8717948717954 4692.307692307693 4369.743589743591 4053.333333333334 3834.8717948717954 4599.48717948718 4363.589743589744 
4514.358974358975 4051.2820512820517 4422.051282051282 4494.358974358975 4501.025641025642 4670.256410256411 4848.717948717949 3930.7692307692314 4701.025641025642 4546.153846153847 4054.8717948717954 3992.820512820513 4598.461538461539 4371.282051282052 
4368.205128205129 3911.2820512820517 4275.384615384616 4010.2564102564106 4414.358974358975 4532.307692307693 4761.025641025642 3811.7948717948725 4601.025641025642 3551.794871794872 4017.9487179487182 3445.1282051282055 4513.846153846154 4328.205128205129 
4260.000000000001 3819.48717948718 4163.076923076924 3587.1794871794878 4354.871794871796 4446.153846153847 4714.358974358975 3791.7948717948725 4558.974358974359 3014.3589743589746 3998.9743589743593 2892.820512820513 4480.000000000001 4291.282051282052 
4403.076923076924 3963.589743589744 4314.358974358975 4088.717948717949 4454.871794871796 4601.538461538462 4817.435897435898 3936.410256410257 4676.410256410257 4161.538461538462 4033.8461538461543 3452.820512820513 4568.717948717949 4330.256410256411 
4540.512820512821 4086.1538461538466 4465.128205128206 4644.102564102564 4540.512820512821 4729.743589743591 4894.358974358975 3981.0256410256416 4738.974358974359 4849.743589743591 4059.48717948718 4096.410256410257 4619.48717948718 4373.333333333334 
4497.948717948719 4039.48717948718 4422.564102564103 4504.615384615385 4511.794871794872 4681.025641025642 4864.102564102564 3916.9230769230776 4691.794871794872 4330.769230769231 4050.7692307692314 3886.666666666667 4583.589743589744 4363.076923076924 
4480.000000000001 4022.564102564103 4397.948717948719 4395.8974358974365 4497.948717948719 4662.564102564103 4853.846153846154 3921.538461538462 4684.102564102564 4188.205128205129 4046.1538461538466 3730.2564102564106 4585.128205128206 4356.923076923077 
4512.307692307693 4050.2564102564106 4430.769230769231 4507.179487179488 4514.871794871796 4691.794871794872 4873.333333333334 3935.8974358974365 4700.000000000001 4348.717948717949 4047.1794871794878 3887.692307692308 4604.102564102564 4365.641025641026 
4500.000000000001 4035.3846153846157 4411.794871794872 4461.025641025642 4504.615384615385 4675.384615384616 4864.102564102564 3908.205128205129 4685.128205128206 4167.6923076923085 4052.307692307693 3825.1282051282055 4594.358974358975 4365.128205128206 
4486.153846153847 4024.615384615385 4385.641025641026 4399.48717948718 4493.846153846154 4659.48717948718 4853.846153846154 3908.205128205129 4677.948717948719 4109.74358974359 4062.0512820512827 3743.589743589744 4592.820512820514 4364.102564102564 
4489.743589743591 4028.717948717949 4393.846153846154 4400.000000000001 4493.846153846154 4663.589743589744 4856.410256410257 3914.358974358975 4674.871794871796 4113.846153846154 4041.538461538462 3764.615384615385 4595.384615384616 4365.128205128206 
4502.564102564103 4036.9230769230776 4374.871794871796 4413.846153846154 4501.025641025642 4671.794871794872 4861.538461538462 3912.307692307693 4674.871794871796 4108.205128205129 4073.333333333334 3760.0000000000005 4601.025641025642 4366.153846153847 
4501.025641025642 4033.8461538461543 4285.641025641026 4398.461538461539 4499.48717948718 4665.641025641026 4854.358974358975 3905.6410256410263 4674.358974358975 4118.974358974359 4186.153846153847 3751.794871794872 4595.384615384616 4361.025641025642 
4487.6923076923085 4020.0000000000005 4213.846153846154 4344.615384615385 4486.666666666667 4649.743589743591 4842.051282051283 3908.205128205129 4676.923076923077 4146.153846153847 4252.820512820514 3750.2564102564106 4584.615384615385 4353.333333333334 
4492.307692307693 4026.666666666667 4218.974358974359 4370.769230769231 4494.871794871796 4658.974358974359 4849.2307692307695 3921.0256410256416 4688.205128205129 4296.410256410257 4255.384615384616 3820.512820512821 4584.102564102564 4354.871794871796 
4495.8974358974365 4036.410256410257 4244.615384615385 4409.2307692307695 4505.128205128206 4667.179487179488 4858.461538461539 3925.1282051282055 4692.820512820514 4388.205128205129 4238.461538461539 3874.8717948717954 4589.2307692307695 4358.974358974359 
4487.6923076923085 4032.820512820513 4310.256410256411 4415.384615384616 4502.051282051282 4665.128205128206 4857.948717948719 3924.615384615385 4692.820512820514 4415.8974358974365 4152.307692307693 3880.512820512821 4586.666666666667 4358.461538461539 
4483.076923076924 4030.2564102564106 4391.282051282052 4405.641025641026 4495.384615384616 4664.615384615386 4855.384615384616 3927.1794871794878 4695.384615384616 4408.205128205129 4046.666666666667 3882.0512820512827 4582.564102564103 4361.538461538462 
4489.2307692307695 4036.410256410257 4409.743589743591 4426.666666666667 4500.000000000001 4670.769230769231 4863.589743589744 3927.692307692308 4698.974358974359 4438.461538461539 4036.410256410257 3905.1282051282055 4589.2307692307695 4366.666666666667 
4487.179487179488 4029.23076923077 4385.641025641026 4411.282051282052 4497.435897435898 4663.589743589744 4863.076923076924 3919.48717948718 4693.333333333334 4391.282051282052 4054.358974358975 3869.7435897435903 4589.2307692307695 4362.564102564103 
4494.871794871796 4029.23076923077 4399.48717948718 4426.153846153847 4500.000000000001 4669.743589743591 4864.615384615386 3927.692307692308 4695.384615384616 4404.102564102564 4044.1025641025644 3866.1538461538466 4591.282051282052 4358.974358974359 
4503.589743589744 4041.0256410256416 4413.846153846154 4466.666666666667 4505.128205128206 4680.000000000001 4866.666666666667 3932.820512820513 4701.025641025642 4481.538461538462 4051.2820512820517 3895.3846153846157 4595.384615384616 4363.076923076924 
4489.743589743591 4032.307692307693 4394.358974358975 4424.615384615385 4498.461538461539 4665.641025641026 4858.461538461539 3911.2820512820517 4681.538461538462 4135.8974358974365 4055.8974358974365 3822.564102564103 4588.205128205129 4358.461538461539 
4497.948717948719 4035.3846153846157 4398.974358974359 4445.128205128206 4506.153846153847 4676.410256410257 4867.6923076923085 3917.9487179487182 4682.051282051282 4209.2307692307695 4056.9230769230776 3811.7948717948725 4590.769230769231 4356.923076923077 
4554.871794871796 4087.1794871794878 4458.974358974359 4653.333333333334 4542.051282051282 4733.846153846154 4903.589743589744 3984.1025641025644 4747.6923076923085 5156.410256410257 4075.3846153846157 4063.076923076924 4620.512820512821 4377.948717948719 
4577.435897435898 4110.256410256411 4491.794871794872 4768.205128205129 4554.871794871796 4751.794871794872 4911.282051282052 3990.2564102564106 4763.076923076924 5188.717948717949 4085.1282051282055 4207.179487179487 4625.128205128206 4394.358974358975 
4521.538461538462 4054.8717948717954 4434.358974358975 4572.307692307693 4520.512820512821 4692.307692307693 4875.384615384616 3916.410256410257 4692.307692307693 4158.461538461539 4069.23076923077 3961.0256410256416 4589.743589743591 4377.948717948719 
4491.282051282052 4025.1282051282055 4401.538461538462 4466.666666666667 4504.102564102564 4665.128205128206 4863.589743589744 3895.3846153846157 4667.179487179488 3927.692307692308 4060.5128205128212 3818.9743589743593 4580.512820512821 4364.102564102564 
4507.179487179488 4040.0000000000005 4418.974358974359 4531.794871794872 4509.743589743591 4682.051282051282 4872.307692307693 3918.9743589743593 4691.282051282052 4316.410256410257 4065.6410256410263 3889.7435897435903 4597.435897435898 4370.256410256411 
4511.794871794872 4044.615384615385 4426.153846153847 4548.205128205129 4509.743589743591 4683.589743589744 4873.846153846154 3917.435897435898 4690.769230769231 4244.615384615385 4065.6410256410263 3918.9743589743593 4598.461538461539 4373.846153846154 
4502.051282051282 4036.9230769230776 4412.820512820514 4498.974358974359 4503.076923076924 4671.282051282052 4867.6923076923085 3906.1538461538466 4682.051282051282 4191.794871794872 4058.9743589743593 3858.9743589743593 4591.794871794872 4367.179487179487 
4504.615384615385 4038.9743589743593 4409.2307692307695 4493.333333333334 4504.615384615385 4674.871794871796 4865.641025641026 3918.461538461539 4693.333333333334 4411.794871794872 4058.461538461539 3856.410256410257 4595.8974358974365 4362.051282051282 
4504.615384615385 4039.48717948718 4405.128205128206 4485.128205128206 4506.153846153847 4675.384615384616 4862.051282051283 3922.564102564103 4692.820512820514 4425.641025641026 4058.461538461539 3855.3846153846157 4594.871794871796 4360.000000000001 
4500.512820512821 4039.48717948718 4403.589743589744 4483.589743589744 4509.2307692307695 4675.8974358974365 4866.153846153847 3924.615384615385 4695.8974358974365 4462.051282051282 4054.358974358975 3855.3846153846157 4588.717948717949 4359.48717948718 
4497.435897435898 4035.3846153846157 4403.589743589744 4485.641025641026 4506.153846153847 4675.384615384616 4868.205128205129 3922.0512820512827 4697.435897435898 4447.179487179487 4054.8717948717954 3856.9230769230776 4584.615384615385 4360.512820512821 
4496.410256410257 4030.2564102564106 4403.589743589744 4481.025641025642 4502.051282051282 4673.333333333334 4864.102564102564 3921.538461538462 4696.923076923077 4447.179487179487 4057.435897435898 3852.307692307693 4586.153846153847 4360.000000000001 
4491.794871794872 4032.820512820513 4404.102564102564 4484.615384615385 4501.538461538462 4671.794871794872 4860.512820512821 3920.5128205128212 4695.8974358974365 4461.025641025642 4055.3846153846157 3855.3846153846157 4587.179487179488 4362.564102564103 
4487.179487179488 4036.410256410257 4401.538461538462 4481.538461538462 4500.000000000001 4671.282051282052 4862.051282051283 3921.0256410256416 4694.871794871796 4443.076923076924 4055.3846153846157 3849.2307692307695 4586.666666666667 4365.641025641026 
4493.333333333334 4030.7692307692314 4398.461538461539 4468.717948717949 4496.410256410257 4667.179487179488 4860.000000000001 3918.461538461539 4691.282051282052 4351.282051282052 4058.461538461539 3836.410256410257 4590.256410256411 4367.179487179487 
4500.512820512821 4027.1794871794878 4397.435897435898 4455.8974358974365 4496.923076923077 4666.153846153847 4857.948717948719 3911.7948717948725 4685.128205128206 4199.48717948718 4060.0000000000005 3820.512820512821 4595.384615384616 4366.666666666667 
4497.435897435898 4030.2564102564106 4394.358974358975 4441.025641025642 4498.974358974359 4668.205128205129 4858.461538461539 3907.692307692308 4681.538461538462 4138.974358974359 4060.0000000000005 3802.0512820512827 4592.820512820514 4362.564102564103 
4495.384615384616 4031.7948717948725 4391.794871794872 4435.384615384616 4501.538461538462 4666.666666666667 4861.025641025642 3909.7435897435903 4684.102564102564 4132.820512820514 4060.0000000000005 3794.358974358975 4588.205128205129 4361.538461538462 
4497.435897435898 4030.2564102564106 4392.307692307693 4434.358974358975 4501.025641025642 4666.153846153847 4860.000000000001 3907.692307692308 4682.564102564103 4114.358974358975 4060.5128205128212 3793.8461538461543 4586.153846153847 4362.564102564103 
4488.717948717949 4029.7435897435903 4390.769230769231 4425.641025641026 4498.461538461539 4667.179487179488 4855.8974358974365 3906.1538461538466 4677.948717948719 4112.307692307693 4060.0000000000005 3782.0512820512827 4584.102564102564 4361.025641025642 
4480.000000000001 4030.7692307692314 4385.641025641026 4413.333333333334 4496.923076923077 4662.564102564103 4854.871794871796 3904.615384615385 4676.410256410257 4086.1538461538466 4056.9230769230776 3772.307692307693 4581.538461538462 4358.974358974359 
4480.512820512821 4029.7435897435903 4380.512820512821 4395.384615384616 4494.358974358975 4657.435897435898 4855.8974358974365 3906.666666666667 4676.923076923077 4075.3846153846157 4052.820512820513 3752.307692307693 4583.589743589744 4359.48717948718 
4482.051282051282 4026.1538461538466 4379.48717948718 4393.846153846154 4493.333333333334 4658.974358974359 4854.871794871796 3915.3846153846157 4678.974358974359 4198.461538461539 4050.2564102564106 3757.435897435898 4587.179487179488 4360.000000000001 
4482.564102564103 4022.0512820512827 4375.8974358974365 4392.820512820514 4491.794871794872 4657.948717948719 4851.794871794872 3917.9487179487182 4684.102564102564 4310.256410256411 4048.717948717949 3776.9230769230776 4589.743589743591 4358.461538461539 
4487.179487179488 4025.1282051282055 4376.923076923077 4400.000000000001 4494.358974358975 4658.461538461539 4854.871794871796 3917.435897435898 4691.794871794872 4377.948717948719 4050.7692307692314 3800.0000000000005 4590.769230769231 4358.974358974359 
4485.641025641026 4026.666666666667 4376.923076923077 4390.769230769231 4494.871794871796 4658.461538461539 4852.820512820514 3919.48717948718 4693.333333333334 4398.974358974359 4052.820512820513 3809.7435897435903 4590.256410256411 4357.948717948719 
4482.051282051282 4027.692307692308 4377.948717948719 4390.256410256411 4495.8974358974365 4661.025641025642 4850.256410256411 3920.5128205128212 4692.820512820514 4431.282051282052 4051.7948717948725 3824.1025641025644 4589.2307692307695 4356.923076923077 
4482.051282051282 4026.666666666667 4374.358974358975 4379.48717948718 4493.846153846154 4657.948717948719 4849.743589743591 3917.435897435898 4692.820512820514 4411.794871794872 4051.7948717948725 3811.7948717948725 4588.717948717949 4356.410256410257 
4482.564102564103 4026.666666666667 4373.846153846154 4385.128205128206 4493.846153846154 4658.461538461539 4853.846153846154 3921.538461538462 4694.358974358975 4405.128205128206 4053.8461538461543 3807.692307692308 4588.205128205129 4356.923076923077 
4483.076923076924 4025.1282051282055 4374.358974358975 4384.615384615385 4492.820512820514 4655.8974358974365 4853.846153846154 3922.0512820512827 4692.820512820514 4408.205128205129 4052.307692307693 3792.307692307693 4587.6923076923085 4357.435897435898 
4491.282051282052 4026.666666666667 4381.538461538462 4397.948717948719 4495.8974358974365 4660.000000000001 4854.358974358975 3922.564102564103 4693.846153846154 4369.743589743591 4052.307692307693 3789.2307692307695 4587.6923076923085 4357.948717948719 
4494.871794871796 4026.666666666667 4383.076923076924 4413.846153846154 4497.435897435898 4661.538461538462 4850.256410256411 3918.9743589743593 4688.717948717949 4256.410256410257 4054.8717948717954 3791.7948717948725 4585.641025641026 4361.025641025642 
4488.717948717949 4025.1282051282055 4379.48717948718 4418.974358974359 4497.435897435898 4660.512820512821 4849.743589743591 3915.8974358974365 4678.974358974359 4137.435897435898 4055.8974358974365 3790.2564102564106 4585.128205128206 4362.051282051282 
4486.666666666667 4026.666666666667 4380.512820512821 4418.461538461539 4496.410256410257 4661.538461538462 4853.846153846154 3912.820512820513 4675.8974358974365 4113.333333333334 4054.8717948717954 3785.1282051282055 4585.641025641026 4360.512820512821 
4490.256410256411 4029.23076923077 4384.615384615385 4422.564102564103 4496.923076923077 4662.564102564103 4854.871794871796 3911.2820512820517 4678.461538461539 4114.358974358975 4057.9487179487182 3795.3846153846157 4585.128205128206 4358.461538461539 
4489.2307692307695 4028.205128205129 4388.205128205129 4437.948717948719 4497.435897435898 4662.564102564103 4852.820512820514 3909.2307692307695 4675.8974358974365 4097.948717948719 4060.5128205128212 3816.9230769230776 4582.564102564103 4358.974358974359 
4486.153846153847 4025.1282051282055 4388.205128205129 4441.538461538462 4494.871794871796 4662.051282051282 4853.333333333334 3910.2564102564106 4674.871794871796 4109.74358974359 4057.435897435898 3809.7435897435903 4584.102564102564 4358.974358974359 
4487.6923076923085 4026.666666666667 4393.846153846154 4465.641025641026 4495.384615384616 4662.564102564103 4856.923076923077 3911.7948717948725 4678.461538461539 4121.025641025642 4056.9230769230776 3838.461538461539 4584.615384615385 4361.538461538462 
4487.179487179488 4025.1282051282055 4393.846153846154 4473.333333333334 4494.358974358975 4659.48717948718 4852.307692307693 3911.7948717948725 4678.974358974359 4152.307692307693 4058.461538461539 3856.9230769230776 4585.128205128206 4364.615384615385 
4488.717948717949 4025.6410256410263 4397.435897435898 4484.615384615385 4495.8974358974365 4660.000000000001 4850.256410256411 3920.0000000000005 4685.641025641026 4312.307692307693 4057.435897435898 3882.0512820512827 4587.6923076923085 4364.102564102564 
4489.743589743591 4028.717948717949 4397.948717948719 4487.179487179488 4495.8974358974365 4660.512820512821 4850.256410256411 3926.1538461538466 4692.307692307693 4424.615384615385 4055.3846153846157 3900.0000000000005 4589.743589743591 4362.564102564103 
4491.794871794872 4033.333333333334 4400.000000000001 4498.974358974359 4498.974358974359 4665.128205128206 4852.820512820514 3929.7435897435903 4696.410256410257 4448.205128205129 4057.9487179487182 3918.461538461539 4590.769230769231 4362.564102564103 
4493.333333333334 4030.7692307692314 4402.051282051282 4502.051282051282 4500.512820512821 4665.641025641026 4852.820512820514 3927.692307692308 4694.358974358975 4426.666666666667 4060.0000000000005 3923.076923076924 4588.717948717949 4361.025641025642 
4493.333333333334 4031.7948717948725 4403.589743589744 4500.000000000001 4501.538461538462 4669.2307692307695 4853.846153846154 3929.7435897435903 4696.410256410257 4467.6923076923085 4060.5128205128212 3928.717948717949 4586.153846153847 4360.512820512821 
4489.2307692307695 4034.358974358975 4400.512820512821 4495.384615384616 4499.48717948718 4667.6923076923085 4851.794871794872 3930.2564102564106 4698.461538461539 4470.769230769231 4060.0000000000005 3916.410256410257 4585.128205128206 4362.051282051282 
4492.820512820514 4033.8461538461543 4398.974358974359 4495.8974358974365 4501.538461538462 4666.666666666667 4853.333333333334 3931.7948717948725 4696.410256410257 4442.051282051282 4057.9487179487182 3895.3846153846157 4586.666666666667 4361.025641025642 
4496.410256410257 4029.7435897435903 4398.461538461539 4493.333333333334 4502.051282051282 4666.153846153847 4851.282051282052 3927.1794871794878 4691.794871794872 4380.512820512821 4059.48717948718 3886.666666666667 4587.179487179488 4364.102564102564 
4493.846153846154 4030.7692307692314 4396.923076923077 4484.102564102564 4500.000000000001 4668.717948717949 4847.6923076923085 3924.1025641025644 4689.2307692307695 4279.48717948718 4061.538461538462 3883.076923076924 4588.205128205129 4369.2307692307695 
4495.8974358974365 4034.8717948717954 4395.8974358974365 4478.974358974359 4497.435897435898 4667.6923076923085 4847.179487179488 3920.0000000000005 4683.076923076924 4207.6923076923085 4057.435897435898 3869.7435897435903 4590.256410256411 4368.717948717949 
4504.615384615385 4035.8974358974365 4394.871794871796 4474.871794871796 4498.974358974359 4665.128205128206 4850.256410256411 3920.5128205128212 4682.051282051282 4182.564102564103 4057.435897435898 3861.0256410256416 4595.384615384616 4367.6923076923085 
4508.717948717949 4035.3846153846157 4395.384615384616 4473.333333333334 4503.076923076924 4668.205128205129 4852.307692307693 3921.538461538462 4685.641025641026 4175.384615384616 4061.0256410256416 3867.692307692308 4597.948717948719 4370.769230769231 
4507.6923076923085 4034.358974358975 4395.8974358974365 4469.2307692307695 4503.076923076924 4670.256410256411 4852.820512820514 3921.0256410256416 4684.102564102564 4159.48717948718 4061.538461538462 3866.666666666667 4593.333333333334 4368.717948717949 
4508.717948717949 4037.435897435898 4393.333333333334 4468.205128205129 4504.102564102564 4673.846153846154 4853.333333333334 3921.538461538462 4681.538461538462 4144.102564102564 4061.0256410256416 3868.205128205129 4590.769230769231 4365.641025641026 
4505.128205128206 4037.9487179487182 4389.743589743591 4460.512820512821 4505.641025641026 4672.307692307693 4851.282051282052 3924.1025641025644 4682.564102564103 4150.769230769231 4060.5128205128212 3851.7948717948725 4594.871794871796 4365.641025641026 
4499.48717948718 4036.9230769230776 4394.871794871796 4465.128205128206 4506.666666666667 4675.384615384616 4853.846153846154 3927.1794871794878 4684.102564102564 4208.717948717949 4059.48717948718 3864.1025641025644 4594.358974358975 4367.179487179487 
4498.974358974359 4036.410256410257 4396.410256410257 4465.128205128206 4504.102564102564 4676.410256410257 4852.820512820514 3930.2564102564106 4687.179487179488 4294.871794871796 4057.435897435898 3883.589743589744 4590.769230769231 4368.717948717949 
4502.051282051282 4041.0256410256416 4396.410256410257 4476.923076923077 4506.666666666667 4676.923076923077 4853.333333333334 3936.9230769230776 4693.333333333334 4400.000000000001 4058.461538461539 3907.1794871794878 4592.820512820514 4369.743589743591 
4501.025641025642 4039.48717948718 4393.333333333334 4473.333333333334 4507.179487179488 4673.846153846154 4852.307692307693 3936.9230769230776 4694.358974358975 4440.512820512821 4058.461538461539 3921.538461538462 4595.384615384616 4369.2307692307695 
4502.051282051282 4037.9487179487182 4393.846153846154 4471.282051282052 4505.641025641026 4674.871794871796 4854.358974358975 3937.9487179487182 4700.000000000001 4477.948717948719 4058.461538461539 3931.7948717948725 4595.384615384616 4368.205128205129 
4501.538461538462 4039.48717948718 4391.794871794872 4456.923076923077 4500.512820512821 4671.282051282052 4852.820512820514 3939.48717948718 4701.025641025642 4463.076923076924 4058.9743589743593 3918.461538461539 4594.358974358975 4365.641025641026 
4496.923076923077 4040.5128205128212 4387.6923076923085 4446.153846153847 4502.564102564103 4670.769230769231 4850.769230769231 3939.48717948718 4696.410256410257 4450.769230769231 4058.9743589743593 3907.692307692308 4594.871794871796 4363.076923076924 
4493.846153846154 4037.435897435898 4383.076923076924 4432.820512820514 4505.128205128206 4670.256410256411 4848.205128205129 3937.435897435898 4695.384615384616 4441.538461538462 4056.410256410257 3880.512820512821 4592.820512820514 4363.589743589744 
4496.410256410257 4037.435897435898 4384.102564102564 4428.717948717949 4501.538461538462 4670.256410256411 4849.2307692307695 3938.9743589743593 4697.435897435898 4401.538461538462 4055.3846153846157 3854.358974358975 4590.256410256411 4363.076923076924 
