4113.846153846154 4082.0512820512827 4215.8974358974365 4499.48717948718 4478.974358974359 4702.051282051282 4386.153846153847 4381.025641025642 4726.153846153847 4061.0256410256416 3944.1025641025644 4302.564102564103 4606.666666666667 4392.307692307693 
4129.2307692307695 4082.564102564103 4207.6923076923085 4497.435897435898 4480.512820512821 4698.461538461539 4393.333333333334 4381.025641025642 4724.615384615386 4062.564102564103 3939.48717948718 4300.000000000001 4607.179487179488 4394.871794871796 
4144.102564102564 4082.564102564103 4214.871794871796 4488.717948717949 4475.8974358974365 4692.307692307693 4401.538461538462 4377.435897435898 4726.153846153847 4060.0000000000005 3941.0256410256416 4305.641025641026 4614.871794871796 4398.461538461539 
4138.974358974359 4075.3846153846157 4212.307692307693 4486.153846153847 4475.8974358974365 4693.846153846154 4417.435897435898 4380.512820512821 4728.205128205129 4057.435897435898 3941.538461538462 4301.538461538462 4614.871794871796 4395.8974358974365 
4140.000000000001 4074.358974358975 4214.871794871796 4493.333333333334 4476.410256410257 4694.358974358975 4430.769230769231 4384.102564102564 4725.641025641026 4059.48717948718 3940.0000000000005 4299.48717948718 4614.871794871796 4399.48717948718 
4125.641025641026 4075.3846153846157 4226.666666666667 4496.410256410257 4477.435897435898 4695.8974358974365 4432.820512820514 4382.051282051282 4725.641025641026 4058.9743589743593 3941.0256410256416 4300.000000000001 4614.358974358975 4404.102564102564 
4102.564102564103 4074.358974358975 4235.8974358974365 4487.179487179488 4479.48717948718 4699.48717948718 4431.282051282052 4378.974358974359 4726.153846153847 4055.8974358974365 3946.1538461538466 4304.102564102564 4609.743589743591 4401.025641025642 
4093.333333333334 4075.8974358974365 4228.205128205129 4486.153846153847 4478.974358974359 4704.615384615386 4432.820512820514 4380.000000000001 4724.615384615386 4057.9487179487182 3947.692307692308 4303.076923076924 4608.205128205129 4395.8974358974365 
4097.948717948719 4076.410256410257 4217.435897435898 4500.000000000001 4478.974358974359 4706.666666666667 4435.8974358974365 4384.102564102564 4725.641025641026 4060.0000000000005 3945.1282051282055 4290.769230769231 4606.666666666667 4392.820512820514 
4114.871794871796 4080.5128205128212 4218.974358974359 4503.076923076924 4477.435897435898 4701.538461538462 4433.846153846154 4381.538461538462 4726.666666666667 4058.9743589743593 3946.1538461538466 4292.307692307693 4608.205128205129 4396.410256410257 
4120.512820512821 4081.538461538462 4225.641025641026 4487.179487179488 4478.974358974359 4703.589743589744 4420.512820512821 4377.948717948719 4725.128205128206 4058.9743589743593 3945.1282051282055 4291.282051282052 4606.666666666667 4393.846153846154 
4133.333333333334 4078.9743589743593 4259.48717948718 4484.102564102564 4475.8974358974365 4698.974358974359 4398.974358974359 4377.948717948719 4724.102564102564 4058.9743589743593 3946.1538461538466 4301.025641025642 4613.846153846154 4393.846153846154 
4131.794871794872 4070.2564102564106 4260.512820512821 4490.769230769231 4476.410256410257 4697.948717948719 4390.769230769231 4385.641025641026 4726.666666666667 4057.435897435898 3942.564102564103 4300.000000000001 4610.256410256411 4391.282051282052 
4140.000000000001 4077.9487179487187 4246.153846153847 4490.769230769231 4471.794871794872 4693.846153846154 4393.333333333334 4383.076923076924 4727.6923076923085 4060.0000000000005 3943.589743589744 4299.48717948718 4611.794871794872 4399.48717948718 
4123.589743589744 4085.6410256410263 4220.512820512821 4489.2307692307695 4479.48717948718 4698.461538461539 4400.000000000001 4381.538461538462 4728.205128205129 4059.48717948718 3937.9487179487182 4278.461538461539 4610.769230769231 4401.538461538462 
4127.6923076923085 4086.666666666667 4216.923076923077 4501.538461538462 4481.538461538462 4696.410256410257 4411.282051282052 4382.564102564103 4728.205128205129 4058.461538461539 3935.8974358974365 4271.794871794872 4613.333333333334 4404.615384615385 
4121.538461538462 4078.461538461539 4205.128205128206 4506.666666666667 4480.512820512821 4702.051282051282 4420.512820512821 4384.102564102564 4728.205128205129 4060.5128205128212 3934.358974358975 4268.717948717949 4607.179487179488 4401.025641025642 
4123.076923076924 4084.615384615385 4221.025641025642 4500.512820512821 4477.435897435898 4698.974358974359 4413.333333333334 4379.48717948718 4727.6923076923085 4062.0512820512827 3937.435897435898 4269.74358974359 4610.769230769231 4401.025641025642 
4121.538461538462 4087.1794871794878 4218.461538461539 4497.948717948719 4482.051282051282 4698.974358974359 4406.153846153847 4378.461538461539 4727.6923076923085 4058.9743589743593 3936.9230769230776 4263.076923076924 4609.743589743591 4395.384615384616 
4135.384615384616 4082.564102564103 4217.948717948719 4500.512820512821 4480.512820512821 4697.948717948719 4407.6923076923085 4378.974358974359 4727.6923076923085 4057.435897435898 3938.461538461539 4273.846153846154 4610.256410256411 4392.820512820514 
4134.871794871796 4078.461538461539 4218.974358974359 4500.000000000001 4479.48717948718 4698.974358974359 4418.461538461539 4380.512820512821 4728.205128205129 4058.461538461539 3936.9230769230776 4278.461538461539 4611.794871794872 4389.2307692307695 
4137.948717948719 4085.1282051282055 4221.025641025642 4496.410256410257 4477.435897435898 4695.384615384616 4431.282051282052 4380.000000000001 4727.179487179488 4059.48717948718 3933.333333333334 4270.256410256411 4612.820512820514 4389.743589743591 
4135.384615384616 4089.23076923077 4226.153846153847 4497.948717948719 4476.410256410257 4696.410256410257 4431.282051282052 4379.48717948718 4725.128205128206 4059.48717948718 3933.333333333334 4258.974358974359 4612.820512820514 4396.410256410257 
4126.153846153847 4087.692307692308 4225.128205128206 4501.025641025642 4480.000000000001 4699.48717948718 4427.6923076923085 4380.000000000001 4724.615384615386 4058.461538461539 3933.333333333334 4254.871794871796 4614.358974358975 4400.512820512821 
4114.358974358975 4083.589743589744 4229.2307692307695 4497.948717948719 4482.051282051282 4699.48717948718 4436.923076923077 4377.948717948719 4727.179487179488 4058.461538461539 3934.358974358975 4266.153846153847 4614.871794871796 4400.512820512821 
4089.7435897435903 4071.7948717948725 4244.102564102564 4483.076923076924 4481.538461538462 4704.615384615386 4443.076923076924 4379.48717948718 4727.179487179488 4057.9487179487182 3937.435897435898 4282.051282051282 4606.666666666667 4395.8974358974365 
4083.589743589744 4065.6410256410263 4261.025641025642 4470.256410256411 4476.923076923077 4706.666666666667 4430.769230769231 4379.48717948718 4724.102564102564 4057.9487179487182 3948.205128205129 4310.769230769231 4606.666666666667 4396.410256410257 
4084.1025641025644 4064.615384615385 4251.794871794872 4470.256410256411 4479.48717948718 4711.794871794872 4423.076923076924 4380.000000000001 4724.615384615386 4058.461538461539 3955.8974358974365 4326.153846153847 4604.615384615385 4390.769230769231 
4101.538461538462 4068.205128205129 4245.128205128206 4481.025641025642 4477.948717948719 4707.179487179488 4422.051282051282 4378.974358974359 4726.153846153847 4061.0256410256416 3959.48717948718 4340.000000000001 4608.717948717949 4390.769230769231 
4112.307692307693 4070.2564102564106 4220.000000000001 4490.769230769231 4476.923076923077 4704.102564102564 4417.435897435898 4385.641025641026 4728.205128205129 4061.538461538462 3951.7948717948725 4329.743589743591 4606.666666666667 4390.769230769231 
4147.179487179487 4082.564102564103 4202.564102564103 4505.641025641026 4470.769230769231 4690.769230769231 4402.051282051282 4384.615384615385 4729.743589743591 4060.0000000000005 3949.2307692307695 4320.000000000001 4614.871794871796 4401.538461538462 
4163.076923076924 4088.205128205129 4177.948717948719 4516.410256410257 4475.8974358974365 4689.743589743591 4387.6923076923085 4385.641025641026 4728.717948717949 4058.9743589743593 3942.564102564103 4299.48717948718 4617.948717948719 4403.076923076924 
4174.871794871796 4088.717948717949 4201.538461538462 4518.974358974359 4475.8974358974365 4686.153846153847 4382.564102564103 4387.6923076923085 4727.6923076923085 4061.0256410256416 3936.9230769230776 4289.2307692307695 4623.076923076924 4405.128205128206 
4162.051282051282 4086.1538461538466 4223.589743589744 4516.923076923077 4475.8974358974365 4687.179487179488 4392.307692307693 4389.743589743591 4729.743589743591 4058.9743589743593 3931.2820512820517 4271.282051282052 4615.8974358974365 4406.153846153847 
4165.128205128206 4090.7692307692314 4227.6923076923085 4514.871794871796 4473.333333333334 4683.076923076924 4410.256410256411 4381.538461538462 4727.179487179488 4057.435897435898 3932.820512820513 4262.051282051282 4616.410256410257 4411.282051282052 
4132.307692307693 4083.589743589744 4227.179487179487 4498.974358974359 4480.000000000001 4693.846153846154 4440.000000000001 4376.923076923077 4723.076923076924 4058.9743589743593 3933.8461538461543 4263.076923076924 4611.282051282052 4404.102564102564 
4084.615384615385 4073.333333333334 4262.564102564103 4477.948717948719 4482.564102564103 4707.179487179488 4465.641025641026 4377.948717948719 4724.615384615386 4059.48717948718 3941.538461538462 4286.153846153847 4605.128205128206 4393.846153846154 
4062.0512820512827 4065.1282051282055 4271.794871794872 4472.307692307693 4481.025641025642 4713.846153846154 4468.205128205129 4377.435897435898 4726.666666666667 4057.435897435898 3951.7948717948725 4301.538461538462 4603.076923076924 4387.6923076923085 
4073.333333333334 4064.1025641025644 4260.000000000001 4476.410256410257 4479.48717948718 4711.282051282052 4458.461538461539 4375.8974358974365 4723.076923076924 4058.9743589743593 3955.8974358974365 4302.051282051282 4603.589743589744 4386.153846153847 
4083.076923076924 4069.7435897435903 4258.974358974359 4474.358974358975 4480.000000000001 4711.794871794872 4447.6923076923085 4376.923076923077 4723.076923076924 4058.9743589743593 3953.8461538461543 4299.48717948718 4604.615384615385 4389.2307692307695 
4096.923076923077 4076.9230769230776 4234.871794871796 4472.307692307693 4483.589743589744 4715.384615384616 4434.358974358975 4378.974358974359 4728.717948717949 4057.435897435898 3947.1794871794878 4292.307692307693 4605.641025641026 4390.256410256411 
4123.076923076924 4072.307692307693 4212.820512820514 4488.717948717949 4481.025641025642 4709.2307692307695 4418.974358974359 4377.435897435898 4728.205128205129 4059.48717948718 3943.589743589744 4297.948717948719 4607.6923076923085 4391.282051282052 
4131.282051282052 4063.589743589744 4211.282051282052 4498.974358974359 4477.948717948719 4702.051282051282 4406.666666666667 4379.48717948718 4724.102564102564 4060.0000000000005 3942.0512820512827 4308.717948717949 4603.076923076924 4392.820512820514 
4150.769230769231 4078.461538461539 4214.871794871796 4488.717948717949 4475.384615384616 4692.820512820514 4397.435897435898 4378.461538461539 4724.615384615386 4061.0256410256416 3941.0256410256416 4321.538461538462 4612.820512820514 4403.589743589744 
4150.256410256411 4093.8461538461543 4190.256410256411 4487.179487179488 4482.051282051282 4695.384615384616 4399.48717948718 4380.512820512821 4726.153846153847 4060.5128205128212 3929.2307692307695 4309.743589743591 4614.871794871796 4403.076923076924 
4150.769230769231 4092.307692307693 4193.846153846154 4507.6923076923085 4477.435897435898 4690.769230769231 4408.717948717949 4382.051282051282 4725.128205128206 4060.0000000000005 3927.692307692308 4308.717948717949 4614.358974358975 4400.512820512821 
4129.2307692307695 4083.589743589744 4203.589743589744 4507.179487179488 4476.410256410257 4693.846153846154 4420.512820512821 4387.6923076923085 4726.153846153847 4060.5128205128212 3932.820512820513 4309.2307692307695 4611.794871794872 4397.948717948719 
4118.974358974359 4087.1794871794878 4227.6923076923085 4486.666666666667 4476.923076923077 4694.358974358975 4437.948717948719 4384.615384615385 4725.641025641026 4061.538461538462 3942.0512820512827 4314.871794871796 4619.48717948718 4403.076923076924 
4100.000000000001 4076.410256410257 4236.410256410257 4478.461538461539 4480.512820512821 4701.025641025642 4456.923076923077 4381.538461538462 4724.615384615386 4059.48717948718 3945.6410256410263 4302.564102564103 4612.307692307693 4395.8974358974365 
4096.923076923077 4068.205128205129 4248.205128205129 4488.717948717949 4475.8974358974365 4698.974358974359 4451.282051282052 4378.974358974359 4727.179487179488 4060.5128205128212 3952.820512820513 4299.48717948718 4609.743589743591 4390.769230769231 
4092.307692307693 4069.23076923077 4234.871794871796 4494.871794871796 4479.48717948718 4703.589743589744 4437.435897435898 4383.589743589744 4729.743589743591 4062.0512820512827 3955.8974358974365 4285.641025641026 4607.6923076923085 4387.179487179487 
4113.333333333334 4074.8717948717954 4234.358974358975 4494.871794871796 4478.974358974359 4701.025641025642 4432.307692307693 4385.128205128206 4726.666666666667 4059.48717948718 3956.410256410257 4277.435897435898 4610.769230769231 4392.307692307693 
4117.948717948719 4073.333333333334 4237.435897435898 4492.307692307693 4477.435897435898 4702.564102564103 4422.051282051282 4380.512820512821 4724.615384615386 4058.461538461539 3950.7692307692314 4278.974358974359 4608.205128205129 4394.871794871796 
4115.384615384616 4074.8717948717954 4242.051282051282 4486.153846153847 4476.923076923077 4701.025641025642 4398.461538461539 4376.410256410257 4725.128205128206 4061.538461538462 3946.666666666667 4295.384615384616 4610.256410256411 4395.8974358974365 
4116.923076923077 4072.307692307693 4232.820512820514 4483.589743589744 4477.435897435898 4698.461538461539 4380.000000000001 4380.000000000001 4725.641025641026 4060.0000000000005 3948.205128205129 4308.717948717949 4610.769230769231 4395.384615384616 
4128.205128205129 4069.7435897435903 4222.564102564103 4489.743589743591 4474.871794871796 4697.948717948719 4368.205128205129 4383.589743589744 4725.641025641026 4058.461538461539 3945.1282051282055 4315.384615384616 4608.717948717949 4400.000000000001 
4134.871794871796 4082.0512820512827 4210.256410256411 4494.871794871796 4473.333333333334 4696.923076923077 4364.102564102564 4381.025641025642 4726.153846153847 4061.0256410256416 3939.48717948718 4317.435897435898 4611.282051282052 4410.769230769231 
4132.307692307693 4092.307692307693 4188.205128205129 4496.923076923077 4479.48717948718 4696.410256410257 4370.769230769231 4381.538461538462 4728.205128205129 4060.0000000000005 3932.307692307693 4305.128205128206 4611.282051282052 4409.743589743591 
4135.384615384616 4084.615384615385 4195.384615384616 4505.641025641026 4479.48717948718 4691.282051282052 4381.025641025642 4384.102564102564 4727.179487179488 4060.5128205128212 3933.8461538461543 4310.769230769231 4612.820512820514 4401.538461538462 
4118.461538461539 4072.307692307693 4218.974358974359 4497.435897435898 4480.000000000001 4691.282051282052 4394.871794871796 4388.205128205129 4725.641025641026 4061.0256410256416 3939.48717948718 4324.102564102564 4607.6923076923085 4387.6923076923085 
4107.179487179487 4073.8461538461543 4249.2307692307695 4471.794871794872 4473.846153846154 4692.307692307693 4400.000000000001 4383.589743589744 4727.179487179488 4058.9743589743593 3947.692307692308 4344.615384615385 4609.743589743591 4385.641025641026 
4096.410256410257 4066.1538461538466 4243.076923076924 4461.025641025642 4474.871794871796 4703.589743589744 4392.820512820514 4380.512820512821 4728.205128205129 4057.435897435898 3945.6410256410263 4336.923076923077 4605.128205128206 4382.051282051282 
4115.8974358974365 4061.538461538462 4240.512820512821 4481.025641025642 4473.846153846154 4700.000000000001 4381.538461538462 4380.000000000001 4725.641025641026 4060.5128205128212 3949.2307692307695 4322.051282051282 4609.2307692307695 4384.615384615385 
4112.820512820514 4072.820512820513 4226.153846153847 4493.333333333334 4479.48717948718 4696.923076923077 4375.384615384616 4386.666666666667 4725.641025641026 4059.48717948718 3947.692307692308 4287.6923076923085 4607.179487179488 4386.666666666667 
4112.307692307693 4090.2564102564106 4232.307692307693 4488.717948717949 4478.974358974359 4697.435897435898 4365.641025641026 4385.128205128206 4726.666666666667 4057.9487179487182 3944.1025641025644 4266.666666666667 4608.717948717949 4400.000000000001 
4094.358974358975 4081.0256410256416 4235.8974358974365 4485.128205128206 4483.589743589744 4703.589743589744 4355.384615384616 4379.48717948718 4725.128205128206 4058.461538461539 3939.48717948718 4258.461538461539 4606.153846153847 4403.076923076924 
4096.410256410257 4068.205128205129 4247.179487179487 4489.743589743591 4478.974358974359 4693.333333333334 4352.307692307693 4376.410256410257 4724.615384615386 4060.5128205128212 3946.666666666667 4284.102564102564 4610.769230769231 4401.025641025642 
4104.615384615385 4071.2820512820517 4238.974358974359 4491.282051282052 4476.923076923077 4695.8974358974365 4359.48717948718 4378.974358974359 4726.666666666667 4058.9743589743593 3946.666666666667 4298.461538461539 4607.179487179488 4398.461538461539 
4126.666666666667 4088.205128205129 4228.205128205129 4494.358974358975 4476.923076923077 4700.000000000001 4362.564102564103 4375.8974358974365 4725.128205128206 4057.9487179487182 3940.0000000000005 4284.615384615385 4609.2307692307695 4401.538461538462 
4138.461538461539 4092.307692307693 4202.051282051282 4509.2307692307695 4477.948717948719 4696.410256410257 4361.025641025642 4376.923076923077 4726.153846153847 4058.461538461539 3936.410256410257 4265.128205128206 4614.358974358975 4398.461538461539 
4150.769230769231 4084.1025641025644 4190.256410256411 4515.8974358974365 4473.846153846154 4688.717948717949 4364.102564102564 4381.538461538462 4728.717948717949 4058.9743589743593 3938.9743589743593 4274.358974358975 4616.410256410257 4400.000000000001 
4143.076923076924 4077.435897435898 4214.358974358975 4496.410256410257 4474.358974358975 4691.794871794872 4370.769230769231 4381.025641025642 4727.179487179488 4058.461538461539 3941.538461538462 4290.769230769231 4612.820512820514 4404.615384615385 
4117.435897435898 4069.23076923077 4245.641025641026 4474.358974358975 4479.48717948718 4699.48717948718 4379.48717948718 4379.48717948718 4726.666666666667 4059.48717948718 3946.666666666667 4302.564102564103 4608.205128205129 4398.461538461539 
4100.512820512821 4056.9230769230776 4253.333333333334 4474.358974358975 4477.435897435898 4700.512820512821 4384.615384615385 4380.512820512821 4729.743589743591 4061.0256410256416 3954.8717948717954 4331.282051282052 4609.2307692307695 4392.307692307693 
4084.615384615385 4055.8974358974365 4246.666666666667 4473.846153846154 4475.8974358974365 4705.641025641026 4376.410256410257 4383.589743589744 4728.205128205129 4060.0000000000005 3953.333333333334 4347.179487179487 4605.128205128206 4389.743589743591 
4088.205128205129 4072.820512820513 4249.2307692307695 4471.282051282052 4477.435897435898 4708.205128205129 4353.846153846154 4382.051282051282 4724.615384615386 4059.48717948718 3949.7435897435903 4340.000000000001 4606.153846153847 4390.256410256411 
4097.948717948719 4080.5128205128212 4227.179487179487 4483.589743589744 4481.025641025642 4710.256410256411 4340.512820512821 4386.153846153847 4726.666666666667 4060.0000000000005 3942.0512820512827 4314.871794871796 4603.076923076924 4384.615384615385 
4125.128205128206 4083.589743589744 4216.410256410257 4498.461538461539 4475.384615384616 4695.8974358974365 4338.974358974359 4386.666666666667 4726.666666666667 4060.5128205128212 3940.5128205128212 4310.769230769231 4611.282051282052 4392.307692307693 
4135.8974358974365 4081.0256410256416 4204.102564102564 4494.358974358975 4477.948717948719 4691.794871794872 4337.948717948719 4387.179487179487 4725.128205128206 4058.9743589743593 3938.461538461539 4300.000000000001 4612.307692307693 4395.8974358974365 
4161.025641025642 4078.9743589743593 4216.410256410257 4488.205128205129 4475.8974358974365 4686.666666666667 4335.8974358974365 4380.000000000001 4727.6923076923085 4059.48717948718 3940.5128205128212 4295.8974358974365 4615.384615384616 4400.512820512821 
4148.717948717949 4072.307692307693 4214.871794871796 4489.743589743591 4476.923076923077 4686.153846153847 4341.538461538462 4378.461538461539 4730.769230769231 4059.48717948718 3939.48717948718 4288.717948717949 4612.307692307693 4399.48717948718 
4137.948717948719 4076.9230769230776 4225.128205128206 4496.410256410257 4474.358974358975 4682.564102564103 4346.153846153847 4380.000000000001 4728.205128205129 4058.9743589743593 3943.076923076924 4297.948717948719 4617.435897435898 4405.128205128206 
4114.871794871796 4076.410256410257 4225.128205128206 4497.948717948719 4478.461538461539 4691.282051282052 4350.769230769231 4385.641025641026 4727.179487179488 4057.9487179487182 3941.0256410256416 4295.8974358974365 4610.769230769231 4401.538461538462 
4103.589743589744 4078.9743589743593 4234.358974358975 4495.384615384616 4476.923076923077 4693.846153846154 4356.923076923077 4381.538461538462 4727.179487179488 4059.48717948718 3944.615384615385 4295.8974358974365 4608.205128205129 4400.512820512821 
4088.717948717949 4084.1025641025644 4228.205128205129 4495.384615384616 4477.948717948719 4699.48717948718 4360.000000000001 4376.923076923077 4725.641025641026 4060.5128205128212 3948.205128205129 4293.846153846154 4608.717948717949 4399.48717948718 
4091.7948717948725 4084.1025641025644 4229.2307692307695 4494.871794871796 4478.461538461539 4701.025641025642 4354.358974358975 4377.435897435898 4723.589743589744 4061.0256410256416 3948.205128205129 4298.974358974359 4610.256410256411 4395.384615384616 
4107.6923076923085 4072.307692307693 4223.076923076924 4491.794871794872 4478.974358974359 4697.948717948719 4356.923076923077 4378.974358974359 4725.128205128206 4060.5128205128212 3946.666666666667 4300.000000000001 4605.128205128206 4390.256410256411 
4130.256410256411 4073.8461538461543 4210.256410256411 4494.358974358975 4475.384615384616 4694.358974358975 4360.512820512821 4381.025641025642 4727.179487179488 4058.9743589743593 3945.6410256410263 4292.820512820514 4607.6923076923085 4393.333333333334 
4146.666666666667 4089.7435897435903 4206.153846153847 4500.000000000001 4473.333333333334 4689.743589743591 4347.179487179487 4382.564102564103 4727.6923076923085 4058.9743589743593 3941.538461538462 4273.333333333334 4616.923076923077 4399.48717948718 
4158.974358974359 4096.410256410257 4207.179487179487 4502.051282051282 4480.512820512821 4687.179487179488 4331.282051282052 4384.102564102564 4726.666666666667 4058.9743589743593 3932.820512820513 4243.076923076924 4618.461538461539 4400.000000000001 
4162.051282051282 4094.358974358975 4215.384615384616 4506.153846153847 4481.538461538462 4687.179487179488 4329.2307692307695 4380.000000000001 4725.641025641026 4060.0000000000005 3928.205128205129 4236.923076923077 4616.410256410257 4406.153846153847 
4129.74358974359 4088.717948717949 4215.384615384616 4505.641025641026 4480.000000000001 4696.410256410257 4349.2307692307695 4376.410256410257 4725.641025641026 4060.5128205128212 3925.6410256410263 4243.589743589744 4608.717948717949 4408.205128205129 
4107.6923076923085 4082.0512820512827 4240.512820512821 4492.820512820514 4479.48717948718 4696.923076923077 4378.461538461539 4370.256410256411 4724.615384615386 4060.5128205128212 3933.8461538461543 4267.6923076923085 4609.2307692307695 4406.153846153847 
4082.564102564103 4070.2564102564106 4257.948717948719 4469.743589743591 4487.6923076923085 4708.205128205129 4396.923076923077 4370.769230769231 4724.615384615386 4059.48717948718 3940.5128205128212 4291.282051282052 4603.076923076924 4392.307692307693 
4076.410256410257 4062.0512820512827 4266.153846153847 4457.948717948719 4481.538461538462 4714.871794871796 4396.923076923077 4372.820512820514 4724.615384615386 4059.48717948718 3951.7948717948725 4338.974358974359 4603.589743589744 4386.666666666667 
4065.1282051282055 4051.7948717948725 4250.769230769231 4457.435897435898 4478.461538461539 4720.000000000001 4401.025641025642 4380.000000000001 4724.615384615386 4058.461538461539 3955.8974358974365 4368.717948717949 4599.48717948718 4380.512820512821 
4085.6410256410263 4060.5128205128212 4244.102564102564 4463.076923076924 4474.871794871796 4711.794871794872 4400.512820512821 4380.512820512821 4724.102564102564 4057.9487179487182 3956.9230769230776 4373.333333333334 4606.153846153847 4382.564102564103 
4118.974358974359 4076.410256410257 4205.128205128206 4480.000000000001 4477.435897435898 4706.153846153847 4380.000000000001 4383.589743589744 4726.153846153847 4058.9743589743593 3948.205128205129 4332.307692307693 4608.717948717949 4387.179487179487 
4173.846153846154 4088.205128205129 4187.179487179487 4509.743589743591 4471.794871794872 4691.282051282052 4357.435897435898 4385.128205128206 4727.6923076923085 4060.5128205128212 3940.0000000000005 4291.794871794872 4618.461538461539 4402.564102564103 
4183.589743589744 4091.2820512820517 4179.48717948718 4522.051282051282 4474.358974358975 4683.076923076924 4355.8974358974365 4387.6923076923085 4728.717948717949 4059.48717948718 3929.2307692307695 4257.948717948719 4618.461538461539 4409.743589743591 
4182.564102564103 4097.948717948719 4191.794871794872 4513.846153846154 4475.8974358974365 4676.410256410257 4361.025641025642 4386.666666666667 4728.717948717949 4058.461538461539 3924.1025641025644 4241.538461538462 4615.8974358974365 4411.794871794872 
4158.974358974359 4091.7948717948725 4207.6923076923085 4509.743589743591 4477.435897435898 4683.589743589744 4376.410256410257 4385.128205128206 4729.2307692307695 4058.9743589743593 3925.1282051282055 4235.384615384616 4611.794871794872 4406.666666666667 
4122.051282051282 4084.1025641025644 4228.717948717949 4507.6923076923085 4476.410256410257 4691.794871794872 4404.615384615385 4383.076923076924 4729.2307692307695 4061.0256410256416 3933.8461538461543 4250.769230769231 4612.307692307693 4401.538461538462 
4092.820512820513 4087.692307692308 4233.333333333334 4498.461538461539 4478.974358974359 4697.435897435898 4422.051282051282 4383.076923076924 4725.641025641026 4061.538461538462 3941.538461538462 4273.846153846154 4612.307692307693 4392.820512820514 
4079.48717948718 4090.7692307692314 4227.6923076923085 4492.307692307693 4482.051282051282 4703.076923076924 4420.512820512821 4384.615384615385 4724.615384615386 4058.9743589743593 3944.615384615385 4286.666666666667 4608.717948717949 4384.102564102564 
4087.1794871794878 4085.1282051282055 4223.076923076924 4499.48717948718 4477.948717948719 4702.051282051282 4412.307692307693 4384.102564102564 4729.743589743591 4057.435897435898 3948.205128205129 4284.102564102564 4608.717948717949 4385.128205128206 
4115.8974358974365 4080.5128205128212 4212.820512820514 4500.000000000001 4475.384615384616 4696.923076923077 4403.589743589744 4385.128205128206 4731.282051282052 4059.48717948718 3946.666666666667 4269.2307692307695 4611.794871794872 4388.205128205129 
4144.615384615385 4077.435897435898 4229.2307692307695 4490.769230769231 4473.846153846154 4690.256410256411 4393.846153846154 4380.000000000001 4725.128205128206 4060.5128205128212 3943.589743589744 4278.974358974359 4616.923076923077 4394.871794871796 
4133.333333333334 4060.5128205128212 4236.923076923077 4480.000000000001 4478.461538461539 4693.333333333334 4388.717948717949 4378.461538461539 4721.538461538462 4056.9230769230776 3942.564102564103 4297.435897435898 4605.641025641026 4396.923076923077 
4124.615384615385 4052.820512820513 4249.2307692307695 4471.282051282052 4475.8974358974365 4690.256410256411 4381.538461538462 4377.435897435898 4722.564102564103 4056.9230769230776 3948.717948717949 4330.256410256411 4604.102564102564 4404.102564102564 
4087.1794871794878 4054.358974358975 4253.846153846154 4459.48717948718 4477.948717948719 4702.564102564103 4382.051282051282 4376.923076923077 4723.589743589744 4058.461538461539 3947.1794871794878 4349.2307692307695 4602.051282051282 4398.461538461539 
4069.23076923077 4061.538461538462 4258.461538461539 4460.512820512821 4476.410256410257 4712.307692307693 4393.333333333334 4375.384615384616 4722.564102564103 4059.48717948718 3948.717948717949 4370.769230769231 4603.076923076924 4396.923076923077 
4061.538461538462 4066.1538461538466 4230.769230769231 4472.307692307693 4480.512820512821 4720.512820512821 4396.923076923077 4382.051282051282 4725.128205128206 4060.0000000000005 3946.666666666667 4370.256410256411 4597.435897435898 4392.820512820514 
4081.0256410256416 4078.9743589743593 4226.666666666667 4479.48717948718 4478.974358974359 4713.846153846154 4387.6923076923085 4382.564102564103 4726.153846153847 4061.0256410256416 3949.2307692307695 4362.051282051282 4605.641025641026 4391.282051282052 
4102.564102564103 4077.9487179487187 4222.564102564103 4479.48717948718 4482.051282051282 4708.717948717949 4378.461538461539 4382.564102564103 4725.128205128206 4059.48717948718 3947.692307692308 4330.256410256411 4607.179487179488 4387.6923076923085 
4145.128205128206 4071.7948717948725 4221.538461538462 4486.666666666667 4475.8974358974365 4694.358974358975 4363.076923076924 4380.512820512821 4725.641025641026 4060.0000000000005 3947.1794871794878 4307.6923076923085 4610.769230769231 4393.846153846154 
4158.974358974359 4067.692307692308 4209.74358974359 4496.410256410257 4472.820512820514 4689.743589743591 4357.948717948719 4380.512820512821 4726.666666666667 4060.0000000000005 3944.1025641025644 4287.6923076923085 4611.794871794872 4391.794871794872 
4167.179487179487 4072.307692307693 4217.435897435898 4501.538461538462 4473.846153846154 4687.6923076923085 4361.025641025642 4379.48717948718 4725.641025641026 4058.9743589743593 3946.1538461538466 4274.358974358975 4615.8974358974365 4394.871794871796 
4151.282051282052 4075.8974358974365 4215.384615384616 4504.615384615385 4477.435897435898 4689.2307692307695 4358.974358974359 4381.538461538462 4726.153846153847 4058.461538461539 3945.6410256410263 4270.256410256411 4611.282051282052 4405.641025641026 
4117.948717948719 4081.538461538462 4211.282051282052 4508.717948717949 4476.923076923077 4691.794871794872 4351.794871794872 4383.076923076924 4729.743589743591 4058.9743589743593 3943.076923076924 4282.564102564103 4606.666666666667 4408.717948717949 
4092.820512820513 4087.692307692308 4223.589743589744 4505.128205128206 4477.435897435898 4697.948717948719 4351.794871794872 4384.102564102564 4728.205128205129 4060.0000000000005 3945.1282051282055 4302.051282051282 4609.743589743591 4400.512820512821 
4082.0512820512827 4086.666666666667 4240.000000000001 4489.743589743591 4479.48717948718 4702.564102564103 4361.538461538462 4385.128205128206 4725.641025641026 4058.9743589743593 3946.666666666667 4314.871794871796 4610.256410256411 4395.8974358974365 
4089.23076923077 4078.461538461539 4247.179487179487 4480.000000000001 4476.923076923077 4702.051282051282 4371.794871794872 4380.512820512821 4726.666666666667 4058.9743589743593 3946.1538461538466 4332.307692307693 4609.743589743591 4398.461538461539 
4103.589743589744 4070.2564102564106 4231.794871794872 4477.948717948719 4477.948717948719 4704.102564102564 4376.923076923077 4379.48717948718 4727.179487179488 4058.9743589743593 3945.1282051282055 4338.974358974359 4606.666666666667 4394.358974358975 
4124.615384615385 4070.2564102564106 4233.846153846154 4475.384615384616 4474.358974358975 4697.435897435898 4380.000000000001 4377.435897435898 4726.666666666667 4059.48717948718 3952.307692307693 4346.153846153847 4610.769230769231 4397.435897435898 
4115.384615384616 4060.5128205128212 4232.820512820514 4472.307692307693 4474.358974358975 4698.461538461539 4395.384615384616 4381.025641025642 4726.666666666667 4060.0000000000005 3951.7948717948725 4337.435897435898 4605.641025641026 4394.871794871796 
4120.512820512821 4060.5128205128212 4235.384615384616 4481.025641025642 4472.307692307693 4697.948717948719 4405.641025641026 4380.512820512821 4728.717948717949 4060.0000000000005 3947.1794871794878 4327.179487179487 4609.2307692307695 4394.358974358975 
4114.871794871796 4072.820512820513 4219.48717948718 4491.794871794872 4478.974358974359 4701.538461538462 4398.974358974359 4380.512820512821 4731.794871794872 4057.9487179487182 3942.564102564103 4298.461538461539 4607.6923076923085 4392.820512820514 
4118.974358974359 4086.666666666667 4224.615384615385 4496.410256410257 4478.461538461539 4694.871794871796 4390.769230769231 4378.974358974359 4727.179487179488 4057.9487179487182 3943.589743589744 4288.205128205129 4609.743589743591 4400.512820512821 
4103.589743589744 4081.0256410256416 4221.538461538462 4490.769230769231 4482.564102564103 4703.076923076924 4392.307692307693 4383.589743589744 4723.076923076924 4057.9487179487182 3936.9230769230776 4281.538461538462 4605.641025641026 4396.410256410257 
4110.769230769231 4080.5128205128212 4224.615384615385 4489.2307692307695 4483.076923076924 4705.128205128206 4388.205128205129 4382.564102564103 4726.153846153847 4057.435897435898 3935.8974358974365 4282.564102564103 4610.256410256411 4393.846153846154 
4123.589743589744 4083.076923076924 4213.333333333334 4492.820512820514 4484.102564102564 4702.051282051282 4374.871794871796 4382.051282051282 4729.2307692307695 4058.461538461539 3933.8461538461543 4265.128205128206 4610.769230769231 4391.794871794872 
4145.128205128206 4089.7435897435903 4212.307692307693 4496.410256410257 4479.48717948718 4692.820512820514 4364.102564102564 4380.000000000001 4725.641025641026 4059.48717948718 3931.7948717948725 4253.333333333334 4614.871794871796 4395.384615384616 
4147.179487179487 4090.7692307692314 4200.000000000001 4501.538461538462 4482.051282051282 4696.410256410257 4362.564102564103 4378.974358974359 4726.153846153847 4056.9230769230776 3926.666666666667 4238.974358974359 4613.846153846154 4393.333333333334 
4153.333333333334 4093.333333333334 4200.000000000001 4511.794871794872 4481.538461538462 4692.307692307693 4364.102564102564 4378.974358974359 4728.205128205129 4056.9230769230776 3927.692307692308 4234.358974358975 4612.820512820514 4392.820512820514 
4145.641025641026 4091.7948717948725 4207.6923076923085 4515.8974358974365 4477.948717948719 4687.179487179488 4371.282051282052 4384.102564102564 4726.153846153847 4060.0000000000005 3931.2820512820517 4246.666666666667 4612.307692307693 4397.435897435898 
4136.410256410257 4084.615384615385 4206.666666666667 4509.2307692307695 4477.435897435898 4690.769230769231 4380.512820512821 4387.179487179487 4727.179487179488 4061.0256410256416 3935.8974358974365 4268.205128205129 4611.794871794872 4400.512820512821 
4132.820512820514 4081.538461538462 4196.923076923077 4506.666666666667 4478.461538461539 4690.256410256411 4386.666666666667 4386.666666666667 4731.282051282052 4060.0000000000005 3942.0512820512827 4282.564102564103 4613.333333333334 4400.512820512821 
4121.538461538462 4083.589743589744 4204.615384615385 4505.128205128206 4478.461538461539 4688.205128205129 4381.538461538462 4384.615384615385 4728.205128205129 4059.48717948718 3941.0256410256416 4281.025641025642 4608.205128205129 4395.384615384616 
4118.461538461539 4080.5128205128212 4234.358974358975 4490.256410256411 4474.871794871796 4690.256410256411 4370.256410256411 4380.000000000001 4722.564102564103 4058.9743589743593 3940.5128205128212 4294.871794871796 4606.666666666667 4394.358974358975 
4104.615384615385 4070.7692307692314 4241.538461538462 4468.205128205129 4478.974358974359 4701.025641025642 4372.307692307693 4378.461538461539 4724.102564102564 4058.461538461539 3943.076923076924 4304.615384615385 4604.615384615385 4390.769230769231 
4089.7435897435903 4064.1025641025644 4272.820512820514 4459.48717948718 4477.948717948719 4701.538461538462 4382.564102564103 4373.846153846154 4726.153846153847 4059.48717948718 3954.358974358975 4334.871794871796 4608.717948717949 4389.2307692307695 
4050.2564102564106 4048.205128205129 4298.461538461539 4448.205128205129 4477.435897435898 4711.794871794872 4390.769230769231 4378.461538461539 4724.102564102564 4059.48717948718 3958.461538461539 4375.8974358974365 4598.461538461539 4379.48717948718 
4061.0256410256416 4044.615384615385 4282.564102564103 4446.666666666667 4469.743589743591 4711.794871794872 4392.820512820514 4383.076923076924 4724.102564102564 4060.0000000000005 3962.564102564103 4403.076923076924 4600.000000000001 4385.128205128206 
4089.7435897435903 4057.9487179487182 4218.974358974359 4469.743589743591 4475.384615384616 4708.717948717949 4386.666666666667 4386.666666666667 4727.179487179488 4061.538461538462 3955.8974358974365 4361.025641025642 4602.051282051282 4394.871794871796 
4129.74358974359 4083.589743589744 4204.615384615385 4501.538461538462 4478.461538461539 4696.410256410257 4365.128205128206 4385.128205128206 4727.179487179488 4061.538461538462 3945.1282051282055 4303.589743589744 4610.256410256411 4405.128205128206 
4163.076923076924 4099.48717948718 4173.846153846154 4522.051282051282 4483.076923076924 4690.256410256411 4353.333333333334 4386.666666666667 4728.717948717949 4057.9487179487182 3930.2564102564106 4245.641025641026 4614.871794871796 4407.6923076923085 
4213.333333333334 4107.6923076923085 4157.435897435898 4538.461538461539 4476.410256410257 4677.948717948719 4359.48717948718 4380.000000000001 4727.6923076923085 4060.0000000000005 3921.538461538462 4208.205128205129 4621.538461538462 4412.307692307693 
4196.923076923077 4096.410256410257 4186.153846153847 4530.256410256411 4477.948717948719 4680.000000000001 4371.794871794872 4373.846153846154 4725.128205128206 4060.0000000000005 3919.48717948718 4201.538461538462 4612.820512820514 4405.128205128206 
4141.538461538462 4084.615384615385 4234.358974358975 4494.358974358975 4484.102564102564 4689.743589743591 4385.641025641026 4372.820512820514 4722.564102564103 4056.410256410257 3929.7435897435903 4253.333333333334 4608.717948717949 4395.8974358974365 
4085.1282051282055 4072.820512820513 4250.256410256411 4470.256410256411 4484.102564102564 4702.051282051282 4406.666666666667 4376.410256410257 4723.076923076924 4056.9230769230776 3942.0512820512827 4314.871794871796 4605.641025641026 4388.205128205129 
4030.7692307692314 4049.7435897435903 4279.48717948718 4454.871794871796 4475.384615384616 4711.794871794872 4426.666666666667 4380.512820512821 4725.641025641026 4059.48717948718 3958.9743589743593 4381.025641025642 4598.461538461539 4382.051282051282 
4002.564102564103 4035.8974358974365 4290.769230769231 4434.871794871796 4473.333333333334 4724.102564102564 4429.743589743591 4383.589743589744 4725.641025641026 4058.461538461539 3975.8974358974365 4442.051282051282 4597.435897435898 4376.923076923077 
4053.8461538461543 4062.564102564103 4241.025641025642 4454.871794871796 4478.974358974359 4723.589743589744 4410.769230769231 4389.743589743591 4725.641025641026 4060.0000000000005 3969.2307692307695 4400.000000000001 4609.743589743591 4387.6923076923085 
4140.000000000001 4096.923076923077 4194.871794871796 4518.974358974359 4478.461538461539 4701.025641025642 4378.461538461539 4394.358974358975 4729.2307692307695 4063.589743589744 3944.1025641025644 4275.8974358974365 4621.538461538462 4406.153846153847 
4176.923076923077 4092.307692307693 4180.000000000001 4530.769230769231 4478.461538461539 4683.589743589744 4353.333333333334 4392.307692307693 4728.717948717949 4060.5128205128212 3932.307692307693 4233.846153846154 4618.461538461539 4406.666666666667 
4170.769230769231 4073.333333333334 4207.6923076923085 4483.076923076924 4475.384615384616 4678.974358974359 4340.512820512821 4378.461538461539 4722.564102564103 4058.461538461539 3944.615384615385 4306.153846153847 4615.384615384616 4403.076923076924 
4152.307692307693 4054.8717948717954 4240.512820512821 4467.179487179487 4474.358974358975 4685.128205128206 4348.205128205129 4371.794871794872 4721.025641025642 4060.0000000000005 3947.692307692308 4329.743589743591 4605.641025641026 4398.461538461539 
4160.000000000001 4053.333333333334 4247.6923076923085 4498.974358974359 4471.794871794872 4683.589743589744 4373.333333333334 4372.820512820514 4724.615384615386 4060.0000000000005 3943.589743589744 4306.153846153847 4609.2307692307695 4397.435897435898 
4119.48717948718 4084.1025641025644 4210.256410256411 4511.794871794872 4481.538461538462 4695.8974358974365 4392.307692307693 4377.948717948719 4726.153846153847 4057.435897435898 3936.9230769230776 4286.666666666667 4608.717948717949 4392.307692307693 
4083.589743589744 4121.025641025642 4219.48717948718 4498.974358974359 4485.128205128206 4704.102564102564 4389.743589743591 4376.410256410257 4724.102564102564 4058.461538461539 3941.0256410256416 4302.051282051282 4609.743589743591 4398.461538461539 
4066.666666666667 4094.8717948717954 4246.153846153847 4483.589743589744 4486.666666666667 4710.256410256411 4400.000000000001 4381.025641025642 4726.153846153847 4059.48717948718 3942.564102564103 4314.358974358975 4601.025641025642 4393.333333333334 
4092.307692307693 4058.9743589743593 4256.410256410257 4478.461538461539 4477.435897435898 4705.128205128206 4423.589743589744 4386.153846153847 4729.2307692307695 4058.9743589743593 3947.692307692308 4312.307692307693 4608.205128205129 4394.358974358975 
4116.410256410257 4064.615384615385 4225.128205128206 4484.615384615385 4477.435897435898 4707.179487179488 4425.641025641026 4385.641025641026 4727.6923076923085 4058.9743589743593 3945.1282051282055 4272.820512820514 4612.307692307693 4401.538461538462 
4161.538461538462 4084.1025641025644 4220.000000000001 4493.846153846154 4477.435897435898 4694.871794871796 4408.717948717949 4376.923076923077 4723.589743589744 4058.9743589743593 3939.48717948718 4248.205128205129 4615.384615384616 4408.205128205129 
4167.179487179487 4077.9487179487187 4218.974358974359 4494.871794871796 4480.512820512821 4688.717948717949 4406.153846153847 4376.410256410257 4724.102564102564 4058.461538461539 3933.8461538461543 4239.48717948718 4610.769230769231 4398.974358974359 
4147.179487179487 4074.358974358975 4224.102564102564 4496.410256410257 4478.461538461539 4690.769230769231 4416.923076923077 4379.48717948718 4725.641025641026 4058.9743589743593 3933.8461538461543 4252.307692307693 4609.2307692307695 4389.2307692307695 
4116.410256410257 4076.410256410257 4229.74358974359 4499.48717948718 4476.923076923077 4697.435897435898 4423.589743589744 4381.538461538462 4724.615384615386 4058.9743589743593 3938.461538461539 4277.948717948719 4611.282051282052 4383.589743589744 
4091.2820512820517 4084.1025641025644 4233.846153846154 4491.794871794872 4480.000000000001 4701.538461538462 4415.384615384616 4380.000000000001 4725.128205128206 4058.9743589743593 3944.615384615385 4303.589743589744 4613.333333333334 4385.128205128206 
4083.076923076924 4094.358974358975 4227.6923076923085 4478.461538461539 4483.076923076924 4706.666666666667 4399.48717948718 4377.948717948719 4724.102564102564 4058.9743589743593 3945.1282051282055 4316.923076923077 4610.256410256411 4394.358974358975 
4087.1794871794878 4084.615384615385 4214.871794871796 4476.410256410257 4481.025641025642 4710.769230769231 4390.769230769231 4380.000000000001 4723.076923076924 4059.48717948718 3938.9743589743593 4327.179487179487 4603.076923076924 4398.974358974359 
4103.589743589744 4057.435897435898 4219.48717948718 4479.48717948718 4473.333333333334 4705.128205128206 4393.333333333334 4383.589743589744 4728.205128205129 4062.0512820512827 3946.1538461538466 4353.333333333334 4606.666666666667 4400.000000000001 
4109.2307692307695 4046.1538461538466 4227.179487179487 4466.153846153847 4475.384615384616 4703.076923076924 4400.000000000001 4387.179487179487 4732.307692307693 4061.538461538462 3954.8717948717954 4358.461538461539 4605.641025641026 4399.48717948718 
4125.641025641026 4066.666666666667 4232.820512820514 4469.743589743591 4475.384615384616 4694.358974358975 4394.871794871796 4383.076923076924 4726.153846153847 4057.435897435898 3952.820512820513 4334.358974358975 4609.743589743591 4405.641025641026 
4135.384615384616 4081.0256410256416 4202.564102564103 4500.000000000001 4478.974358974359 4692.820512820514 4378.974358974359 4383.076923076924 4723.076923076924 4057.435897435898 3941.0256410256416 4288.205128205129 4610.769230769231 4396.923076923077 
4141.025641025642 4081.0256410256416 4205.128205128206 4516.410256410257 4476.923076923077 4687.6923076923085 4363.076923076924 4383.589743589744 4727.179487179488 4061.538461538462 3942.564102564103 4293.333333333334 4614.871794871796 4390.769230769231 
4110.256410256411 4072.820512820513 4229.2307692307695 4493.846153846154 4477.948717948719 4692.307692307693 4361.538461538462 4384.102564102564 4727.179487179488 4060.0000000000005 3946.666666666667 4309.2307692307695 4609.743589743591 4388.205128205129 
4112.820512820514 4081.538461538462 4247.179487179487 4484.102564102564 4475.8974358974365 4695.384615384616 4364.102564102564 4378.461538461539 4724.102564102564 4057.9487179487182 3949.7435897435903 4298.974358974359 4614.871794871796 4396.410256410257 
4113.333333333334 4081.538461538462 4224.102564102564 4495.384615384616 4482.564102564103 4703.589743589744 4365.128205128206 4381.538461538462 4725.641025641026 4059.48717948718 3942.564102564103 4270.769230769231 4610.769230769231 4396.410256410257 
4112.307692307693 4074.8717948717954 4229.2307692307695 4488.717948717949 4481.025641025642 4698.974358974359 4364.102564102564 4384.615384615385 4725.128205128206 4060.5128205128212 3943.076923076924 4294.358974358975 4609.2307692307695 4397.948717948719 
4105.128205128206 4069.7435897435903 4226.666666666667 4474.871794871796 4482.051282051282 4700.512820512821 4367.179487179487 4383.589743589744 4724.615384615386 4058.9743589743593 3944.1025641025644 4312.820512820514 4605.128205128206 4396.410256410257 
4124.615384615385 4075.8974358974365 4225.641025641026 4489.2307692307695 4478.974358974359 4698.974358974359 4367.179487179487 4380.512820512821 4724.615384615386 4058.9743589743593 3943.589743589744 4299.48717948718 4609.743589743591 4400.000000000001 
4125.641025641026 4083.076923076924 4223.589743589744 4503.589743589744 4481.025641025642 4697.948717948719 4363.076923076924 4381.025641025642 4726.666666666667 4059.48717948718 3941.0256410256416 4289.2307692307695 4610.769230769231 4397.948717948719 
4127.179487179487 4087.1794871794878 4227.6923076923085 4494.358974358975 4480.512820512821 4694.358974358975 4354.358974358975 4380.000000000001 4727.179487179488 4060.5128205128212 3943.076923076924 4304.102564102564 4610.256410256411 4394.358974358975 
4136.410256410257 4077.435897435898 4224.615384615385 4491.282051282052 4477.435897435898 4693.846153846154 4351.794871794872 4378.974358974359 4724.102564102564 4060.0000000000005 3944.1025641025644 4306.666666666667 4610.256410256411 4394.358974358975 
4141.538461538462 4069.23076923077 4226.666666666667 4494.871794871796 4475.384615384616 4691.794871794872 4364.102564102564 4381.025641025642 4724.102564102564 4056.9230769230776 3941.538461538462 4295.384615384616 4610.769230769231 4397.948717948719 
4129.74358974359 4076.9230769230776 4235.8974358974365 4482.564102564103 4476.410256410257 4692.820512820514 4377.435897435898 4378.461538461539 4726.666666666667 4056.9230769230776 3942.564102564103 4291.794871794872 4612.307692307693 4401.025641025642 
4107.179487179487 4079.48717948718 4226.153846153847 4474.871794871796 4480.512820512821 4703.076923076924 4375.8974358974365 4378.461538461539 4728.205128205129 4059.48717948718 3941.538461538462 4283.589743589744 4606.666666666667 4395.8974358974365 
4106.153846153847 4073.333333333334 4224.615384615385 4488.205128205129 4477.435897435898 4704.102564102564 4373.333333333334 4380.512820512821 4727.6923076923085 4059.48717948718 3941.538461538462 4286.666666666667 4608.205128205129 4395.384615384616 
4093.333333333334 4077.9487179487187 4221.025641025642 4492.307692307693 4482.564102564103 4704.102564102564 4382.051282051282 4383.589743589744 4728.717948717949 4058.9743589743593 3939.48717948718 4288.205128205129 4607.179487179488 4392.820512820514 
4101.025641025642 4092.820512820513 4223.589743589744 4490.256410256411 4483.589743589744 4700.000000000001 4379.48717948718 4381.538461538462 4728.205128205129 4059.48717948718 3943.589743589744 4296.410256410257 4609.2307692307695 4392.307692307693 
4115.8974358974365 4085.6410256410263 4203.589743589744 4499.48717948718 4483.076923076924 4702.564102564103 4370.769230769231 4386.153846153847 4727.6923076923085 4058.461538461539 3942.0512820512827 4294.358974358975 4604.615384615385 4384.615384615385 
4150.256410256411 4080.5128205128212 4200.000000000001 4513.333333333334 4472.820512820514 4689.2307692307695 4376.410256410257 4387.179487179487 4727.6923076923085 4060.0000000000005 3944.1025641025644 4300.512820512821 4614.358974358975 4391.794871794872 
4163.589743589744 4085.6410256410263 4191.794871794872 4511.282051282052 4474.358974358975 4682.564102564103 4391.794871794872 4387.6923076923085 4728.717948717949 4060.5128205128212 3940.0000000000005 4284.102564102564 4616.923076923077 4401.025641025642 
4180.000000000001 4091.2820512820517 4204.102564102564 4505.641025641026 4473.333333333334 4676.923076923077 4401.025641025642 4383.589743589744 4727.179487179488 4060.5128205128212 3937.9487179487182 4273.333333333334 4617.948717948719 4409.743589743591 
4157.435897435898 4083.076923076924 4206.666666666667 4505.128205128206 4474.358974358975 4683.076923076924 4411.794871794872 4383.076923076924 4726.153846153847 4062.0512820512827 3933.8461538461543 4264.615384615385 4615.8974358974365 4405.641025641026 
4137.948717948719 4083.589743589744 4223.589743589744 4504.102564102564 4474.871794871796 4688.717948717949 4417.435897435898 4382.051282051282 4728.205128205129 4062.0512820512827 3935.8974358974365 4269.2307692307695 4620.512820512821 4406.153846153847 
4109.74358974359 4085.1282051282055 4238.461538461539 4497.948717948719 4481.025641025642 4700.512820512821 4417.435897435898 4382.564102564103 4728.717948717949 4058.9743589743593 3937.9487179487182 4261.025641025642 4613.333333333334 4401.538461538462 
4093.333333333334 4089.23076923077 4254.358974358975 4494.358974358975 4482.564102564103 4703.076923076924 4419.48717948718 4380.512820512821 4726.153846153847 4059.48717948718 3940.5128205128212 4253.333333333334 4608.205128205129 4396.410256410257 
4093.333333333334 4092.820512820513 4242.564102564103 4500.000000000001 4484.615384615385 4706.153846153847 4423.076923076924 4377.948717948719 4728.717948717949 4061.538461538462 3936.9230769230776 4243.589743589744 4607.179487179488 4387.6923076923085 
4122.564102564103 4093.8461538461543 4229.74358974359 4507.6923076923085 4485.641025641026 4706.666666666667 4418.461538461539 4378.974358974359 4729.743589743591 4058.9743589743593 3932.820512820513 4232.307692307693 4608.717948717949 4385.128205128206 
4149.74358974359 4089.23076923077 4223.076923076924 4509.743589743591 4483.076923076924 4699.48717948718 4414.358974358975 4377.435897435898 4725.641025641026 4057.9487179487182 3933.333333333334 4221.025641025642 4612.307692307693 4391.794871794872 
4168.717948717949 4085.1282051282055 4215.384615384616 4501.025641025642 4482.564102564103 4693.846153846154 4413.333333333334 4374.358974358975 4723.076923076924 4058.9743589743593 3929.2307692307695 4220.512820512821 4611.282051282052 4396.410256410257 
4169.2307692307695 4080.0000000000005 4219.48717948718 4494.871794871796 4481.538461538462 4691.794871794872 4403.589743589744 4374.358974358975 4724.102564102564 4058.9743589743593 3929.7435897435903 4251.794871794872 4611.794871794872 4395.8974358974365 
4138.461538461539 4070.7692307692314 4219.48717948718 4493.333333333334 4478.974358974359 4696.410256410257 4395.8974358974365 4381.538461538462 4725.128205128206 4057.9487179487182 3936.410256410257 4294.358974358975 4610.256410256411 4391.282051282052 
4115.8974358974365 4068.717948717949 4235.8974358974365 4484.615384615385 4475.384615384616 4698.461538461539 4397.948717948719 4382.051282051282 4725.128205128206 4058.9743589743593 3943.589743589744 4336.410256410257 4611.282051282052 4400.000000000001 
4078.9743589743593 4069.7435897435903 4247.6923076923085 4464.615384615385 4482.051282051282 4708.205128205129 4405.128205128206 4381.538461538462 4724.615384615386 4057.9487179487182 3940.0000000000005 4353.333333333334 4603.076923076924 4400.512820512821 
4068.205128205129 4071.7948717948725 4261.538461538462 4461.025641025642 4478.461538461539 4710.256410256411 4414.358974358975 4378.974358974359 4722.564102564103 4056.9230769230776 3945.1282051282055 4372.307692307693 4605.641025641026 4395.384615384616 
4066.1538461538466 4061.0256410256416 4247.179487179487 4470.256410256411 4478.461538461539 4713.846153846154 4419.48717948718 4378.974358974359 4724.615384615386 4057.9487179487182 3949.2307692307695 4368.717948717949 4601.538461538462 4386.153846153847 
4088.205128205129 4062.564102564103 4246.153846153847 4473.846153846154 4476.410256410257 4705.128205128206 4405.641025641026 4377.435897435898 4728.205128205129 4060.0000000000005 3952.307692307693 4347.6923076923085 4604.102564102564 4394.358974358975 
4099.48717948718 4073.8461538461543 4233.333333333334 4474.358974358975 4480.000000000001 4704.615384615386 4390.769230769231 4380.000000000001 4726.153846153847 4058.9743589743593 3946.666666666667 4300.000000000001 4603.589743589744 4396.923076923077 
4132.820512820514 4080.5128205128212 4231.282051282052 4494.358974358975 4475.384615384616 4696.410256410257 4388.205128205129 4380.000000000001 4723.589743589744 4058.9743589743593 3947.692307692308 4268.717948717949 4612.307692307693 4398.461538461539 
4143.589743589744 4074.358974358975 4210.769230769231 4517.948717948719 4475.8974358974365 4691.794871794872 4390.769230769231 4380.512820512821 4727.179487179488 4058.9743589743593 3947.1794871794878 4247.6923076923085 4611.794871794872 4397.435897435898 
4144.102564102564 4086.666666666667 4203.589743589744 4518.974358974359 4474.358974358975 4686.153846153847 4392.307692307693 4377.435897435898 4728.205128205129 4058.461538461539 3945.1282051282055 4254.871794871796 4613.846153846154 4401.025641025642 
4126.666666666667 4093.333333333334 4202.564102564103 4507.6923076923085 4476.923076923077 4691.282051282052 4394.871794871796 4380.000000000001 4726.666666666667 4059.48717948718 3943.076923076924 4269.74358974359 4612.820512820514 4398.974358974359 
4120.000000000001 4080.0000000000005 4209.2307692307695 4506.666666666667 4476.410256410257 4692.307692307693 4393.846153846154 4380.512820512821 4727.6923076923085 4062.0512820512827 3946.1538461538466 4289.2307692307695 4615.384615384616 4396.923076923077 
4111.794871794872 4069.7435897435903 4222.564102564103 4497.948717948719 4476.410256410257 4695.384615384616 4396.410256410257 4381.025641025642 4727.6923076923085 4062.0512820512827 3945.6410256410263 4305.128205128206 4614.871794871796 4401.025641025642 
4102.051282051282 4076.410256410257 4243.076923076924 4470.256410256411 4478.974358974359 4700.512820512821 4402.564102564103 4382.051282051282 4725.641025641026 4060.0000000000005 3941.538461538462 4315.384615384616 4609.2307692307695 4405.641025641026 
4101.025641025642 4074.8717948717954 4238.461538461539 4465.641025641026 4480.512820512821 4703.589743589744 4404.102564102564 4381.538461538462 4726.153846153847 4058.461538461539 3943.076923076924 4321.025641025642 4608.205128205129 4401.025641025642 
4106.666666666667 4064.615384615385 4218.974358974359 4486.153846153847 4482.051282051282 4706.666666666667 4402.564102564103 4385.128205128206 4726.666666666667 4058.461538461539 3944.615384615385 4316.923076923077 4606.666666666667 4388.717948717949 
4114.871794871796 4069.7435897435903 4225.128205128206 4489.743589743591 4480.512820512821 4702.051282051282 4402.051282051282 4385.641025641026 4726.153846153847 4060.5128205128212 3943.589743589744 4321.538461538462 4608.205128205129 4388.205128205129 
4116.923076923077 4078.9743589743593 4220.000000000001 4476.923076923077 4482.564102564103 4702.051282051282 4403.076923076924 4385.128205128206 4727.6923076923085 4060.0000000000005 3941.0256410256416 4315.8974358974365 4605.641025641026 4386.666666666667 
4134.871794871796 4078.461538461539 4224.102564102564 4488.717948717949 4477.435897435898 4697.948717948719 4391.794871794872 4383.076923076924 4726.666666666667 4060.5128205128212 3944.1025641025644 4315.8974358974365 4611.282051282052 4384.615384615385 
4104.615384615385 4055.3846153846157 4228.717948717949 4483.076923076924 4476.410256410257 4698.461538461539 4376.410256410257 4389.2307692307695 4725.128205128206 4061.0256410256416 3949.2307692307695 4355.8974358974365 4606.153846153847 4376.923076923077 
4074.358974358975 4035.8974358974365 4229.2307692307695 4431.794871794872 4470.769230769231 4697.948717948719 4371.794871794872 4391.282051282052 4723.589743589744 4060.5128205128212 3971.7948717948725 4462.051282051282 4606.666666666667 4385.641025641026 
4098.461538461539 4051.2820512820517 4195.384615384616 4424.102564102564 4473.846153846154 4706.153846153847 4379.48717948718 4394.358974358975 4723.589743589744 4060.5128205128212 3973.333333333334 4445.641025641026 4606.153846153847 4396.923076923077 
4162.051282051282 4094.8717948717954 4197.435897435898 4482.051282051282 4471.794871794872 4693.846153846154 4381.025641025642 4393.846153846154 4727.6923076923085 4063.076923076924 3947.1794871794878 4325.128205128206 4615.384615384616 4406.666666666667 
4125.641025641026 4095.8974358974365 4172.307692307693 4483.589743589744 4476.410256410257 4690.769230769231 4375.384615384616 4395.8974358974365 4733.333333333334 4062.0512820512827 3937.435897435898 4318.974358974359 4613.846153846154 4400.512820512821 
4088.205128205129 4076.410256410257 4155.8974358974365 4437.435897435898 4477.435897435898 4695.8974358974365 4370.256410256411 4395.8974358974365 4732.307692307693 4060.0000000000005 3957.435897435898 4391.282051282052 4613.333333333334 4395.8974358974365 
4091.2820512820517 4079.48717948718 4200.512820512821 4444.615384615385 4483.589743589744 4702.564102564103 4381.025641025642 4392.307692307693 4727.6923076923085 4061.0256410256416 3949.7435897435903 4322.564102564103 4605.641025641026 4386.666666666667 
4098.461538461539 4092.307692307693 4234.871794871796 4465.128205128206 4484.102564102564 4698.461538461539 4401.025641025642 4384.102564102564 4727.179487179488 4062.564102564103 3944.1025641025644 4268.205128205129 4607.179487179488 4386.153846153847 
4050.2564102564106 4067.692307692308 4191.282051282052 4418.461538461539 4484.102564102564 4709.743589743591 4407.6923076923085 4386.666666666667 4731.794871794872 4060.0000000000005 3970.2564102564106 4368.205128205129 4607.179487179488 4382.564102564103 
4010.2564102564106 4033.333333333334 4187.6923076923085 4362.051282051282 4483.589743589744 4722.051282051282 4406.666666666667 4394.871794871796 4732.307692307693 4058.9743589743593 3991.7948717948725 4463.076923076924 4600.000000000001 4375.384615384616 
4012.307692307693 4025.1282051282055 4203.589743589744 4360.512820512821 4480.000000000001 4721.538461538462 4415.8974358974365 4394.358974358975 4729.2307692307695 4061.0256410256416 3993.333333333334 4479.48717948718 4595.8974358974365 4382.051282051282 
4030.2564102564106 4034.358974358975 4181.025641025642 4374.358974358975 4477.435897435898 4715.8974358974365 4410.769230769231 4391.794871794872 4729.2307692307695 4060.5128205128212 3995.8974358974365 4494.871794871796 4602.051282051282 4394.358974358975 
4050.2564102564106 4043.076923076924 4167.179487179487 4370.256410256411 4480.000000000001 4713.846153846154 4391.282051282052 4390.256410256411 4728.717948717949 4061.538461538462 3990.2564102564106 4504.102564102564 4607.6923076923085 4393.846153846154 
4069.23076923077 4051.7948717948725 4156.410256410257 4366.666666666667 4487.179487179488 4718.461538461539 4400.000000000001 4390.256410256411 4727.179487179488 4063.589743589744 3969.2307692307695 4476.923076923077 4602.051282051282 4386.153846153847 
4100.000000000001 4063.589743589744 4160.000000000001 4384.102564102564 4485.641025641026 4713.333333333334 4420.000000000001 4388.717948717949 4725.128205128206 4063.076923076924 3956.9230769230776 4454.871794871796 4607.179487179488 4391.282051282052 
4103.076923076924 4060.0000000000005 4178.461538461539 4400.000000000001 4488.205128205129 4712.307692307693 4425.128205128206 4390.256410256411 4724.615384615386 4058.9743589743593 3950.7692307692314 4433.333333333334 4604.102564102564 4389.743589743591 
4104.615384615385 4061.0256410256416 4190.256410256411 4404.102564102564 4486.666666666667 4709.2307692307695 4422.051282051282 4384.102564102564 4725.641025641026 4057.9487179487182 3948.717948717949 4425.641025641026 4601.025641025642 4389.2307692307695 
4088.717948717949 4070.2564102564106 4166.153846153847 4401.025641025642 4490.256410256411 4714.358974358975 4434.358974358975 4384.615384615385 4727.179487179488 4058.461538461539 3945.1282051282055 4413.846153846154 4594.871794871796 4381.538461538462 
4084.615384615385 4069.7435897435903 4182.564102564103 4402.564102564103 4487.6923076923085 4710.256410256411 4450.769230769231 4389.743589743591 4725.128205128206 4060.5128205128212 3954.358974358975 4421.538461538462 4601.538461538462 4382.051282051282 
4073.8461538461543 4048.717948717949 4183.076923076924 4405.128205128206 4488.205128205129 4714.358974358975 4455.8974358974365 4393.846153846154 4725.128205128206 4061.538461538462 3964.1025641025644 4421.538461538462 4601.538461538462 4380.000000000001 
4078.461538461539 4048.717948717949 4185.128205128206 4403.076923076924 4485.641025641026 4707.6923076923085 4445.128205128206 4389.2307692307695 4728.717948717949 4060.0000000000005 3973.333333333334 4432.307692307693 4605.641025641026 4382.564102564103 
4067.692307692308 4055.8974358974365 4183.076923076924 4389.743589743591 4486.153846153847 4707.6923076923085 4445.128205128206 4389.2307692307695 4729.743589743591 4058.461538461539 3975.8974358974365 4435.384615384616 4605.128205128206 4384.102564102564 
4077.9487179487187 4045.1282051282055 4190.256410256411 4377.948717948719 4477.435897435898 4706.153846153847 4461.538461538462 4388.205128205129 4727.6923076923085 4062.0512820512827 3983.589743589744 4459.48717948718 4611.282051282052 4392.820512820514 
4065.1282051282055 4027.1794871794878 4178.461538461539 4373.333333333334 4477.948717948719 4709.743589743591 4479.48717948718 4387.6923076923085 4728.205128205129 4063.589743589744 3987.1794871794878 4486.666666666667 4605.128205128206 4393.333333333334 
4050.2564102564106 4042.0512820512827 4153.333333333334 4360.512820512821 4485.128205128206 4717.435897435898 4497.435897435898 4389.743589743591 4730.256410256411 4062.0512820512827 3988.717948717949 4506.666666666667 4597.435897435898 4389.743589743591 
4014.358974358975 4058.9743589743593 4125.641025641026 4326.666666666667 4493.333333333334 4735.384615384616 4520.512820512821 4398.974358974359 4734.358974358975 4063.589743589744 3990.7692307692314 4527.179487179488 4596.923076923077 4384.615384615385 
3992.307692307693 4047.692307692308 4130.769230769231 4300.512820512821 4494.358974358975 4741.538461538462 4540.000000000001 4403.589743589744 4735.8974358974365 4066.666666666667 3996.410256410257 4545.641025641026 4601.538461538462 4380.000000000001 
4008.205128205129 4036.410256410257 4120.000000000001 4296.923076923077 4490.256410256411 4734.358974358975 4546.153846153847 4400.000000000001 4734.871794871796 4065.6410256410263 4004.1025641025644 4565.641025641026 4604.102564102564 4378.461538461539 
3980.0000000000005 4030.2564102564106 4088.205128205129 4264.102564102564 4490.256410256411 4740.512820512821 4562.564102564103 4398.974358974359 4733.846153846154 4063.589743589744 4019.48717948718 4635.384615384616 4601.538461538462 4376.410256410257 
3975.8974358974365 4030.2564102564106 4096.410256410257 4242.051282051282 4489.743589743591 4743.076923076924 4595.8974358974365 4399.48717948718 4733.333333333334 4063.589743589744 4026.666666666667 4648.717948717949 4603.589743589744 4381.025641025642 
4100.000000000001 4056.410256410257 4113.846153846154 4315.8974358974365 4489.2307692307695 4728.205128205129 4637.435897435898 4398.461538461539 4734.358974358975 4063.076923076924 3989.23076923077 4461.538461538462 4603.589743589744 4384.615384615385 
4202.564102564103 4086.666666666667 4148.717948717949 4409.2307692307695 4488.205128205129 4708.205128205129 4663.589743589744 4392.307692307693 4733.846153846154 4061.0256410256416 3945.6410256410263 4289.74358974359 4605.128205128206 4382.051282051282 
4121.538461538462 4077.435897435898 4197.948717948719 4421.538461538462 4492.307692307693 4706.666666666667 4681.538461538462 4389.2307692307695 4729.743589743591 4057.9487179487182 3938.461538461539 4296.410256410257 4599.48717948718 4370.256410256411 
