4161.538461538462 4077.9487179487187 4267.179487179487 4486.666666666667 4485.641025641026 4678.974358974359 4413.333333333334 4387.6923076923085 4727.6923076923085 4061.538461538462 3936.9230769230776 4300.000000000001 4610.769230769231 4397.948717948719 
4151.282051282052 4076.410256410257 4272.307692307693 4490.256410256411 4483.589743589744 4680.512820512821 4411.282051282052 4381.538461538462 4728.717948717949 4058.9743589743593 3941.0256410256416 4291.282051282052 4613.333333333334 4391.794871794872 
4141.025641025642 4074.358974358975 4285.128205128206 4493.846153846154 4484.102564102564 4682.564102564103 4412.820512820514 4379.48717948718 4725.641025641026 4056.9230769230776 3945.1282051282055 4295.384615384616 4610.256410256411 4390.256410256411 
4134.358974358975 4072.307692307693 4293.333333333334 4489.743589743591 4482.564102564103 4681.025641025642 4414.871794871796 4381.538461538462 4725.641025641026 4060.0000000000005 3947.1794871794878 4308.717948717949 4608.717948717949 4396.410256410257 
4129.2307692307695 4068.205128205129 4283.589743589744 4482.564102564103 4483.076923076924 4684.615384615386 4409.2307692307695 4383.589743589744 4730.256410256411 4061.538461538462 3941.538461538462 4306.666666666667 4608.717948717949 4395.384615384616 
4142.564102564103 4072.307692307693 4279.48717948718 4488.205128205129 4481.025641025642 4683.589743589744 4404.102564102564 4378.974358974359 4731.794871794872 4060.5128205128212 3941.0256410256416 4298.974358974359 4614.358974358975 4390.256410256411 
4145.128205128206 4073.333333333334 4271.794871794872 4494.358974358975 4484.615384615385 4682.051282051282 4408.205128205129 4382.564102564103 4729.743589743591 4061.0256410256416 3941.538461538462 4291.794871794872 4610.256410256411 4389.743589743591 
4154.358974358975 4077.435897435898 4284.102564102564 4489.743589743591 4480.000000000001 4672.820512820514 4411.794871794872 4387.179487179487 4727.179487179488 4062.564102564103 3942.0512820512827 4309.743589743591 4614.358974358975 4401.538461538462 
4154.871794871796 4074.358974358975 4284.102564102564 4489.2307692307695 4480.000000000001 4677.948717948719 4414.358974358975 4384.102564102564 4727.6923076923085 4058.461538461539 3938.461538461539 4306.153846153847 4616.410256410257 4399.48717948718 
4162.051282051282 4073.333333333334 4286.153846153847 4500.512820512821 4479.48717948718 4678.974358974359 4416.410256410257 4374.358974358975 4728.205128205129 4058.461538461539 3942.0512820512827 4291.794871794872 4618.974358974359 4397.948717948719 
4142.564102564103 4075.8974358974365 4283.076923076924 4496.923076923077 4480.000000000001 4677.948717948719 4421.025641025642 4379.48717948718 4726.666666666667 4060.5128205128212 3945.1282051282055 4285.128205128206 4612.307692307693 4398.461538461539 
4140.512820512821 4079.48717948718 4295.384615384616 4489.743589743591 4474.358974358975 4673.846153846154 4420.000000000001 4386.153846153847 4726.153846153847 4061.0256410256416 3951.2820512820517 4303.076923076924 4615.384615384616 4402.564102564103 
4135.384615384616 4071.7948717948725 4285.641025641026 4494.358974358975 4481.025641025642 4682.051282051282 4417.948717948719 4383.076923076924 4731.794871794872 4062.0512820512827 3950.2564102564106 4296.923076923077 4613.333333333334 4391.794871794872 
4142.564102564103 4077.435897435898 4279.48717948718 4502.051282051282 4482.051282051282 4683.076923076924 4415.384615384616 4376.410256410257 4731.794871794872 4064.615384615385 3946.1538461538466 4296.923076923077 4613.846153846154 4388.717948717949 
4145.641025641026 4089.23076923077 4275.384615384616 4501.025641025642 4478.974358974359 4680.512820512821 4410.769230769231 4379.48717948718 4723.589743589744 4062.564102564103 3943.589743589744 4312.307692307693 4611.282051282052 4392.820512820514 
4164.102564102564 4088.205128205129 4291.794871794872 4499.48717948718 4477.435897435898 4676.923076923077 4406.153846153847 4381.538461538462 4722.051282051282 4059.48717948718 3942.0512820512827 4327.6923076923085 4612.307692307693 4395.8974358974365 
4177.435897435898 4083.076923076924 4304.615384615385 4505.641025641026 4478.974358974359 4680.000000000001 4408.717948717949 4378.974358974359 4725.128205128206 4059.48717948718 3936.9230769230776 4324.615384615385 4612.820512820514 4392.820512820514 
4187.6923076923085 4092.820512820513 4306.666666666667 4510.769230769231 4472.307692307693 4677.435897435898 4406.666666666667 4375.384615384616 4718.974358974359 4058.9743589743593 3935.8974358974365 4326.666666666667 4612.820512820514 4394.871794871796 
4190.256410256411 4095.8974358974365 4306.666666666667 4512.820512820514 4468.717948717949 4669.743589743591 4402.051282051282 4375.384615384616 4716.923076923077 4057.435897435898 3936.9230769230776 4339.48717948718 4610.256410256411 4404.102564102564 
4184.102564102564 4085.6410256410263 4308.205128205129 4515.384615384616 4473.333333333334 4668.717948717949 4415.8974358974365 4374.871794871796 4719.48717948718 4057.9487179487182 3935.3846153846157 4344.102564102564 4606.153846153847 4404.102564102564 
4183.589743589744 4088.717948717949 4330.256410256411 4523.076923076924 4469.743589743591 4670.769230769231 4431.282051282052 4370.256410256411 4716.923076923077 4058.461538461539 3938.461538461539 4350.256410256411 4608.717948717949 4402.051282051282 
4177.948717948719 4102.051282051282 4351.282051282052 4529.2307692307695 4464.615384615385 4670.769230769231 4425.128205128206 4365.128205128206 4716.410256410257 4055.8974358974365 3941.538461538462 4352.307692307693 4608.205128205129 4400.512820512821 
4183.076923076924 4102.564102564103 4355.384615384616 4531.282051282052 4460.000000000001 4667.6923076923085 4413.846153846154 4363.589743589744 4719.48717948718 4055.8974358974365 3946.666666666667 4357.435897435898 4610.769230769231 4405.641025641026 
4170.256410256411 4089.23076923077 4321.538461538462 4528.205128205129 4466.153846153847 4677.948717948719 4413.846153846154 4371.794871794872 4719.48717948718 4058.461538461539 3945.6410256410263 4343.076923076924 4605.641025641026 4401.025641025642 
4169.2307692307695 4091.2820512820517 4311.282051282052 4523.589743589744 4470.256410256411 4682.051282051282 4411.282051282052 4374.358974358975 4720.512820512821 4058.461538461539 3946.1538461538466 4326.666666666667 4608.717948717949 4396.923076923077 
4162.051282051282 4092.307692307693 4307.179487179487 4517.948717948719 4477.435897435898 4682.564102564103 4409.743589743591 4374.871794871796 4725.128205128206 4057.9487179487182 3945.6410256410263 4304.615384615385 4610.769230769231 4396.923076923077 
4170.769230769231 4087.1794871794878 4307.6923076923085 4514.871794871796 4472.820512820514 4676.410256410257 4414.871794871796 4376.410256410257 4724.615384615386 4061.0256410256416 3950.2564102564106 4305.641025641026 4613.846153846154 4404.102564102564 
4158.461538461539 4078.461538461539 4291.794871794872 4508.717948717949 4474.871794871796 4684.615384615386 4420.512820512821 4382.564102564103 4725.641025641026 4062.564102564103 3947.1794871794878 4303.076923076924 4608.717948717949 4399.48717948718 
4151.794871794872 4083.076923076924 4301.025641025642 4506.153846153847 4477.435897435898 4684.615384615386 4412.307692307693 4380.000000000001 4727.6923076923085 4061.0256410256416 3945.6410256410263 4303.076923076924 4614.871794871796 4397.948717948719 
4134.871794871796 4082.0512820512827 4307.179487179487 4506.153846153847 4479.48717948718 4684.102564102564 4397.435897435898 4380.000000000001 4729.743589743591 4060.0000000000005 3944.615384615385 4297.948717948719 4613.846153846154 4397.948717948719 
4139.48717948718 4077.9487179487187 4305.128205128206 4504.102564102564 4475.8974358974365 4683.076923076924 4406.153846153847 4382.564102564103 4730.256410256411 4060.0000000000005 3944.615384615385 4308.205128205129 4612.820512820514 4396.923076923077 
4134.358974358975 4077.9487179487187 4285.128205128206 4500.512820512821 4479.48717948718 4690.769230769231 4424.102564102564 4381.538461538462 4728.717948717949 4060.0000000000005 3943.589743589744 4309.743589743591 4612.307692307693 4389.2307692307695 
4133.333333333334 4081.538461538462 4289.74358974359 4499.48717948718 4479.48717948718 4691.794871794872 4384.102564102564 4378.461538461539 4725.128205128206 4062.0512820512827 3947.1794871794878 4303.076923076924 4614.358974358975 4391.282051282052 
4138.461538461539 4074.8717948717954 4300.512820512821 4496.923076923077 4475.384615384616 4685.128205128206 4316.410256410257 4380.512820512821 4725.128205128206 4062.564102564103 3949.2307692307695 4298.974358974359 4613.333333333334 4398.974358974359 
4141.025641025642 4062.564102564103 4290.256410256411 4493.333333333334 4480.000000000001 4683.076923076924 4297.948717948719 4385.128205128206 4727.179487179488 4059.48717948718 3943.589743589744 4301.025641025642 4609.2307692307695 4397.948717948719 
4153.846153846154 4067.692307692308 4285.641025641026 4495.8974358974365 4482.051282051282 4684.102564102564 4310.769230769231 4383.076923076924 4727.6923076923085 4058.9743589743593 3940.5128205128212 4308.717948717949 4611.282051282052 4394.871794871796 
4141.538461538462 4078.9743589743593 4281.538461538462 4495.8974358974365 4478.974358974359 4685.128205128206 4309.2307692307695 4379.48717948718 4727.6923076923085 4061.0256410256416 3942.564102564103 4311.282051282052 4615.8974358974365 4396.410256410257 
4105.128205128206 4071.2820512820517 4254.358974358975 4489.743589743591 4483.589743589744 4687.6923076923085 4310.256410256411 4382.564102564103 4725.641025641026 4061.538461538462 3938.461538461539 4309.743589743591 4612.307692307693 4394.358974358975 
4104.615384615385 4064.1025641025644 4243.076923076924 4485.128205128206 4488.717948717949 4691.282051282052 4312.820512820514 4391.282051282052 4727.179487179488 4061.0256410256416 3931.2820512820517 4311.794871794872 4607.6923076923085 4388.717948717949 
4136.410256410257 4073.333333333334 4260.000000000001 4486.666666666667 4484.615384615385 4687.179487179488 4309.743589743591 4386.666666666667 4731.794871794872 4060.5128205128212 3934.358974358975 4320.000000000001 4613.846153846154 4389.2307692307695 
4118.461538461539 4071.2820512820517 4230.769230769231 4472.307692307693 4490.256410256411 4690.769230769231 4316.923076923077 4387.6923076923085 4735.8974358974365 4060.5128205128212 3934.8717948717954 4302.564102564103 4615.384615384616 4387.179487179487 
4098.461538461539 4055.3846153846157 4224.102564102564 4454.358974358975 4498.461538461539 4694.871794871796 4320.000000000001 4397.435897435898 4732.307692307693 4063.076923076924 3931.7948717948725 4285.128205128206 4612.820512820514 4384.102564102564 
4108.717948717949 4050.7692307692314 4252.820512820514 4454.871794871796 4500.000000000001 4694.871794871796 4314.871794871796 4398.974358974359 4731.282051282052 4064.1025641025644 3932.820512820513 4277.948717948719 4609.743589743591 4383.076923076924 
4125.641025641026 4063.076923076924 4240.512820512821 4462.051282051282 4492.307692307693 4685.128205128206 4313.333333333334 4391.794871794872 4733.846153846154 4063.076923076924 3939.48717948718 4282.564102564103 4612.820512820514 4389.743589743591 
4118.461538461539 4065.6410256410263 4198.461538461539 4465.128205128206 4492.820512820514 4683.076923076924 4313.846153846154 4392.820512820514 4735.384615384616 4062.0512820512827 3938.9743589743593 4275.384615384616 4611.794871794872 4391.282051282052 
4122.051282051282 4065.6410256410263 4251.794871794872 4475.8974358974365 4489.2307692307695 4678.461538461539 4303.589743589744 4390.769230769231 4731.794871794872 4063.076923076924 3943.589743589744 4279.48717948718 4615.384615384616 4394.871794871796 
4110.769230769231 4067.692307692308 4303.076923076924 4480.000000000001 4487.179487179488 4681.025641025642 4295.8974358974365 4389.2307692307695 4730.769230769231 4063.589743589744 3944.615384615385 4279.48717948718 4611.282051282052 4394.358974358975 
4123.076923076924 4074.358974358975 4278.461538461539 4482.564102564103 4481.025641025642 4675.8974358974365 4294.358974358975 4388.717948717949 4731.282051282052 4062.0512820512827 3946.1538461538466 4286.666666666667 4616.410256410257 4396.923076923077 
4131.282051282052 4072.307692307693 4236.923076923077 4492.307692307693 4482.564102564103 4676.410256410257 4289.74358974359 4384.615384615385 4729.2307692307695 4060.5128205128212 3947.692307692308 4285.641025641026 4615.384615384616 4392.307692307693 
4127.6923076923085 4074.8717948717954 4250.256410256411 4490.256410256411 4484.615384615385 4677.435897435898 4286.666666666667 4381.025641025642 4728.717948717949 4063.076923076924 3947.1794871794878 4287.6923076923085 4614.358974358975 4392.307692307693 
4116.410256410257 4080.5128205128212 4277.948717948719 4481.538461538462 4482.051282051282 4677.948717948719 4293.846153846154 4385.128205128206 4728.717948717949 4064.1025641025644 3942.0512820512827 4294.358974358975 4614.358974358975 4393.846153846154 
4120.512820512821 4079.48717948718 4270.769230769231 4489.2307692307695 4481.538461538462 4680.000000000001 4309.743589743591 4385.128205128206 4728.205128205129 4062.0512820512827 3941.538461538462 4291.794871794872 4611.282051282052 4391.282051282052 
4133.333333333334 4076.9230769230776 4244.102564102564 4494.358974358975 4481.538461538462 4681.538461538462 4326.666666666667 4380.512820512821 4729.2307692307695 4061.538461538462 3947.692307692308 4295.8974358974365 4613.333333333334 4391.794871794872 
4126.666666666667 4076.9230769230776 4236.923076923077 4483.076923076924 4482.564102564103 4683.589743589744 4338.974358974359 4384.102564102564 4731.282051282052 4061.0256410256416 3946.666666666667 4307.179487179487 4614.358974358975 4393.333333333334 
4127.6923076923085 4074.8717948717954 4264.102564102564 4486.666666666667 4482.051282051282 4681.538461538462 4344.615384615385 4386.153846153847 4731.282051282052 4061.538461538462 3945.1282051282055 4313.846153846154 4612.820512820514 4395.8974358974365 
4131.282051282052 4070.7692307692314 4268.717948717949 4495.384615384616 4484.102564102564 4684.615384615386 4348.205128205129 4386.153846153847 4727.6923076923085 4063.076923076924 3941.538461538462 4302.564102564103 4606.666666666667 4394.358974358975 
4145.128205128206 4074.8717948717954 4254.871794871796 4490.256410256411 4477.435897435898 4680.512820512821 4342.051282051282 4382.051282051282 4724.102564102564 4062.0512820512827 3942.0512820512827 4312.820512820514 4614.871794871796 4398.461538461539 
4140.000000000001 4073.8461538461543 4241.025641025642 4485.641025641026 4480.512820512821 4682.564102564103 4325.641025641026 4382.564102564103 4725.128205128206 4058.9743589743593 3937.9487179487182 4320.000000000001 4614.871794871796 4394.871794871796 
4141.538461538462 4077.435897435898 4270.769230769231 4493.846153846154 4483.589743589744 4681.025641025642 4320.512820512821 4379.48717948718 4726.666666666667 4059.48717948718 3935.8974358974365 4324.615384615385 4616.410256410257 4392.307692307693 
4131.282051282052 4077.435897435898 4280.000000000001 4489.743589743591 4483.589743589744 4685.128205128206 4335.384615384616 4379.48717948718 4728.205128205129 4057.435897435898 3932.820512820513 4321.538461538462 4612.307692307693 4389.743589743591 
4140.512820512821 4078.461538461539 4266.153846153847 4483.589743589744 4476.923076923077 4684.102564102564 4333.333333333334 4382.564102564103 4726.666666666667 4058.461538461539 3935.8974358974365 4330.769230769231 4611.794871794872 4395.384615384616 
4138.461538461539 4076.410256410257 4244.615384615385 4490.769230769231 4483.076923076924 4687.179487179488 4316.410256410257 4387.179487179487 4725.128205128206 4061.0256410256416 3938.461538461539 4323.076923076924 4608.717948717949 4393.846153846154 
4139.48717948718 4078.461538461539 4266.153846153847 4494.358974358975 4483.076923076924 4681.538461538462 4306.666666666667 4384.615384615385 4725.128205128206 4062.564102564103 3943.076923076924 4313.846153846154 4614.871794871796 4395.384615384616 
4130.256410256411 4076.9230769230776 4277.435897435898 4491.794871794872 4481.025641025642 4678.974358974359 4305.641025641026 4385.128205128206 4728.205128205129 4060.5128205128212 3945.6410256410263 4300.000000000001 4611.282051282052 4395.384615384616 
4141.538461538462 4076.9230769230776 4268.205128205129 4497.435897435898 4481.025641025642 4677.435897435898 4298.974358974359 4385.128205128206 4728.205128205129 4061.0256410256416 3948.717948717949 4293.846153846154 4608.205128205129 4396.923076923077 
4140.512820512821 4078.461538461539 4255.8974358974365 4500.512820512821 4481.538461538462 4678.974358974359 4298.461538461539 4383.589743589744 4726.666666666667 4060.5128205128212 3950.2564102564106 4291.282051282052 4613.333333333334 4396.410256410257 
4133.846153846154 4081.0256410256416 4269.74358974359 4494.871794871796 4478.461538461539 4678.461538461539 4305.641025641026 4382.051282051282 4727.6923076923085 4060.5128205128212 3948.717948717949 4291.794871794872 4618.974358974359 4394.871794871796 
4131.282051282052 4077.9487179487187 4287.6923076923085 4496.923076923077 4478.974358974359 4679.48717948718 4315.384615384616 4381.538461538462 4729.743589743591 4062.564102564103 3950.7692307692314 4291.282051282052 4615.8974358974365 4396.410256410257 
4131.282051282052 4075.3846153846157 4285.641025641026 4501.025641025642 4480.000000000001 4681.025641025642 4323.076923076924 4383.589743589744 4729.743589743591 4061.0256410256416 3953.333333333334 4289.74358974359 4609.2307692307695 4396.923076923077 
4134.871794871796 4081.0256410256416 4280.000000000001 4497.435897435898 4475.8974358974365 4681.025641025642 4325.128205128206 4383.589743589744 4728.717948717949 4057.9487179487182 3952.307692307693 4297.435897435898 4611.794871794872 4400.512820512821 
4129.74358974359 4081.538461538462 4268.717948717949 4494.871794871796 4478.974358974359 4685.641025641026 4333.333333333334 4381.538461538462 4727.6923076923085 4059.48717948718 3945.6410256410263 4295.8974358974365 4613.846153846154 4397.948717948719 
4136.410256410257 4077.435897435898 4270.256410256411 4498.974358974359 4479.48717948718 4685.128205128206 4338.974358974359 4378.974358974359 4725.128205128206 4062.564102564103 3945.6410256410263 4300.000000000001 4617.435897435898 4398.974358974359 
4130.256410256411 4075.3846153846157 4261.025641025642 4496.410256410257 4481.025641025642 4688.717948717949 4339.48717948718 4384.102564102564 4725.128205128206 4060.5128205128212 3942.0512820512827 4300.512820512821 4608.717948717949 4396.923076923077 
4142.564102564103 4082.0512820512827 4259.48717948718 4497.948717948719 4479.48717948718 4682.564102564103 4349.743589743591 4381.538461538462 4728.205128205129 4058.461538461539 3940.5128205128212 4308.717948717949 4609.743589743591 4396.923076923077 
4142.564102564103 4078.9743589743593 4251.282051282052 4500.000000000001 4482.051282051282 4682.564102564103 4357.948717948719 4380.000000000001 4729.743589743591 4059.48717948718 3937.9487179487182 4308.717948717949 4610.769230769231 4392.820512820514 
4142.564102564103 4077.9487179487187 4269.74358974359 4496.923076923077 4478.461538461539 4680.000000000001 4349.743589743591 4380.000000000001 4727.179487179488 4060.0000000000005 3940.5128205128212 4318.461538461539 4615.384615384616 4396.923076923077 
4130.769230769231 4075.3846153846157 4273.333333333334 4493.333333333334 4483.076923076924 4685.641025641026 4350.256410256411 4381.025641025642 4726.666666666667 4060.0000000000005 3938.461538461539 4316.923076923077 4610.256410256411 4394.871794871796 
4141.025641025642 4080.0000000000005 4267.6923076923085 4496.410256410257 4482.564102564103 4683.589743589744 4353.333333333334 4378.461538461539 4725.641025641026 4061.538461538462 3939.48717948718 4321.538461538462 4612.307692307693 4395.384615384616 
4137.435897435898 4080.5128205128212 4250.256410256411 4494.871794871796 4484.615384615385 4686.153846153847 4336.923076923077 4382.564102564103 4725.128205128206 4060.0000000000005 3937.9487179487182 4322.564102564103 4609.743589743591 4392.820512820514 
4135.8974358974365 4082.0512820512827 4259.48717948718 4495.384615384616 4484.102564102564 4682.051282051282 4316.410256410257 4384.102564102564 4725.641025641026 4060.5128205128212 3936.9230769230776 4327.179487179487 4609.743589743591 4393.333333333334 
4133.846153846154 4080.5128205128212 4273.333333333334 4498.461538461539 4482.051282051282 4681.538461538462 4314.871794871796 4384.102564102564 4726.153846153847 4060.5128205128212 3936.9230769230776 4321.025641025642 4607.6923076923085 4394.358974358975 
4142.051282051282 4079.48717948718 4276.410256410257 4496.410256410257 4478.461538461539 4682.051282051282 4316.923076923077 4381.025641025642 4726.153846153847 4059.48717948718 3941.0256410256416 4319.48717948718 4612.820512820514 4400.512820512821 
4138.974358974359 4077.9487179487187 4270.256410256411 4497.435897435898 4480.000000000001 4681.025641025642 4313.846153846154 4378.974358974359 4725.641025641026 4060.5128205128212 3943.076923076924 4317.948717948719 4615.384615384616 4401.538461538462 
4138.461538461539 4077.435897435898 4276.410256410257 4502.564102564103 4480.512820512821 4680.000000000001 4315.384615384616 4378.974358974359 4725.641025641026 4062.0512820512827 3944.1025641025644 4311.282051282052 4611.794871794872 4399.48717948718 
4143.589743589744 4080.5128205128212 4287.179487179487 4503.076923076924 4476.923076923077 4682.051282051282 4328.717948717949 4376.923076923077 4725.641025641026 4060.0000000000005 3946.1538461538466 4308.205128205129 4611.282051282052 4400.512820512821 
4140.000000000001 4082.0512820512827 4280.512820512821 4500.512820512821 4477.435897435898 4684.615384615386 4341.025641025642 4378.461538461539 4726.666666666667 4057.435897435898 3944.1025641025644 4302.051282051282 4612.820512820514 4398.461538461539 
4139.48717948718 4081.0256410256416 4278.974358974359 4506.666666666667 4476.923076923077 4681.538461538462 4338.461538461539 4380.512820512821 4726.153846153847 4060.0000000000005 3947.692307692308 4301.025641025642 4615.8974358974365 4399.48717948718 
4133.333333333334 4080.5128205128212 4279.48717948718 4509.2307692307695 4475.8974358974365 4683.076923076924 4330.769230769231 4381.538461538462 4727.179487179488 4062.0512820512827 3951.7948717948725 4297.435897435898 4613.846153846154 4398.974358974359 
4142.051282051282 4086.666666666667 4292.307692307693 4504.102564102564 4471.282051282052 4678.974358974359 4332.820512820514 4376.923076923077 4729.743589743591 4060.5128205128212 3952.820512820513 4305.641025641026 4618.461538461539 4402.051282051282 
4138.974358974359 4083.589743589744 4287.6923076923085 4503.076923076924 4474.871794871796 4682.564102564103 4340.000000000001 4379.48717948718 4728.717948717949 4060.0000000000005 3946.666666666667 4299.48717948718 4614.358974358975 4398.461538461539 
4148.717948717949 4082.0512820512827 4288.205128205129 4511.794871794872 4474.871794871796 4682.051282051282 4331.794871794872 4380.000000000001 4724.102564102564 4061.538461538462 3947.692307692308 4305.128205128206 4614.871794871796 4400.000000000001 
4141.538461538462 4085.1282051282055 4275.384615384616 4510.256410256411 4475.8974358974365 4686.153846153847 4324.102564102564 4378.974358974359 4724.102564102564 4061.538461538462 3946.1538461538466 4313.333333333334 4611.282051282052 4400.512820512821 
4152.820512820514 4088.717948717949 4292.820512820514 4509.743589743591 4473.333333333334 4683.076923076924 4336.410256410257 4376.410256410257 4725.641025641026 4060.5128205128212 3946.1538461538466 4325.128205128206 4612.307692307693 4404.102564102564 
4154.358974358975 4086.666666666667 4304.615384615385 4515.8974358974365 4477.948717948719 4687.6923076923085 4352.307692307693 4377.948717948719 4725.128205128206 4059.48717948718 3942.0512820512827 4325.641025641026 4608.205128205129 4394.871794871796 
4161.538461538462 4093.8461538461543 4304.615384615385 4521.025641025642 4472.820512820514 4687.179487179488 4348.205128205129 4376.410256410257 4721.538461538462 4058.9743589743593 3942.0512820512827 4340.512820512821 4612.820512820514 4398.461538461539 
4156.410256410257 4095.3846153846157 4290.769230769231 4521.538461538462 4470.769230769231 4690.256410256411 4348.717948717949 4373.846153846154 4721.025641025642 4058.461538461539 3942.564102564103 4349.743589743591 4611.794871794872 4405.641025641026 
4156.410256410257 4091.7948717948725 4292.820512820514 4518.461538461539 4471.282051282052 4691.794871794872 4354.358974358975 4370.769230769231 4722.564102564103 4058.9743589743593 3943.076923076924 4348.205128205129 4610.769230769231 4402.051282051282 
4141.538461538462 4083.589743589744 4290.256410256411 4509.2307692307695 4473.846153846154 4694.358974358975 4345.128205128206 4374.358974358975 4723.589743589744 4061.0256410256416 3941.538461538462 4331.282051282052 4609.743589743591 4391.794871794872 
4134.358974358975 4083.589743589744 4287.6923076923085 4505.641025641026 4471.282051282052 4689.743589743591 4328.717948717949 4381.025641025642 4723.076923076924 4061.0256410256416 3944.615384615385 4325.641025641026 4611.282051282052 4396.923076923077 
4144.615384615385 4089.7435897435903 4281.538461538462 4514.358974358975 4473.333333333334 4687.179487179488 4322.051282051282 4380.512820512821 4724.102564102564 4056.9230769230776 3944.1025641025644 4334.358974358975 4612.307692307693 4401.538461538462 
4158.974358974359 4098.461538461539 4266.153846153847 4518.974358974359 4478.974358974359 4690.769230769231 4319.48717948718 4372.307692307693 4723.589743589744 4059.48717948718 3932.820512820513 4336.923076923077 4610.256410256411 4391.282051282052 
4160.512820512821 4102.051282051282 4266.153846153847 4512.820512820514 4477.435897435898 4686.666666666667 4313.846153846154 4368.717948717949 4721.025641025642 4063.589743589744 3929.2307692307695 4336.410256410257 4611.794871794872 4389.2307692307695 
4147.179487179487 4090.2564102564106 4278.974358974359 4501.538461538462 4473.333333333334 4680.512820512821 4341.025641025642 4378.461538461539 4722.051282051282 4060.5128205128212 3937.435897435898 4336.923076923077 4613.846153846154 4396.923076923077 
4139.48717948718 4071.7948717948725 4294.871794871796 4492.820512820514 4469.2307692307695 4682.051282051282 4392.307692307693 4387.179487179487 4724.615384615386 4059.48717948718 3948.205128205129 4335.384615384616 4616.923076923077 4404.615384615385 
4121.025641025642 4061.538461538462 4295.8974358974365 4494.871794871796 4474.358974358975 4693.846153846154 4412.820512820514 4390.769230769231 4726.153846153847 4062.564102564103 3952.820512820513 4302.051282051282 4611.282051282052 4401.538461538462 
4122.564102564103 4078.9743589743593 4300.512820512821 4508.205128205129 4473.846153846154 4689.2307692307695 4394.871794871796 4384.102564102564 4725.641025641026 4063.076923076924 3961.538461538462 4285.641025641026 4615.8974358974365 4407.179487179487 
4130.256410256411 4093.333333333334 4276.923076923077 4512.307692307693 4476.410256410257 4685.128205128206 4377.948717948719 4376.923076923077 4724.102564102564 4057.9487179487182 3957.435897435898 4293.333333333334 4616.410256410257 4407.179487179487 
4156.923076923077 4094.358974358975 4264.102564102564 4516.410256410257 4477.435897435898 4684.102564102564 4367.179487179487 4368.205128205129 4725.128205128206 4059.48717948718 3947.1794871794878 4310.256410256411 4617.948717948719 4400.512820512821 
4157.948717948719 4094.358974358975 4256.410256410257 4523.589743589744 4480.512820512821 4691.282051282052 4364.615384615385 4372.307692307693 4726.666666666667 4062.564102564103 3939.48717948718 4294.358974358975 4614.358974358975 4388.717948717949 
4161.538461538462 4097.435897435898 4284.102564102564 4517.435897435898 4473.333333333334 4681.025641025642 4379.48717948718 4379.48717948718 4725.128205128206 4062.0512820512827 3945.1282051282055 4291.794871794872 4619.48717948718 4393.333333333334 
4149.2307692307695 4076.9230769230776 4309.743589743591 4499.48717948718 4471.282051282052 4677.948717948719 4403.589743589744 4385.128205128206 4724.102564102564 4058.461538461539 3948.717948717949 4308.717948717949 4614.358974358975 4397.435897435898 
4147.6923076923085 4060.5128205128212 4315.384615384616 4494.358974358975 4471.794871794872 4680.512820512821 4420.000000000001 4384.102564102564 4726.153846153847 4059.48717948718 3950.2564102564106 4328.205128205129 4614.358974358975 4402.051282051282 
4127.179487179487 4068.717948717949 4281.538461538462 4497.435897435898 4474.358974358975 4686.666666666667 4421.025641025642 4377.948717948719 4728.717948717949 4063.076923076924 3949.7435897435903 4321.538461538462 4616.923076923077 4404.102564102564 
4116.410256410257 4085.6410256410263 4265.641025641026 4498.461538461539 4474.358974358975 4688.205128205129 4394.871794871796 4371.794871794872 4729.743589743591 4062.564102564103 3948.717948717949 4314.871794871796 4618.974358974359 4405.641025641026 
4117.948717948719 4088.717948717949 4255.8974358974365 4503.589743589744 4483.076923076924 4695.8974358974365 4373.846153846154 4378.974358974359 4729.2307692307695 4060.0000000000005 3941.538461538462 4312.820512820514 4613.333333333334 4398.461538461539 
4127.179487179487 4086.666666666667 4245.641025641026 4504.102564102564 4487.6923076923085 4694.871794871796 4377.435897435898 4393.846153846154 4728.717948717949 4059.48717948718 3935.3846153846157 4307.179487179487 4611.282051282052 4390.256410256411 
4137.948717948719 4079.48717948718 4268.205128205129 4495.384615384616 4480.000000000001 4681.025641025642 4373.846153846154 4396.923076923077 4728.717948717949 4061.0256410256416 3941.0256410256416 4304.615384615385 4613.846153846154 4392.307692307693 
4154.871794871796 4068.717948717949 4298.461538461539 4489.743589743591 4474.358974358975 4672.820512820514 4354.871794871796 4387.179487179487 4728.205128205129 4060.5128205128212 3946.1538461538466 4310.769230769231 4614.871794871796 4396.923076923077 
4166.153846153847 4064.1025641025644 4294.871794871796 4493.333333333334 4475.8974358974365 4675.384615384616 4349.2307692307695 4372.820512820514 4726.153846153847 4057.9487179487182 3941.0256410256416 4324.615384615385 4616.923076923077 4399.48717948718 
4149.2307692307695 4070.2564102564106 4267.6923076923085 4498.461538461539 4482.051282051282 4684.615384615386 4357.948717948719 4362.564102564103 4723.589743589744 4057.435897435898 3933.333333333334 4321.025641025642 4612.820512820514 4394.871794871796 
4140.000000000001 4084.615384615385 4260.512820512821 4501.538461538462 4480.000000000001 4683.076923076924 4356.410256410257 4366.153846153847 4723.589743589744 4062.0512820512827 3937.435897435898 4321.025641025642 4613.846153846154 4396.923076923077 
4119.48717948718 4086.1538461538466 4245.641025641026 4495.8974358974365 4481.025641025642 4684.615384615386 4350.769230769231 4389.743589743591 4727.6923076923085 4062.0512820512827 3935.3846153846157 4317.948717948719 4610.769230769231 4394.358974358975 
4115.8974358974365 4084.1025641025644 4258.461538461539 4493.846153846154 4482.051282051282 4685.128205128206 4346.153846153847 4401.025641025642 4728.717948717949 4060.0000000000005 3935.3846153846157 4321.538461538462 4612.307692307693 4392.307692307693 
4114.358974358975 4081.0256410256416 4280.000000000001 4496.923076923077 4483.589743589744 4686.153846153847 4341.538461538462 4395.384615384616 4728.205128205129 4060.0000000000005 3940.5128205128212 4307.179487179487 4609.2307692307695 4391.794871794872 
4131.794871794872 4080.5128205128212 4298.974358974359 4496.410256410257 4471.794871794872 4674.358974358975 4327.6923076923085 4379.48717948718 4727.6923076923085 4060.5128205128212 3949.2307692307695 4301.538461538462 4615.384615384616 4404.102564102564 
4140.000000000001 4069.23076923077 4283.589743589744 4492.820512820514 4470.256410256411 4676.410256410257 4321.025641025642 4368.717948717949 4727.179487179488 4055.3846153846157 3947.692307692308 4300.512820512821 4615.384615384616 4405.641025641026 
4158.461538461539 4067.692307692308 4275.8974358974365 4499.48717948718 4476.410256410257 4681.538461538462 4327.6923076923085 4363.589743589744 4725.128205128206 4055.8974358974365 3947.692307692308 4306.153846153847 4617.948717948719 4399.48717948718 
4141.025641025642 4080.0000000000005 4263.076923076924 4504.102564102564 4483.589743589744 4685.641025641026 4329.743589743591 4376.923076923077 4726.666666666667 4059.48717948718 3946.1538461538466 4291.794871794872 4612.820512820514 4391.282051282052 
4126.153846153847 4091.7948717948725 4266.666666666667 4497.435897435898 4480.000000000001 4680.512820512821 4322.564102564103 4393.846153846154 4728.205128205129 4058.9743589743593 3948.205128205129 4284.615384615385 4610.769230769231 4395.8974358974365 
4122.051282051282 4081.538461538462 4270.769230769231 4493.846153846154 4479.48717948718 4683.076923076924 4328.205128205129 4401.025641025642 4729.743589743591 4060.5128205128212 3947.692307692308 4287.6923076923085 4613.333333333334 4397.948717948719 
4127.6923076923085 4074.8717948717954 4278.974358974359 4497.435897435898 4481.538461538462 4685.128205128206 4334.358974358975 4392.307692307693 4729.2307692307695 4064.1025641025644 3946.1538461538466 4299.48717948718 4618.974358974359 4397.435897435898 
4123.589743589744 4085.1282051282055 4284.102564102564 4496.923076923077 4481.025641025642 4686.666666666667 4330.256410256411 4374.358974358975 4724.615384615386 4062.564102564103 3945.1282051282055 4309.743589743591 4616.410256410257 4400.000000000001 
4134.871794871796 4085.6410256410263 4284.102564102564 4496.923076923077 4477.948717948719 4687.6923076923085 4333.333333333334 4364.615384615385 4722.564102564103 4060.0000000000005 3941.0256410256416 4317.435897435898 4613.333333333334 4401.025641025642 
4150.769230769231 4072.820512820513 4273.846153846154 4501.025641025642 4477.948717948719 4688.205128205129 4346.666666666667 4370.769230769231 4724.615384615386 4061.0256410256416 3938.461538461539 4323.589743589744 4616.410256410257 4394.871794871796 
4144.615384615385 4075.8974358974365 4267.179487179487 4498.461538461539 4481.538461538462 4685.641025641026 4366.153846153847 4384.102564102564 4725.641025641026 4060.5128205128212 3938.461538461539 4318.461538461539 4611.282051282052 4385.128205128206 
4145.128205128206 4085.6410256410263 4284.102564102564 4493.333333333334 4477.948717948719 4677.435897435898 4377.948717948719 4390.769230769231 4725.128205128206 4057.9487179487182 3942.0512820512827 4314.358974358975 4611.282051282052 4391.794871794872 
4145.641025641026 4072.307692307693 4284.102564102564 4493.846153846154 4476.410256410257 4682.564102564103 4370.256410256411 4394.358974358975 4726.153846153847 4057.9487179487182 3943.589743589744 4308.205128205129 4611.282051282052 4396.923076923077 
4150.256410256411 4067.692307692308 4277.948717948719 4499.48717948718 4475.384615384616 4684.615384615386 4357.948717948719 4383.076923076924 4726.153846153847 4060.0000000000005 3946.1538461538466 4318.974358974359 4613.846153846154 4398.974358974359 
4126.666666666667 4081.538461538462 4263.076923076924 4497.435897435898 4481.025641025642 4687.6923076923085 4360.512820512821 4369.2307692307695 4725.641025641026 4058.9743589743593 3942.0512820512827 4316.923076923077 4610.769230769231 4395.384615384616 
4128.205128205129 4089.7435897435903 4275.8974358974365 4497.948717948719 4478.974358974359 4685.128205128206 4361.025641025642 4371.282051282052 4725.641025641026 4057.9487179487182 3943.589743589744 4315.8974358974365 4612.820512820514 4397.948717948719 
4130.256410256411 4075.3846153846157 4277.948717948719 4500.512820512821 4481.538461538462 4689.743589743591 4352.307692307693 4389.743589743591 4726.666666666667 4058.461538461539 3941.0256410256416 4311.282051282052 4606.153846153847 4392.307692307693 
4140.000000000001 4073.8461538461543 4278.974358974359 4499.48717948718 4478.974358974359 4683.076923076924 4346.153846153847 4393.333333333334 4725.128205128206 4061.538461538462 3940.5128205128212 4318.461538461539 4610.256410256411 4390.256410256411 
4137.435897435898 4081.0256410256416 4271.794871794872 4495.384615384616 4480.512820512821 4682.564102564103 4340.512820512821 4387.179487179487 4722.564102564103 4063.076923076924 3938.9743589743593 4310.256410256411 4612.820512820514 4391.794871794872 
4150.769230769231 4084.615384615385 4282.051282051282 4497.948717948719 4478.974358974359 4681.025641025642 4328.717948717949 4378.461538461539 4722.564102564103 4061.538461538462 3940.0000000000005 4309.743589743591 4615.384615384616 4400.000000000001 
4143.076923076924 4078.461538461539 4273.846153846154 4501.025641025642 4481.538461538462 4686.153846153847 4330.256410256411 4369.743589743591 4725.641025641026 4057.9487179487182 3937.9487179487182 4314.358974358975 4612.820512820514 4398.974358974359 
4133.846153846154 4081.538461538462 4268.205128205129 4500.512820512821 4481.025641025642 4686.153846153847 4342.051282051282 4367.179487179487 4724.615384615386 4058.461538461539 3942.0512820512827 4314.871794871796 4613.846153846154 4398.461538461539 
4123.589743589744 4083.076923076924 4273.846153846154 4499.48717948718 4477.948717948719 4685.128205128206 4342.051282051282 4379.48717948718 4723.589743589744 4060.0000000000005 3947.1794871794878 4296.923076923077 4611.794871794872 4400.000000000001 
4121.538461538462 4075.3846153846157 4285.641025641026 4500.000000000001 4475.384615384616 4682.051282051282 4334.871794871796 4392.307692307693 4725.128205128206 4060.0000000000005 3950.2564102564106 4291.794871794872 4613.333333333334 4401.025641025642 
4121.538461538462 4068.717948717949 4287.6923076923085 4501.025641025642 4476.923076923077 4683.076923076924 4338.974358974359 4393.846153846154 4727.179487179488 4059.48717948718 3951.7948717948725 4296.923076923077 4614.358974358975 4398.974358974359 
4128.205128205129 4073.333333333334 4286.153846153847 4502.564102564103 4477.948717948719 4685.128205128206 4336.923076923077 4382.051282051282 4726.666666666667 4060.0000000000005 3950.2564102564106 4295.8974358974365 4612.307692307693 4395.8974358974365 
4137.948717948719 4081.0256410256416 4277.948717948719 4502.564102564103 4477.435897435898 4684.615384615386 4325.128205128206 4368.717948717949 4724.102564102564 4059.48717948718 3947.1794871794878 4302.051282051282 4614.871794871796 4396.923076923077 
4141.538461538462 4082.0512820512827 4260.000000000001 4501.538461538462 4483.076923076924 4688.205128205129 4328.717948717949 4368.205128205129 4721.538461538462 4058.461538461539 3941.538461538462 4308.717948717949 4612.307692307693 4393.333333333334 
4148.205128205129 4083.589743589744 4269.74358974359 4500.512820512821 4482.564102564103 4685.641025641026 4337.435897435898 4377.435897435898 4722.564102564103 4058.9743589743593 3940.5128205128212 4316.923076923077 4610.769230769231 4393.333333333334 
4140.512820512821 4083.076923076924 4274.871794871796 4496.410256410257 4480.000000000001 4685.128205128206 4338.461538461539 4390.256410256411 4725.128205128206 4057.9487179487182 3937.9487179487182 4313.333333333334 4608.205128205129 4394.871794871796 
4150.769230769231 4081.538461538462 4281.538461538462 4496.923076923077 4476.410256410257 4678.974358974359 4344.615384615385 4392.820512820514 4724.102564102564 4059.48717948718 3939.48717948718 4318.461538461539 4612.820512820514 4399.48717948718 
4142.564102564103 4071.7948717948725 4278.974358974359 4497.435897435898 4481.025641025642 4683.076923076924 4358.461538461539 4387.6923076923085 4724.102564102564 4061.0256410256416 3937.9487179487182 4315.8974358974365 4606.153846153847 4393.333333333334 
4140.512820512821 4072.307692307693 4288.205128205129 4496.410256410257 4477.435897435898 4683.589743589744 4362.051282051282 4375.8974358974365 4724.102564102564 4058.461538461539 3940.5128205128212 4323.076923076924 4608.717948717949 4396.410256410257 
4130.256410256411 4079.48717948718 4271.282051282052 4496.923076923077 4478.461538461539 4691.794871794872 4356.410256410257 4372.307692307693 4726.153846153847 4055.3846153846157 3940.0000000000005 4315.384615384616 4608.205128205129 4395.8974358974365 
4139.48717948718 4082.564102564103 4272.307692307693 4502.051282051282 4477.948717948719 4689.2307692307695 4354.871794871796 4374.358974358975 4727.6923076923085 4060.0000000000005 3942.0512820512827 4311.282051282052 4610.256410256411 4391.794871794872 
4136.923076923077 4077.435897435898 4269.74358974359 4500.512820512821 4483.076923076924 4686.153846153847 4360.000000000001 4384.615384615385 4728.205128205129 4062.564102564103 3939.48717948718 4307.6923076923085 4608.717948717949 4385.641025641026 
4147.6923076923085 4083.589743589744 4273.333333333334 4493.333333333334 4482.051282051282 4680.000000000001 4349.2307692307695 4388.717948717949 4728.205128205129 4060.0000000000005 3941.538461538462 4312.820512820514 4612.820512820514 4391.794871794872 
4147.6923076923085 4081.538461538462 4275.8974358974365 4491.282051282052 4480.512820512821 4681.025641025642 4329.743589743591 4385.641025641026 4726.153846153847 4059.48717948718 3943.589743589744 4306.666666666667 4610.769230769231 4394.871794871796 
4147.6923076923085 4071.7948717948725 4283.076923076924 4494.871794871796 4476.923076923077 4680.512820512821 4330.769230769231 4380.000000000001 4724.615384615386 4060.5128205128212 3942.564102564103 4305.641025641026 4608.717948717949 4397.948717948719 
4137.948717948719 4070.2564102564106 4276.923076923077 4494.358974358975 4477.948717948719 4684.615384615386 4344.615384615385 4376.923076923077 4725.641025641026 4059.48717948718 3939.48717948718 4310.256410256411 4607.6923076923085 4400.000000000001 
4125.641025641026 4081.0256410256416 4268.205128205129 4495.384615384616 4482.051282051282 4688.205128205129 4341.538461538462 4380.000000000001 4725.128205128206 4060.0000000000005 3941.538461538462 4307.6923076923085 4606.153846153847 4398.461538461539 
4121.025641025642 4083.076923076924 4270.256410256411 4502.051282051282 4483.589743589744 4685.641025641026 4327.6923076923085 4386.666666666667 4725.128205128206 4060.5128205128212 3944.1025641025644 4296.410256410257 4607.179487179488 4396.410256410257 
4122.564102564103 4077.435897435898 4268.205128205129 4501.538461538462 4483.589743589744 4683.589743589744 4327.6923076923085 4390.256410256411 4727.6923076923085 4058.461538461539 3943.589743589744 4290.256410256411 4605.128205128206 4391.282051282052 
4130.769230769231 4078.9743589743593 4271.282051282052 4497.948717948719 4480.000000000001 4680.512820512821 4334.871794871796 4385.128205128206 4725.641025641026 4058.461538461539 3944.615384615385 4301.538461538462 4606.666666666667 4389.743589743591 
4136.410256410257 4077.9487179487187 4273.333333333334 4496.410256410257 4480.512820512821 4682.051282051282 4338.461538461539 4379.48717948718 4723.076923076924 4060.5128205128212 3943.589743589744 4302.051282051282 4606.666666666667 4387.179487179487 
4150.256410256411 4072.820512820513 4282.564102564103 4498.461538461539 4480.512820512821 4681.025641025642 4344.102564102564 4372.307692307693 4724.102564102564 4061.0256410256416 3946.1538461538466 4300.512820512821 4611.282051282052 4391.794871794872 
4141.025641025642 4066.666666666667 4278.974358974359 4494.871794871796 4483.076923076924 4684.615384615386 4354.358974358975 4374.358974358975 4724.102564102564 4057.9487179487182 3944.1025641025644 4294.871794871796 4609.2307692307695 4395.384615384616 
4139.48717948718 4072.307692307693 4285.128205128206 4492.820512820514 4477.435897435898 4682.051282051282 4354.871794871796 4379.48717948718 4721.538461538462 4057.435897435898 3943.589743589744 4305.641025641026 4612.820512820514 4402.564102564103 
4125.128205128206 4072.820512820513 4277.435897435898 4494.358974358975 4479.48717948718 4686.153846153847 4349.743589743591 4387.6923076923085 4725.128205128206 4056.410256410257 3941.538461538462 4305.128205128206 4609.2307692307695 4400.000000000001 
4125.128205128206 4073.333333333334 4281.538461538462 4497.948717948719 4480.000000000001 4684.102564102564 4341.538461538462 4389.2307692307695 4727.6923076923085 4056.410256410257 3942.564102564103 4309.2307692307695 4611.794871794872 4400.512820512821 
4120.512820512821 4072.820512820513 4280.512820512821 4496.410256410257 4484.102564102564 4687.179487179488 4328.205128205129 4387.179487179487 4725.128205128206 4058.461538461539 3938.9743589743593 4310.769230769231 4609.743589743591 4396.410256410257 
4135.384615384616 4077.9487179487187 4287.179487179487 4494.871794871796 4482.564102564103 4683.589743589744 4314.358974358975 4379.48717948718 4723.589743589744 4058.461538461539 3939.48717948718 4322.564102564103 4611.282051282052 4394.871794871796 
4137.435897435898 4078.461538461539 4271.794871794872 4496.410256410257 4484.102564102564 4684.615384615386 4315.8974358974365 4375.384615384616 4724.615384615386 4054.358974358975 3939.48717948718 4318.974358974359 4607.6923076923085 4388.717948717949 
4150.769230769231 4076.410256410257 4270.769230769231 4495.384615384616 4481.025641025642 4683.076923076924 4317.948717948719 4374.871794871796 4725.128205128206 4055.3846153846157 3940.0000000000005 4312.820512820514 4610.256410256411 4388.717948717949 
4150.256410256411 4074.358974358975 4273.333333333334 4494.358974358975 4479.48717948718 4684.615384615386 4312.307692307693 4378.974358974359 4727.179487179488 4058.461538461539 3939.48717948718 4304.615384615385 4606.666666666667 4388.717948717949 
4143.589743589744 4075.8974358974365 4276.410256410257 4494.871794871796 4478.974358974359 4680.000000000001 4314.358974358975 4383.589743589744 4726.666666666667 4058.461538461539 3943.076923076924 4305.128205128206 4606.153846153847 4392.820512820514 
4134.358974358975 4073.333333333334 4275.384615384616 4493.333333333334 4480.000000000001 4677.948717948719 4328.205128205129 4385.128205128206 4723.076923076924 4058.461538461539 3946.1538461538466 4304.615384615385 4610.256410256411 4399.48717948718 
4130.256410256411 4068.717948717949 4280.000000000001 4495.384615384616 4480.512820512821 4681.538461538462 4326.666666666667 4384.102564102564 4722.051282051282 4061.0256410256416 3946.1538461538466 4302.051282051282 4610.256410256411 4402.051282051282 
4131.282051282052 4069.7435897435903 4286.153846153847 4502.051282051282 4477.948717948719 4682.564102564103 4309.2307692307695 4381.025641025642 4725.641025641026 4061.538461538462 3946.666666666667 4306.666666666667 4608.205128205129 4402.564102564103 
4128.717948717949 4074.8717948717954 4278.974358974359 4502.051282051282 4480.512820512821 4684.102564102564 4301.538461538462 4383.076923076924 4727.6923076923085 4057.9487179487182 3944.615384615385 4308.205128205129 4604.615384615385 4398.974358974359 
4138.974358974359 4078.461538461539 4272.820512820514 4496.923076923077 4479.48717948718 4683.076923076924 4294.871794871796 4386.153846153847 4727.179487179488 4057.435897435898 3942.564102564103 4310.769230769231 4607.179487179488 4399.48717948718 
4143.589743589744 4074.358974358975 4256.410256410257 4492.307692307693 4482.564102564103 4683.589743589744 4285.128205128206 4386.153846153847 4727.6923076923085 4058.9743589743593 3935.8974358974365 4305.641025641026 4605.641025641026 4392.820512820514 
4157.948717948719 4078.461538461539 4262.051282051282 4494.358974358975 4482.564102564103 4678.461538461539 4287.179487179487 4378.461538461539 4726.153846153847 4058.9743589743593 3936.9230769230776 4312.820512820514 4609.2307692307695 4387.6923076923085 
4148.205128205129 4083.076923076924 4262.564102564103 4490.256410256411 4485.128205128206 4684.615384615386 4303.589743589744 4380.512820512821 4723.589743589744 4058.461538461539 3935.8974358974365 4309.2307692307695 4604.615384615385 4383.589743589744 
4145.128205128206 4083.076923076924 4266.153846153847 4485.128205128206 4482.564102564103 4681.538461538462 4311.794871794872 4382.051282051282 4724.102564102564 4059.48717948718 3938.461538461539 4311.794871794872 4607.179487179488 4390.256410256411 
4129.74358974359 4073.333333333334 4255.8974358974365 4488.205128205129 4483.589743589744 4682.564102564103 4318.461538461539 4380.512820512821 4729.743589743591 4060.0000000000005 3937.435897435898 4307.179487179487 4605.641025641026 4388.717948717949 
4129.2307692307695 4074.8717948717954 4271.282051282052 4493.333333333334 4479.48717948718 4682.051282051282 4331.282051282052 4376.923076923077 4728.205128205129 4060.5128205128212 3940.5128205128212 4311.282051282052 4607.6923076923085 4391.794871794872 
4121.538461538462 4073.333333333334 4283.589743589744 4489.2307692307695 4481.538461538462 4684.102564102564 4341.538461538462 4382.051282051282 4723.076923076924 4057.435897435898 3941.538461538462 4305.128205128206 4606.666666666667 4397.435897435898 
4130.769230769231 4066.666666666667 4292.307692307693 4486.666666666667 4481.025641025642 4678.461538461539 4338.974358974359 4386.666666666667 4725.641025641026 4056.410256410257 3943.076923076924 4306.666666666667 4610.769230769231 4403.076923076924 
4134.871794871796 4062.564102564103 4270.769230769231 4487.6923076923085 4481.025641025642 4681.538461538462 4334.871794871796 4387.179487179487 4727.6923076923085 4058.9743589743593 3940.5128205128212 4306.153846153847 4609.743589743591 4400.000000000001 
4140.512820512821 4072.307692307693 4262.564102564103 4486.666666666667 4477.435897435898 4681.538461538462 4326.666666666667 4382.051282051282 4721.538461538462 4059.48717948718 3943.076923076924 4306.153846153847 4611.794871794872 4398.461538461539 
4135.8974358974365 4076.9230769230776 4262.564102564103 4486.153846153847 4481.538461538462 4680.000000000001 4313.846153846154 4381.538461538462 4723.589743589744 4057.9487179487182 3945.1282051282055 4298.461538461539 4610.256410256411 4393.846153846154 
4137.435897435898 4074.358974358975 4256.410256410257 4490.256410256411 4485.128205128206 4677.435897435898 4302.564102564103 4384.615384615385 4729.2307692307695 4060.0000000000005 3942.0512820512827 4294.871794871796 4611.794871794872 4392.820512820514 
4133.846153846154 4075.8974358974365 4245.641025641026 4491.794871794872 4485.641025641026 4679.48717948718 4300.512820512821 4384.102564102564 4728.717948717949 4060.5128205128212 3940.0000000000005 4298.461538461539 4614.871794871796 4393.333333333334 
4129.2307692307695 4079.48717948718 4254.871794871796 4488.717948717949 4484.615384615385 4680.512820512821 4306.153846153847 4381.538461538462 4727.6923076923085 4059.48717948718 3942.564102564103 4298.461538461539 4612.820512820514 4388.717948717949 
4127.6923076923085 4072.820512820513 4274.871794871796 4485.641025641026 4483.076923076924 4676.410256410257 4317.948717948719 4382.051282051282 4731.282051282052 4061.0256410256416 3946.1538461538466 4292.820512820514 4611.282051282052 4387.6923076923085 
4125.128205128206 4059.48717948718 4277.948717948719 4484.102564102564 4483.589743589744 4676.410256410257 4333.333333333334 4386.666666666667 4733.333333333334 4061.538461538462 3944.1025641025644 4283.589743589744 4611.282051282052 4392.820512820514 
4135.8974358974365 4063.076923076924 4276.923076923077 4485.128205128206 4478.461538461539 4675.384615384616 4341.538461538462 4383.589743589744 4730.769230769231 4060.5128205128212 3946.1538461538466 4293.846153846154 4618.974358974359 4400.512820512821 
4128.717948717949 4068.717948717949 4259.48717948718 4483.076923076924 4480.000000000001 4678.461538461539 4347.6923076923085 4383.589743589744 4729.2307692307695 4059.48717948718 3946.1538461538466 4293.846153846154 4612.307692307693 4396.410256410257 
4133.333333333334 4068.205128205129 4262.051282051282 4486.666666666667 4480.000000000001 4676.923076923077 4350.256410256411 4385.128205128206 4729.743589743591 4060.0000000000005 3946.666666666667 4293.846153846154 4610.769230769231 4397.948717948719 
4135.384615384616 4064.615384615385 4259.48717948718 4487.179487179488 4483.589743589744 4682.051282051282 4343.076923076924 4390.256410256411 4730.769230769231 4058.461538461539 3939.48717948718 4293.846153846154 4608.205128205129 4395.384615384616 
4154.358974358975 4074.358974358975 4268.205128205129 4484.102564102564 4480.000000000001 4674.358974358975 4328.205128205129 4386.666666666667 4729.743589743591 4058.9743589743593 3936.9230769230776 4318.461538461539 4619.48717948718 4398.974358974359 
4130.256410256411 4068.717948717949 4244.615384615385 4478.974358974359 4488.205128205129 4682.564102564103 4322.564102564103 4387.179487179487 4726.153846153847 4058.461538461539 3931.2820512820517 4314.358974358975 4606.666666666667 4389.2307692307695 
4143.589743589744 4065.1282051282055 4258.461538461539 4479.48717948718 4487.179487179488 4683.076923076924 4325.128205128206 4387.6923076923085 4727.179487179488 4058.461538461539 3933.8461538461543 4308.205128205129 4602.564102564103 4387.6923076923085 
4151.794871794872 4066.666666666667 4277.435897435898 4477.948717948719 4485.128205128206 4682.564102564103 4332.307692307693 4387.6923076923085 4730.769230769231 4061.538461538462 3936.410256410257 4309.743589743591 4611.282051282052 4390.256410256411 
4147.6923076923085 4071.7948717948725 4273.846153846154 4475.384615384616 4485.641025641026 4678.461538461539 4334.358974358975 4384.615384615385 4728.717948717949 4063.589743589744 3938.461538461539 4312.307692307693 4617.435897435898 4391.282051282052 
4132.820512820514 4069.7435897435903 4246.666666666667 4476.923076923077 4490.256410256411 4682.564102564103 4329.2307692307695 4386.666666666667 4727.179487179488 4061.0256410256416 3936.9230769230776 4294.358974358975 4609.2307692307695 4385.128205128206 
4140.512820512821 4069.23076923077 4257.435897435898 4476.410256410257 4487.6923076923085 4678.974358974359 4318.974358974359 4388.717948717949 4731.794871794872 4060.0000000000005 3940.0000000000005 4285.641025641026 4610.256410256411 4386.153846153847 
4138.974358974359 4066.666666666667 4280.000000000001 4475.8974358974365 4484.102564102564 4674.871794871796 4315.8974358974365 4386.666666666667 4733.846153846154 4062.564102564103 3946.1538461538466 4287.6923076923085 4616.923076923077 4390.769230769231 
4135.8974358974365 4061.538461538462 4277.435897435898 4477.948717948719 4483.076923076924 4676.923076923077 4313.846153846154 4387.6923076923085 4729.743589743591 4061.538461538462 3944.615384615385 4284.615384615385 4613.846153846154 4390.256410256411 
4147.6923076923085 4064.615384615385 4276.410256410257 4480.512820512821 4479.48717948718 4672.307692307693 4311.794871794872 4386.666666666667 4730.256410256411 4058.9743589743593 3943.589743589744 4286.153846153847 4614.871794871796 4395.8974358974365 
4142.051282051282 4065.1282051282055 4275.384615384616 4482.051282051282 4481.538461538462 4673.333333333334 4312.307692307693 4384.102564102564 4730.256410256411 4057.9487179487182 3944.1025641025644 4285.641025641026 4612.820512820514 4399.48717948718 
4143.076923076924 4065.6410256410263 4283.076923076924 4483.076923076924 4481.025641025642 4673.333333333334 4306.666666666667 4384.615384615385 4729.2307692307695 4060.0000000000005 3946.1538461538466 4291.282051282052 4614.871794871796 4402.051282051282 
4138.974358974359 4068.205128205129 4278.974358974359 4483.076923076924 4485.128205128206 4675.384615384616 4308.205128205129 4388.205128205129 4730.769230769231 4062.564102564103 3942.564102564103 4292.307692307693 4613.846153846154 4398.461538461539 
4135.8974358974365 4073.333333333334 4273.333333333334 4483.076923076924 4488.205128205129 4677.435897435898 4317.948717948719 4385.128205128206 4729.743589743591 4060.5128205128212 3940.0000000000005 4292.307692307693 4612.307692307693 4394.358974358975 
4130.256410256411 4072.820512820513 4261.025641025642 4482.051282051282 4488.717948717949 4681.538461538462 4318.974358974359 4383.589743589744 4730.256410256411 4058.461538461539 3941.0256410256416 4285.128205128206 4609.2307692307695 4388.205128205129 
4144.102564102564 4075.3846153846157 4269.2307692307695 4484.615384615385 4481.538461538462 4672.307692307693 4308.717948717949 4384.615384615385 4731.794871794872 4060.0000000000005 3947.692307692308 4295.8974358974365 4616.923076923077 4391.282051282052 
4140.512820512821 4072.820512820513 4271.794871794872 4484.615384615385 4482.564102564103 4672.307692307693 4309.2307692307695 4387.179487179487 4732.307692307693 4059.48717948718 3947.1794871794878 4294.871794871796 4614.871794871796 4390.256410256411 
4150.256410256411 4068.205128205129 4274.871794871796 4480.000000000001 4482.051282051282 4675.384615384616 4310.769230769231 4381.538461538462 4728.717948717949 4058.9743589743593 3946.666666666667 4296.923076923077 4615.384615384616 4391.282051282052 
4149.2307692307695 4063.076923076924 4262.051282051282 4478.461538461539 4483.076923076924 4676.410256410257 4299.48717948718 4380.512820512821 4728.717948717949 4060.0000000000005 3944.1025641025644 4296.923076923077 4614.871794871796 4392.820512820514 
4152.307692307693 4067.1794871794878 4270.256410256411 4482.564102564103 4478.461538461539 4671.282051282052 4290.256410256411 4383.076923076924 4729.2307692307695 4060.0000000000005 3941.538461538462 4308.717948717949 4616.410256410257 4400.000000000001 
4144.102564102564 4069.23076923077 4269.2307692307695 4480.512820512821 4483.076923076924 4676.923076923077 4292.307692307693 4388.717948717949 4728.205128205129 4058.9743589743593 3935.3846153846157 4310.769230769231 4611.794871794872 4399.48717948718 
4147.6923076923085 4072.820512820513 4265.128205128206 4478.461538461539 4483.589743589744 4672.307692307693 4281.538461538462 4389.2307692307695 4727.6923076923085 4061.0256410256416 3935.3846153846157 4315.384615384616 4618.461538461539 4402.051282051282 
4144.102564102564 4071.7948717948725 4254.871794871796 4478.974358974359 4483.589743589744 4673.333333333334 4262.051282051282 4389.743589743591 4730.256410256411 4062.0512820512827 3934.358974358975 4316.923076923077 4620.512820512821 4400.000000000001 
4146.666666666667 4072.820512820513 4256.410256410257 4479.48717948718 4481.025641025642 4675.8974358974365 4255.8974358974365 4387.6923076923085 4730.769230769231 4062.564102564103 3934.8717948717954 4320.000000000001 4613.846153846154 4396.923076923077 
4144.102564102564 4074.358974358975 4256.923076923077 4481.538461538462 4481.538461538462 4674.358974358975 4260.000000000001 4382.564102564103 4729.743589743591 4063.076923076924 3936.410256410257 4312.307692307693 4611.794871794872 4394.358974358975 
4140.512820512821 4071.7948717948725 4252.307692307693 4482.564102564103 4481.538461538462 4670.769230769231 4257.948717948719 4382.051282051282 4730.769230769231 4062.0512820512827 3936.9230769230776 4302.564102564103 4615.384615384616 4391.282051282052 
4143.589743589744 4069.23076923077 4255.8974358974365 4482.564102564103 4481.025641025642 4671.794871794872 4254.358974358975 4384.102564102564 4730.769230769231 4059.48717948718 3943.076923076924 4299.48717948718 4614.358974358975 4392.307692307693 
4134.358974358975 4070.2564102564106 4256.923076923077 4483.076923076924 4483.589743589744 4672.820512820514 4256.923076923077 4385.128205128206 4730.769230769231 4058.461538461539 3948.205128205129 4288.717948717949 4613.333333333334 4393.846153846154 
4133.333333333334 4075.8974358974365 4262.051282051282 4486.153846153847 4482.051282051282 4666.666666666667 4259.48717948718 4384.102564102564 4731.282051282052 4061.0256410256416 3950.2564102564106 4283.076923076924 4619.48717948718 4395.8974358974365 
4127.179487179487 4071.7948717948725 4260.512820512821 4485.641025641026 4482.051282051282 4669.743589743591 4262.564102564103 4388.205128205129 4730.769230769231 4062.564102564103 3948.717948717949 4278.974358974359 4614.358974358975 4394.871794871796 
4130.256410256411 4068.717948717949 4268.717948717949 4485.641025641026 4480.000000000001 4670.256410256411 4263.589743589744 4386.666666666667 4728.717948717949 4061.0256410256416 3951.2820512820517 4287.179487179487 4614.871794871796 4402.051282051282 
4126.666666666667 4069.7435897435903 4267.179487179487 4487.179487179488 4480.512820512821 4671.282051282052 4267.179487179487 4384.102564102564 4731.794871794872 4059.48717948718 3949.2307692307695 4288.717948717949 4619.48717948718 4405.128205128206 
4133.846153846154 4073.333333333334 4266.153846153847 4488.205128205129 4476.923076923077 4671.282051282052 4276.410256410257 4383.076923076924 4732.820512820514 4061.538461538462 3946.1538461538466 4292.820512820514 4620.512820512821 4406.666666666667 
4133.846153846154 4073.333333333334 4250.256410256411 4486.153846153847 4479.48717948718 4678.461538461539 4283.589743589744 4386.666666666667 4729.2307692307695 4062.564102564103 3942.564102564103 4291.794871794872 4613.846153846154 4400.000000000001 
4141.025641025642 4078.9743589743593 4245.128205128206 4488.717948717949 4482.051282051282 4673.846153846154 4283.589743589744 4383.076923076924 4727.6923076923085 4062.564102564103 3945.6410256410263 4302.051282051282 4617.435897435898 4396.923076923077 
4134.871794871796 4082.0512820512827 4236.923076923077 4489.2307692307695 4485.641025641026 4673.333333333334 4289.2307692307695 4380.000000000001 4731.282051282052 4062.0512820512827 3942.564102564103 4302.051282051282 4613.846153846154 4392.820512820514 
4140.512820512821 4082.564102564103 4246.153846153847 4486.666666666667 4481.025641025642 4675.384615384616 4303.589743589744 4381.025641025642 4729.743589743591 4059.48717948718 3940.5128205128212 4307.179487179487 4614.871794871796 4393.846153846154 
4142.564102564103 4075.8974358974365 4250.256410256411 4487.6923076923085 4482.564102564103 4677.948717948719 4318.974358974359 4384.102564102564 4725.641025641026 4058.461538461539 3938.461538461539 4310.256410256411 4615.384615384616 4391.794871794872 
4145.641025641026 4074.8717948717954 4254.871794871796 4488.205128205129 4484.102564102564 4673.333333333334 4327.179487179487 4380.512820512821 4726.153846153847 4061.538461538462 3939.48717948718 4313.846153846154 4613.333333333334 4392.820512820514 
4138.461538461539 4076.410256410257 4253.846153846154 4481.538461538462 4484.102564102564 4676.923076923077 4330.256410256411 4383.076923076924 4726.153846153847 4062.564102564103 3937.435897435898 4316.410256410257 4608.205128205129 4391.794871794872 
4144.102564102564 4073.8461538461543 4270.256410256411 4480.512820512821 4480.512820512821 4676.410256410257 4324.102564102564 4386.666666666667 4724.615384615386 4059.48717948718 3936.410256410257 4323.589743589744 4611.282051282052 4390.256410256411 
4149.74358974359 4069.7435897435903 4287.179487179487 4487.179487179488 4479.48717948718 4671.282051282052 4309.743589743591 4383.076923076924 4725.641025641026 4057.435897435898 3937.435897435898 4324.615384615385 4614.871794871796 4393.846153846154 
4152.307692307693 4072.307692307693 4278.974358974359 4485.641025641026 4478.461538461539 4672.307692307693 4290.769230769231 4383.076923076924 4728.717948717949 4058.461538461539 3937.9487179487182 4324.102564102564 4612.820512820514 4399.48717948718 
4153.333333333334 4074.358974358975 4264.102564102564 4486.666666666667 4477.948717948719 4674.871794871796 4272.307692307693 4382.564102564103 4725.641025641026 4060.0000000000005 3938.9743589743593 4334.358974358975 4615.384615384616 4400.512820512821 
4148.205128205129 4074.358974358975 4264.615384615385 4493.846153846154 4481.538461538462 4673.333333333334 4267.6923076923085 4380.000000000001 4723.076923076924 4060.5128205128212 3939.48717948718 4328.717948717949 4616.410256410257 4397.948717948719 
4159.48717948718 4081.538461538462 4286.153846153847 4493.333333333334 4476.410256410257 4665.128205128206 4276.923076923077 4378.974358974359 4724.615384615386 4061.0256410256416 3947.1794871794878 4324.615384615385 4622.564102564103 4406.666666666667 
4157.948717948719 4081.0256410256416 4281.538461538462 4487.6923076923085 4472.820512820514 4665.641025641026 4285.128205128206 4381.538461538462 4725.641025641026 4061.0256410256416 3949.2307692307695 4320.512820512821 4623.076923076924 4409.2307692307695 
4162.564102564103 4078.9743589743593 4283.076923076924 4498.974358974359 4468.205128205129 4662.051282051282 4278.461538461539 4373.333333333334 4725.641025641026 4063.076923076924 3952.820512820513 4322.051282051282 4627.179487179488 4408.717948717949 
4153.333333333334 4081.538461538462 4286.666666666667 4505.128205128206 4468.717948717949 4664.102564102564 4272.820512820514 4371.282051282052 4725.641025641026 4062.564102564103 3957.9487179487182 4308.717948717949 4626.666666666667 4405.641025641026 
4158.461538461539 4089.7435897435903 4304.102564102564 4500.000000000001 4462.051282051282 4660.512820512821 4278.974358974359 4372.820512820514 4725.641025641026 4061.0256410256416 3965.1282051282055 4310.769230769231 4632.820512820514 4411.794871794872 
4147.179487179487 4085.6410256410263 4294.871794871796 4499.48717948718 4464.102564102564 4662.564102564103 4287.6923076923085 4373.846153846154 4727.179487179488 4063.076923076924 3963.076923076924 4310.769230769231 4630.769230769231 4409.743589743591 
