4312.307692307693 4051.2820512820517 4355.8974358974365 4468.205128205129 4493.846153846154 4730.256410256411 4356.410256410257 4387.6923076923085 4725.128205128206 4086.666666666667 3948.717948717949 4405.641025641026 4607.6923076923085 4389.743589743591 
4287.179487179487 4044.1025641025644 4344.615384615385 4461.025641025642 4496.410256410257 4737.435897435898 4349.743589743591 4392.307692307693 4726.666666666667 4088.205128205129 3944.615384615385 4390.256410256411 4597.435897435898 4382.564102564103 
4307.6923076923085 4045.1282051282055 4352.307692307693 4467.6923076923085 4491.794871794872 4732.820512820514 4347.179487179487 4392.307692307693 4727.179487179488 4088.717948717949 3944.1025641025644 4368.717948717949 4600.512820512821 4384.615384615385 
4353.846153846154 4061.0256410256416 4361.538461538462 4491.282051282052 4492.820512820514 4725.641025641026 4344.615384615385 4389.2307692307695 4727.179487179488 4088.205128205129 3937.435897435898 4336.410256410257 4606.153846153847 4388.717948717949 
4392.820512820514 4085.6410256410263 4390.256410256411 4518.461538461539 4488.205128205129 4711.794871794872 4333.846153846154 4381.025641025642 4724.102564102564 4087.692307692308 3934.8717948717954 4314.358974358975 4616.923076923077 4400.000000000001 
4393.333333333334 4098.461538461539 4395.384615384616 4533.846153846154 4487.179487179488 4711.282051282052 4331.794871794872 4379.48717948718 4721.538461538462 4086.666666666667 3929.7435897435903 4283.589743589744 4615.8974358974365 4402.564102564103 
4423.076923076924 4117.948717948719 4418.461538461539 4548.717948717949 4481.025641025642 4707.179487179488 4338.461538461539 4374.358974358975 4722.051282051282 4088.205128205129 3927.692307692308 4269.2307692307695 4624.615384615385 4403.076923076924 
4437.435897435898 4132.307692307693 4432.820512820514 4562.564102564103 4482.564102564103 4709.743589743591 4355.384615384616 4371.794871794872 4725.641025641026 4087.1794871794878 3921.0256410256416 4247.6923076923085 4624.102564102564 4393.846153846154 
4447.6923076923085 4136.923076923077 4422.564102564103 4565.641025641026 4480.512820512821 4708.205128205129 4377.435897435898 4369.743589743591 4722.051282051282 4086.1538461538466 3918.9743589743593 4241.538461538462 4628.205128205129 4397.948717948719 
4462.564102564103 4135.8974358974365 4402.051282051282 4564.615384615385 4477.435897435898 4712.307692307693 4404.102564102564 4370.256410256411 4717.948717948719 4086.666666666667 3921.0256410256416 4249.2307692307695 4630.256410256411 4409.2307692307695 
4462.564102564103 4136.923076923077 4430.256410256411 4561.538461538462 4474.358974358975 4716.410256410257 4418.974358974359 4369.2307692307695 4718.974358974359 4085.6410256410263 3926.666666666667 4270.256410256411 4630.256410256411 4413.846153846154 
4440.000000000001 4133.333333333334 4464.615384615385 4551.794871794872 4475.8974358974365 4720.512820512821 4427.179487179487 4366.153846153847 4718.974358974359 4084.1025641025644 3932.820512820513 4301.025641025642 4631.794871794872 4409.743589743591 
4426.666666666667 4128.717948717949 4467.6923076923085 4538.461538461539 4472.307692307693 4720.512820512821 4438.461538461539 4363.589743589744 4715.8974358974365 4085.6410256410263 3942.564102564103 4331.794871794872 4636.410256410257 4417.435897435898 
4426.153846153847 4134.871794871796 4475.8974358974365 4537.435897435898 4465.641025641026 4723.589743589744 4470.769230769231 4362.564102564103 4711.794871794872 4085.6410256410263 3944.1025641025644 4345.128205128206 4637.435897435898 4427.179487179487 
4427.6923076923085 4145.641025641026 4481.538461538462 4544.615384615385 4469.743589743591 4732.820512820514 4494.871794871796 4365.641025641026 4710.769230769231 4083.589743589744 3933.333333333334 4340.512820512821 4634.871794871796 4416.923076923077 
4417.435897435898 4137.435897435898 4466.666666666667 4549.2307692307695 4477.435897435898 4739.48717948718 4491.282051282052 4369.2307692307695 4715.8974358974365 4084.615384615385 3928.717948717949 4336.923076923077 4632.307692307693 4406.153846153847 
4385.128205128206 4111.794871794872 4425.128205128206 4540.512820512821 4485.641025641026 4747.179487179488 4500.512820512821 4377.435897435898 4720.512820512821 4083.589743589744 3925.6410256410263 4314.871794871796 4617.435897435898 4400.000000000001 
4384.102564102564 4106.153846153847 4430.256410256411 4532.307692307693 4485.641025641026 4745.128205128206 4509.743589743591 4376.410256410257 4715.8974358974365 4082.564102564103 3924.1025641025644 4304.615384615385 4616.410256410257 4400.000000000001 
4381.538461538462 4102.051282051282 4438.974358974359 4530.256410256411 4492.820512820514 4748.205128205129 4500.512820512821 4377.435897435898 4717.435897435898 4083.076923076924 3918.461538461539 4297.948717948719 4610.769230769231 4388.717948717949 
4380.000000000001 4091.2820512820517 4427.179487179487 4527.179487179488 4493.846153846154 4745.641025641026 4486.153846153847 4381.025641025642 4722.051282051282 4085.1282051282055 3925.1282051282055 4309.2307692307695 4606.153846153847 4388.717948717949 
4364.615384615385 4087.692307692308 4401.538461538462 4518.974358974359 4493.333333333334 4750.769230769231 4482.564102564103 4382.564102564103 4717.948717948719 4085.6410256410263 3931.2820512820517 4315.384615384616 4603.076923076924 4391.794871794872 
4374.871794871796 4099.48717948718 4425.128205128206 4516.923076923077 4486.666666666667 4750.769230769231 4475.8974358974365 4380.000000000001 4714.871794871796 4086.1538461538466 3932.307692307693 4326.153846153847 4611.282051282052 4394.871794871796 
4354.358974358975 4097.948717948719 4438.461538461539 4519.48717948718 4493.846153846154 4756.410256410257 4470.769230769231 4382.051282051282 4720.512820512821 4084.1025641025644 3929.2307692307695 4323.589743589744 4606.153846153847 4387.179487179487 
4351.282051282052 4096.410256410257 4430.769230769231 4516.410256410257 4493.333333333334 4750.256410256411 4467.6923076923085 4377.435897435898 4718.974358974359 4084.615384615385 3942.564102564103 4341.538461538462 4611.282051282052 4393.333333333334 
4346.153846153847 4096.923076923077 4415.384615384616 4510.256410256411 4489.743589743591 4751.282051282052 4466.153846153847 4374.871794871796 4715.8974358974365 4087.692307692308 3948.205128205129 4353.333333333334 4616.923076923077 4397.948717948719 
4345.128205128206 4091.7948717948725 4426.666666666667 4506.153846153847 4487.6923076923085 4751.282051282052 4469.743589743591 4379.48717948718 4719.48717948718 4088.717948717949 3939.48717948718 4355.384615384616 4614.871794871796 4392.820512820514 
4339.48717948718 4083.076923076924 4422.564102564103 4504.615384615385 4490.256410256411 4750.769230769231 4471.794871794872 4382.051282051282 4722.564102564103 4087.692307692308 3936.9230769230776 4348.205128205129 4608.205128205129 4387.179487179487 
4344.615384615385 4077.9487179487187 4404.102564102564 4501.025641025642 4488.205128205129 4744.615384615386 4463.589743589744 4381.538461538462 4723.076923076924 4088.205128205129 3944.615384615385 4346.666666666667 4611.282051282052 4395.384615384616 
4336.923076923077 4071.7948717948725 4390.769230769231 4494.871794871796 4487.179487179488 4740.512820512821 4452.820512820514 4384.615384615385 4725.128205128206 4088.205128205129 3942.0512820512827 4348.717948717949 4614.871794871796 4397.948717948719 
4318.974358974359 4064.1025641025644 4378.974358974359 4489.743589743591 4491.282051282052 4740.512820512821 4453.846153846154 4389.743589743591 4726.666666666667 4087.692307692308 3933.333333333334 4345.128205128206 4609.2307692307695 4388.717948717949 
4311.282051282052 4057.435897435898 4365.641025641026 4488.717948717949 4491.794871794872 4737.435897435898 4467.179487179487 4391.794871794872 4730.769230769231 4088.205128205129 3937.435897435898 4347.179487179487 4609.743589743591 4388.205128205129 
4298.974358974359 4045.6410256410263 4355.8974358974365 4481.025641025642 4493.333333333334 4732.820512820514 4476.923076923077 4395.384615384616 4736.923076923077 4090.2564102564106 3942.564102564103 4347.179487179487 4609.743589743591 4389.2307692307695 
4288.205128205129 4034.358974358975 4368.717948717949 4465.641025641026 4488.205128205129 4725.128205128206 4473.846153846154 4395.8974358974365 4738.461538461539 4093.333333333334 3943.589743589744 4358.461538461539 4614.871794871796 4389.2307692307695 
4266.666666666667 4016.9230769230776 4361.538461538462 4447.179487179487 4488.205128205129 4726.153846153847 4469.2307692307695 4400.512820512821 4741.025641025642 4091.7948717948725 3941.0256410256416 4362.564102564103 4612.820512820514 4383.076923076924 
4252.307692307693 3992.307692307693 4343.589743589744 4433.333333333334 4488.717948717949 4721.025641025642 4470.256410256411 4405.641025641026 4745.641025641026 4093.333333333334 3953.8461538461543 4373.846153846154 4614.358974358975 4382.564102564103 
4217.435897435898 3974.8717948717954 4313.333333333334 4421.538461538462 4490.769230769231 4720.512820512821 4459.48717948718 4414.358974358975 4748.717948717949 4096.410256410257 3958.9743589743593 4374.871794871796 4607.6923076923085 4375.384615384616 
4238.461538461539 3990.2564102564106 4332.307692307693 4421.538461538462 4482.564102564103 4711.282051282052 4444.102564102564 4409.743589743591 4744.615384615386 4095.3846153846157 3956.9230769230776 4385.128205128206 4613.846153846154 4382.051282051282 
4276.923076923077 4009.23076923077 4352.307692307693 4435.384615384616 4483.589743589744 4705.641025641026 4441.538461538462 4404.102564102564 4741.025641025642 4093.333333333334 3952.820512820513 4385.128205128206 4614.358974358975 4386.153846153847 
4316.410256410257 4025.6410256410263 4369.2307692307695 4453.846153846154 4482.051282051282 4697.948717948719 4436.923076923077 4398.461538461539 4737.948717948719 4094.358974358975 3955.3846153846157 4389.743589743591 4617.948717948719 4390.256410256411 
4328.717948717949 4040.0000000000005 4372.820512820514 4467.179487179487 4482.564102564103 4706.666666666667 4426.153846153847 4394.871794871796 4733.333333333334 4091.2820512820517 3949.2307692307695 4377.948717948719 4613.846153846154 4389.2307692307695 
4354.358974358975 4053.333333333334 4385.641025641026 4477.948717948719 4479.48717948718 4708.717948717949 4425.641025641026 4387.179487179487 4730.769230769231 4089.23076923077 3944.615384615385 4368.205128205129 4615.384615384616 4393.846153846154 
4366.153846153847 4056.9230769230776 4377.435897435898 4489.743589743591 4482.051282051282 4711.794871794872 4430.256410256411 4383.589743589744 4729.743589743591 4090.7692307692314 3942.0512820512827 4356.410256410257 4611.794871794872 4394.871794871796 
4375.384615384616 4061.538461538462 4373.846153846154 4497.948717948719 4484.615384615385 4713.333333333334 4426.153846153847 4382.564102564103 4726.666666666667 4090.7692307692314 3940.0000000000005 4351.282051282052 4610.769230769231 4397.948717948719 
4376.923076923077 4068.205128205129 4384.615384615385 4502.564102564103 4487.179487179488 4717.948717948719 4428.205128205129 4383.076923076924 4723.589743589744 4087.1794871794878 3937.435897435898 4337.435897435898 4609.743589743591 4396.410256410257 
4366.666666666667 4075.8974358974365 4397.948717948719 4503.076923076924 4487.179487179488 4722.564102564103 4433.333333333334 4383.589743589744 4722.051282051282 4087.1794871794878 3936.9230769230776 4329.2307692307695 4610.256410256411 4391.794871794872 
4357.435897435898 4076.9230769230776 4402.051282051282 4501.538461538462 4488.205128205129 4727.6923076923085 4432.307692307693 4381.538461538462 4723.076923076924 4089.23076923077 3940.5128205128212 4344.615384615385 4610.256410256411 4390.256410256411 
4346.666666666667 4072.820512820513 4403.076923076924 4496.410256410257 4492.820512820514 4729.743589743591 4421.025641025642 4381.538461538462 4722.564102564103 4089.23076923077 3943.589743589744 4361.025641025642 4603.589743589744 4389.743589743591 
4346.153846153847 4072.307692307693 4421.538461538462 4494.358974358975 4492.307692307693 4727.179487179488 4408.205128205129 4382.564102564103 4720.000000000001 4087.1794871794878 3947.1794871794878 4372.307692307693 4605.128205128206 4389.743589743591 
4343.076923076924 4070.7692307692314 4429.743589743591 4494.358974358975 4491.282051282052 4734.358974358975 4405.128205128206 4382.564102564103 4720.000000000001 4085.1282051282055 3944.615384615385 4372.307692307693 4604.615384615385 4384.102564102564 
4351.794871794872 4070.7692307692314 4430.769230769231 4497.435897435898 4487.6923076923085 4732.307692307693 4410.256410256411 4375.384615384616 4719.48717948718 4084.615384615385 3947.1794871794878 4383.076923076924 4608.205128205129 4388.205128205129 
4354.358974358975 4073.333333333334 4407.179487179487 4496.923076923077 4490.256410256411 4733.333333333334 4412.820512820514 4376.410256410257 4716.410256410257 4082.564102564103 3947.692307692308 4378.461538461539 4604.102564102564 4392.307692307693 
4369.743589743591 4078.9743589743593 4404.615384615385 4494.358974358975 4488.717948717949 4732.307692307693 4406.666666666667 4380.000000000001 4715.8974358974365 4084.615384615385 3945.6410256410263 4380.000000000001 4608.205128205129 4397.948717948719 
4363.076923076924 4078.461538461539 4401.538461538462 4493.846153846154 4491.282051282052 4737.948717948719 4400.000000000001 4381.025641025642 4718.974358974359 4085.6410256410263 3937.9487179487182 4375.384615384616 4605.641025641026 4390.256410256411 
4372.820512820514 4086.1538461538466 4405.128205128206 4501.025641025642 4489.743589743591 4733.333333333334 4395.384615384616 4374.871794871796 4715.8974358974365 4086.1538461538466 3940.5128205128212 4380.512820512821 4610.769230769231 4392.307692307693 
4373.333333333334 4091.2820512820517 4397.948717948719 4508.205128205129 4491.282051282052 4734.358974358975 4386.666666666667 4376.923076923077 4712.307692307693 4087.1794871794878 3941.538461538462 4369.2307692307695 4609.743589743591 4395.384615384616 
4387.179487179487 4095.8974358974365 4415.8974358974365 4509.2307692307695 4484.102564102564 4729.2307692307695 4378.461538461539 4379.48717948718 4714.871794871796 4087.1794871794878 3942.0512820512827 4366.153846153847 4615.8974358974365 4398.974358974359 
4390.256410256411 4094.8717948717954 4415.384615384616 4509.743589743591 4484.102564102564 4729.2307692307695 4389.743589743591 4377.948717948719 4720.512820512821 4084.1025641025644 3939.48717948718 4356.410256410257 4616.923076923077 4394.358974358975 
4407.179487179487 4095.3846153846157 4415.384615384616 4516.410256410257 4481.538461538462 4726.153846153847 4402.564102564103 4374.358974358975 4719.48717948718 4083.589743589744 3942.564102564103 4348.205128205129 4623.076923076924 4398.974358974359 
4432.820512820514 4113.846153846154 4428.205128205129 4528.717948717949 4475.8974358974365 4721.538461538462 4402.564102564103 4370.769230769231 4715.384615384616 4085.6410256410263 3943.076923076924 4341.025641025642 4633.333333333334 4412.307692307693 
4449.743589743591 4138.974358974359 4448.205128205129 4535.384615384616 4467.179487179487 4713.846153846154 4404.615384615385 4366.153846153847 4717.435897435898 4089.23076923077 3942.0512820512827 4341.538461538462 4644.102564102564 4421.025641025642 
4444.615384615385 4117.435897435898 4441.025641025642 4529.2307692307695 4470.769230769231 4718.461538461539 4442.564102564103 4371.282051282052 4722.564102564103 4091.2820512820517 3941.0256410256416 4334.871794871796 4640.000000000001 4413.846153846154 
4509.743589743591 4168.205128205129 4482.051282051282 4549.2307692307695 4452.307692307693 4690.769230769231 4462.564102564103 4356.923076923077 4712.307692307693 4090.7692307692314 3948.205128205129 4355.384615384616 4661.538461538462 4435.384615384616 
4641.538461538462 4329.2307692307695 4593.333333333334 4613.846153846154 4405.128205128206 4640.000000000001 4460.000000000001 4308.717948717949 4693.846153846154 4089.7435897435903 3965.1282051282055 4416.923076923077 4722.564102564103 4500.512820512821 
4581.538461538462 4292.307692307693 4567.179487179488 4610.769230769231 4418.461538461539 4678.974358974359 4509.743589743591 4314.871794871796 4702.564102564103 4089.23076923077 3965.1282051282055 4420.000000000001 4710.769230769231 4491.794871794872 
4351.282051282052 4055.8974358974365 4416.923076923077 4515.384615384616 4480.512820512821 4762.564102564103 4577.948717948719 4381.538461538462 4731.794871794872 4091.7948717948725 3951.2820512820517 4368.205128205129 4632.307692307693 4408.717948717949 
4255.384615384616 3991.7948717948725 4373.333333333334 4461.025641025642 4496.923076923077 4767.6923076923085 4583.589743589744 4405.128205128206 4740.000000000001 4092.307692307693 3942.0512820512827 4346.153846153847 4604.615384615385 4375.8974358974365 
4337.435897435898 4091.2820512820517 4445.641025641026 4483.076923076924 4465.641025641026 4721.025641025642 4553.333333333334 4377.435897435898 4728.205128205129 4093.333333333334 3953.8461538461543 4380.512820512821 4642.564102564103 4409.743589743591 
4349.743589743591 4088.717948717949 4427.179487179487 4490.769230769231 4469.2307692307695 4725.641025641026 4558.974358974359 4378.974358974359 4728.205128205129 4093.8461538461543 3957.9487179487182 4376.410256410257 4642.051282051282 4411.794871794872 
4325.641025641026 4050.2564102564106 4392.820512820514 4483.589743589744 4477.948717948719 4731.794871794872 4566.153846153847 4389.743589743591 4731.794871794872 4093.8461538461543 3954.8717948717954 4355.384615384616 4631.282051282052 4402.564102564103 
4328.205128205129 4065.1282051282055 4400.000000000001 4492.820512820514 4479.48717948718 4727.179487179488 4566.153846153847 4388.717948717949 4733.846153846154 4093.333333333334 3944.615384615385 4328.205128205129 4630.769230769231 4402.051282051282 
4355.384615384616 4074.8717948717954 4415.384615384616 4505.128205128206 4477.948717948719 4721.538461538462 4558.974358974359 4385.128205128206 4736.923076923077 4094.358974358975 3939.48717948718 4305.641025641026 4634.358974358975 4404.102564102564 
4357.435897435898 4073.333333333334 4398.461538461539 4513.333333333334 4479.48717948718 4722.564102564103 4555.8974358974365 4385.641025641026 4734.358974358975 4093.333333333334 3934.358974358975 4271.794871794872 4628.717948717949 4397.948717948719 
4368.205128205129 4074.8717948717954 4397.435897435898 4515.8974358974365 4478.461538461539 4721.538461538462 4560.512820512821 4387.179487179487 4729.2307692307695 4090.7692307692314 3931.2820512820517 4264.615384615385 4631.282051282052 4398.974358974359 
4354.358974358975 4067.1794871794878 4384.615384615385 4509.2307692307695 4487.6923076923085 4728.717948717949 4570.256410256411 4389.743589743591 4731.282051282052 4088.717948717949 3925.6410256410263 4278.461538461539 4624.615384615385 4394.358974358975 
4351.794871794872 4071.2820512820517 4381.538461538462 4501.538461538462 4487.6923076923085 4725.641025641026 4573.846153846154 4387.179487179487 4731.794871794872 4087.1794871794878 3929.2307692307695 4310.769230769231 4620.000000000001 4392.820512820514 
4343.076923076924 4070.2564102564106 4384.615384615385 4492.820512820514 4484.615384615385 4728.205128205129 4572.307692307693 4388.717948717949 4727.6923076923085 4086.666666666667 3935.8974358974365 4338.461538461539 4615.384615384616 4393.333333333334 
4340.000000000001 4066.666666666667 4401.025641025642 4483.076923076924 4486.153846153847 4731.282051282052 4571.282051282052 4388.205128205129 4725.128205128206 4088.205128205129 3937.9487179487182 4352.820512820514 4614.871794871796 4395.8974358974365 
4348.205128205129 4069.23076923077 4416.923076923077 4484.615384615385 4489.2307692307695 4731.794871794872 4571.794871794872 4384.615384615385 4725.128205128206 4088.717948717949 3934.8717948717954 4354.358974358975 4613.846153846154 4394.871794871796 
4355.8974358974365 4073.333333333334 4415.384615384616 4491.794871794872 4487.179487179488 4732.820512820514 4563.589743589744 4385.641025641026 4725.128205128206 4088.205128205129 3935.3846153846157 4350.256410256411 4607.6923076923085 4391.282051282052 
4355.8974358974365 4078.461538461539 4411.282051282052 4495.384615384616 4483.589743589744 4734.358974358975 4547.6923076923085 4384.615384615385 4724.615384615386 4088.205128205129 3942.0512820512827 4353.846153846154 4609.743589743591 4393.333333333334 
4341.025641025642 4078.461538461539 4404.615384615385 4493.333333333334 4489.743589743591 4737.948717948719 4547.6923076923085 4385.641025641026 4724.615384615386 4089.23076923077 3938.9743589743593 4346.153846153847 4608.205128205129 4388.717948717949 
4347.6923076923085 4077.9487179487187 4411.794871794872 4493.846153846154 4489.743589743591 4736.923076923077 4557.435897435898 4386.666666666667 4724.102564102564 4086.666666666667 3934.358974358975 4341.538461538462 4609.2307692307695 4386.153846153847 
4343.589743589744 4075.8974358974365 4395.8974358974365 4495.8974358974365 4494.358974358975 4742.564102564103 4558.974358974359 4389.2307692307695 4723.076923076924 4082.0512820512827 3932.820512820513 4325.641025641026 4603.589743589744 4382.564102564103 
4347.6923076923085 4076.9230769230776 4383.589743589744 4498.461538461539 4494.358974358975 4740.512820512821 4554.358974358975 4387.6923076923085 4723.589743589744 4085.6410256410263 3938.461538461539 4317.948717948719 4605.641025641026 4386.666666666667 
4340.000000000001 4065.6410256410263 4366.666666666667 4498.461538461539 4499.48717948718 4743.076923076924 4552.307692307693 4391.794871794872 4725.641025641026 4087.1794871794878 3931.2820512820517 4300.512820512821 4598.461538461539 4382.051282051282 
4347.179487179487 4058.461538461539 4376.923076923077 4495.8974358974365 4500.000000000001 4736.923076923077 4545.641025641026 4392.307692307693 4723.589743589744 4083.589743589744 3928.717948717949 4298.974358974359 4600.000000000001 4380.512820512821 
4328.205128205129 4058.9743589743593 4384.615384615385 4486.666666666667 4505.128205128206 4740.512820512821 4535.8974358974365 4393.333333333334 4722.564102564103 4081.538461538462 3926.666666666667 4300.512820512821 4596.410256410257 4375.8974358974365 
4322.564102564103 4064.1025641025644 4398.974358974359 4477.948717948719 4500.512820512821 4738.461538461539 4529.2307692307695 4390.769230769231 4722.564102564103 4084.1025641025644 3931.7948717948725 4327.6923076923085 4601.025641025642 4383.076923076924 
4312.307692307693 4063.076923076924 4383.589743589744 4474.358974358975 4498.461538461539 4741.538461538462 4522.564102564103 4390.256410256411 4722.051282051282 4082.564102564103 3938.461538461539 4351.794871794872 4598.974358974359 4385.641025641026 
4320.000000000001 4065.6410256410263 4374.871794871796 4475.384615384616 4496.410256410257 4738.461538461539 4515.384615384616 4389.743589743591 4720.512820512821 4081.0256410256416 3945.1282051282055 4374.358974358975 4600.000000000001 4386.153846153847 
4322.051282051282 4065.1282051282055 4372.820512820514 4473.846153846154 4498.461538461539 4740.000000000001 4514.358974358975 4387.6923076923085 4721.538461538462 4081.538461538462 3942.564102564103 4374.358974358975 4601.025641025642 4383.076923076924 
4332.820512820514 4069.23076923077 4377.948717948719 4472.820512820514 4496.410256410257 4735.384615384616 4510.256410256411 4384.615384615385 4723.589743589744 4083.076923076924 3938.461538461539 4359.48717948718 4603.589743589744 4384.102564102564 
4345.641025641026 4072.307692307693 4371.794871794872 4482.051282051282 4495.8974358974365 4732.820512820514 4502.564102564103 4386.153846153847 4725.128205128206 4083.589743589744 3934.8717948717954 4334.358974358975 4601.538461538462 4386.153846153847 
4360.000000000001 4071.7948717948725 4363.076923076924 4490.256410256411 4496.410256410257 4729.743589743591 4499.48717948718 4387.6923076923085 4725.128205128206 4084.615384615385 3930.7692307692314 4315.8974358974365 4600.512820512821 4386.153846153847 
4362.051282051282 4073.333333333334 4354.871794871796 4491.282051282052 4495.384615384616 4722.564102564103 4501.538461538462 4389.2307692307695 4726.153846153847 4085.1282051282055 3930.2564102564106 4315.8974358974365 4605.641025641026 4388.205128205129 
4350.256410256411 4073.333333333334 4340.000000000001 4486.666666666667 4500.000000000001 4723.589743589744 4496.410256410257 4394.358974358975 4727.6923076923085 4084.615384615385 3928.717948717949 4313.846153846154 4604.102564102564 4384.615384615385 
4341.025641025642 4062.0512820512827 4346.153846153847 4479.48717948718 4502.051282051282 4725.128205128206 4490.256410256411 4394.871794871796 4727.179487179488 4086.1538461538466 3931.2820512820517 4315.384615384616 4603.589743589744 4382.564102564103 
4317.435897435898 4046.1538461538466 4346.666666666667 4465.641025641026 4503.076923076924 4728.205128205129 4495.384615384616 4395.384615384616 4727.179487179488 4086.666666666667 3931.2820512820517 4313.333333333334 4597.948717948719 4377.948717948719 
4308.717948717949 4044.615384615385 4347.179487179487 4455.384615384616 4500.512820512821 4723.589743589744 4500.512820512821 4394.871794871796 4728.717948717949 4088.717948717949 3934.358974358975 4329.743589743591 4602.564102564103 4380.512820512821 
4294.871794871796 4041.0256410256416 4332.307692307693 4449.743589743591 4506.666666666667 4727.6923076923085 4495.8974358974365 4398.461538461539 4731.282051282052 4088.717948717949 3936.9230769230776 4340.000000000001 4600.512820512821 4378.461538461539 
4301.538461538462 4036.9230769230776 4337.435897435898 4446.666666666667 4501.538461538462 4724.102564102564 4489.743589743591 4398.461538461539 4731.282051282052 4087.1794871794878 3943.076923076924 4352.820512820514 4602.564102564103 4382.564102564103 
4277.435897435898 4028.717948717949 4330.769230769231 4434.358974358975 4499.48717948718 4726.153846153847 4480.000000000001 4401.025641025642 4731.794871794872 4086.666666666667 3945.1282051282055 4366.153846153847 4597.435897435898 4379.48717948718 
4272.307692307693 4025.1282051282055 4333.333333333334 4422.051282051282 4496.923076923077 4722.051282051282 4466.153846153847 4398.974358974359 4732.820512820514 4089.7435897435903 3953.333333333334 4397.435897435898 4602.564102564103 4378.461538461539 
4290.256410256411 4032.820512820513 4322.051282051282 4431.794871794872 4498.461538461539 4722.564102564103 4460.000000000001 4397.948717948719 4733.333333333334 4089.23076923077 3950.2564102564106 4376.410256410257 4604.102564102564 4376.410256410257 
4323.589743589744 4048.717948717949 4336.923076923077 4453.846153846154 4493.846153846154 4714.871794871796 4456.923076923077 4396.923076923077 4731.794871794872 4086.1538461538466 3942.0512820512827 4331.794871794872 4611.282051282052 4381.025641025642 
4314.871794871796 4047.692307692308 4345.128205128206 4457.948717948719 4497.435897435898 4713.846153846154 4452.820512820514 4397.948717948719 4733.846153846154 4087.1794871794878 3937.435897435898 4318.461538461539 4607.179487179488 4380.000000000001 
4321.025641025642 4044.1025641025644 4336.923076923077 4454.871794871796 4499.48717948718 4711.794871794872 4452.307692307693 4395.8974358974365 4732.307692307693 4090.2564102564106 3941.0256410256416 4335.384615384616 4607.179487179488 4384.615384615385 
4327.6923076923085 4047.1794871794878 4328.205128205129 4462.051282051282 4501.025641025642 4712.820512820514 4451.794871794872 4396.410256410257 4729.743589743591 4089.7435897435903 3939.48717948718 4328.205128205129 4608.205128205129 4384.102564102564 
4314.871794871796 4049.23076923077 4340.512820512821 4460.000000000001 4502.051282051282 4713.333333333334 4449.743589743591 4397.435897435898 4730.769230769231 4087.692307692308 3938.9743589743593 4331.282051282052 4607.6923076923085 4380.512820512821 
4307.6923076923085 4047.692307692308 4333.333333333334 4447.179487179487 4500.512820512821 4715.8974358974365 4450.256410256411 4394.358974358975 4731.282051282052 4087.1794871794878 3941.0256410256416 4362.564102564103 4606.666666666667 4380.512820512821 
4316.410256410257 4049.7435897435903 4311.794871794872 4443.076923076924 4497.435897435898 4716.410256410257 4443.076923076924 4394.358974358975 4729.743589743591 4085.1282051282055 3940.5128205128212 4377.948717948719 4606.153846153847 4381.538461538462 
4335.8974358974365 4054.358974358975 4317.948717948719 4450.769230769231 4493.846153846154 4713.333333333334 4439.48717948718 4396.410256410257 4728.205128205129 4083.589743589744 3941.0256410256416 4367.6923076923085 4609.2307692307695 4383.076923076924 
4347.179487179487 4057.9487179487182 4328.205128205129 4458.974358974359 4495.8974358974365 4714.871794871796 4441.025641025642 4397.435897435898 4726.666666666667 4086.666666666667 3937.435897435898 4343.589743589744 4606.153846153847 4382.051282051282 
4361.025641025642 4062.564102564103 4340.512820512821 4470.256410256411 4493.333333333334 4711.282051282052 4428.717948717949 4395.384615384616 4726.666666666667 4089.7435897435903 3938.461538461539 4337.435897435898 4610.769230769231 4390.769230769231 
4360.000000000001 4062.564102564103 4334.871794871796 4476.923076923077 4493.846153846154 4714.358974358975 4415.384615384616 4397.435897435898 4729.743589743591 4086.666666666667 3938.461538461539 4323.076923076924 4611.794871794872 4392.820512820514 
4362.051282051282 4066.1538461538466 4342.051282051282 4478.974358974359 4492.307692307693 4712.820512820514 4422.051282051282 4392.820512820514 4727.179487179488 4084.1025641025644 3939.48717948718 4320.000000000001 4614.871794871796 4394.871794871796 
4335.384615384616 4067.1794871794878 4345.641025641026 4477.948717948719 4496.923076923077 4719.48717948718 4423.589743589744 4387.179487179487 4724.615384615386 4084.1025641025644 3935.8974358974365 4322.564102564103 4607.6923076923085 4388.205128205129 
4332.307692307693 4068.205128205129 4363.589743589744 4475.8974358974365 4493.333333333334 4718.974358974359 4406.153846153847 4384.102564102564 4726.666666666667 4085.1282051282055 3943.589743589744 4346.153846153847 4609.2307692307695 4387.179487179487 
4330.256410256411 4064.615384615385 4356.410256410257 4468.717948717949 4495.384615384616 4724.102564102564 4402.564102564103 4389.743589743591 4727.179487179488 4084.615384615385 3946.666666666667 4355.8974358974365 4604.615384615385 4380.000000000001 
4341.025641025642 4064.1025641025644 4356.410256410257 4466.153846153847 4497.435897435898 4723.076923076924 4408.717948717949 4390.256410256411 4725.641025641026 4087.1794871794878 3945.6410256410263 4364.102564102564 4609.743589743591 4380.512820512821 
4340.000000000001 4061.0256410256416 4345.641025641026 4466.153846153847 4500.512820512821 4725.128205128206 4398.974358974359 4390.256410256411 4726.666666666667 4088.205128205129 3942.0512820512827 4360.512820512821 4607.6923076923085 4384.102564102564 
4350.769230769231 4060.5128205128212 4345.641025641026 4463.076923076924 4492.307692307693 4718.461538461539 4387.6923076923085 4387.179487179487 4726.153846153847 4087.692307692308 3946.666666666667 4363.589743589744 4608.205128205129 4390.769230769231 
4344.102564102564 4058.461538461539 4344.102564102564 4465.641025641026 4493.333333333334 4718.461538461539 4394.871794871796 4386.666666666667 4726.153846153847 4087.1794871794878 3946.1538461538466 4355.8974358974365 4608.205128205129 4390.256410256411 
4341.025641025642 4062.0512820512827 4349.743589743591 4472.307692307693 4496.410256410257 4718.461538461539 4399.48717948718 4388.717948717949 4727.6923076923085 4088.717948717949 3942.0512820512827 4347.6923076923085 4612.820512820514 4392.307692307693 
4333.846153846154 4067.1794871794878 4350.256410256411 4475.8974358974365 4494.871794871796 4720.000000000001 4395.8974358974365 4389.2307692307695 4728.717948717949 4088.717948717949 3939.48717948718 4343.589743589744 4614.871794871796 4393.333333333334 
4329.2307692307695 4070.7692307692314 4353.333333333334 4476.410256410257 4492.307692307693 4721.538461538462 4396.923076923077 4388.717948717949 4727.179487179488 4088.717948717949 3938.461538461539 4343.076923076924 4615.8974358974365 4391.282051282052 
4336.923076923077 4071.2820512820517 4359.48717948718 4479.48717948718 4494.358974358975 4722.564102564103 4402.051282051282 4390.769230769231 4727.6923076923085 4087.1794871794878 3939.48717948718 4343.589743589744 4613.846153846154 4390.256410256411 
4341.538461538462 4067.692307692308 4356.923076923077 4477.435897435898 4496.410256410257 4723.589743589744 4402.564102564103 4391.794871794872 4728.717948717949 4086.1538461538466 3942.564102564103 4345.641025641026 4608.717948717949 4389.2307692307695 
4351.794871794872 4064.615384615385 4356.410256410257 4475.384615384616 4490.256410256411 4720.512820512821 4404.102564102564 4386.666666666667 4728.717948717949 4086.666666666667 3943.076923076924 4351.282051282052 4614.358974358975 4391.282051282052 
4359.48717948718 4064.615384615385 4348.205128205129 4478.974358974359 4489.743589743591 4720.512820512821 4404.615384615385 4388.205128205129 4729.743589743591 4086.1538461538466 3936.410256410257 4335.8974358974365 4614.871794871796 4389.743589743591 
4373.846153846154 4068.717948717949 4347.6923076923085 4482.564102564103 4490.256410256411 4717.435897435898 4396.923076923077 4388.717948717949 4729.743589743591 4086.666666666667 3937.435897435898 4332.820512820514 4617.948717948719 4395.384615384616 
4363.076923076924 4069.7435897435903 4334.871794871796 4483.076923076924 4496.410256410257 4720.512820512821 4380.000000000001 4388.205128205129 4729.2307692307695 4085.6410256410263 3934.358974358975 4325.641025641026 4614.358974358975 4394.871794871796 
4360.512820512821 4073.333333333334 4345.641025641026 4487.179487179488 4492.307692307693 4715.384615384616 4370.256410256411 4386.666666666667 4729.2307692307695 4085.6410256410263 3931.7948717948725 4320.512820512821 4617.948717948719 4393.333333333334 
4342.564102564103 4070.7692307692314 4346.666666666667 4487.179487179488 4494.871794871796 4721.025641025642 4378.461538461539 4389.743589743591 4730.256410256411 4085.6410256410263 3928.717948717949 4309.743589743591 4612.307692307693 4382.051282051282 
4339.48717948718 4066.666666666667 4355.384615384616 4478.461538461539 4495.8974358974365 4723.589743589744 4383.076923076924 4388.205128205129 4727.6923076923085 4086.666666666667 3933.8461538461543 4325.641025641026 4612.307692307693 4382.564102564103 
4323.076923076924 4060.0000000000005 4357.948717948719 4468.205128205129 4500.000000000001 4727.6923076923085 4372.307692307693 4389.743589743591 4725.641025641026 4087.1794871794878 3936.410256410257 4336.923076923077 4606.153846153847 4381.025641025642 
4324.102564102564 4056.410256410257 4372.307692307693 4462.051282051282 4494.871794871796 4723.589743589744 4362.051282051282 4389.2307692307695 4726.153846153847 4087.692307692308 3943.589743589744 4351.794871794872 4608.717948717949 4384.102564102564 
4320.512820512821 4048.717948717949 4353.333333333334 4459.48717948718 4493.846153846154 4728.205128205129 4360.000000000001 4389.743589743591 4727.179487179488 4087.1794871794878 3949.2307692307695 4356.923076923077 4606.666666666667 4384.615384615385 
4330.769230769231 4051.2820512820517 4338.974358974359 4461.025641025642 4491.282051282052 4727.179487179488 4356.923076923077 4390.256410256411 4726.666666666667 4088.205128205129 3952.307692307693 4364.102564102564 4608.205128205129 4388.205128205129 
4327.179487179487 4057.435897435898 4341.538461538462 4466.666666666667 4494.871794871796 4728.205128205129 4360.000000000001 4390.769230769231 4727.179487179488 4087.692307692308 3946.1538461538466 4357.948717948719 4608.205128205129 4389.2307692307695 
4329.2307692307695 4061.538461538462 4348.717948717949 4474.358974358975 4498.974358974359 4727.179487179488 4362.564102564103 4389.743589743591 4726.153846153847 4084.615384615385 3941.538461538462 4349.2307692307695 4607.179487179488 4389.2307692307695 
4334.358974358975 4064.1025641025644 4343.589743589744 4480.512820512821 4500.512820512821 4726.666666666667 4357.435897435898 4388.717948717949 4724.102564102564 4085.6410256410263 3938.9743589743593 4345.641025641026 4606.666666666667 4387.179487179487 
4333.333333333334 4067.1794871794878 4343.076923076924 4478.461538461539 4500.512820512821 4727.6923076923085 4353.846153846154 4387.6923076923085 4725.128205128206 4087.692307692308 3934.8717948717954 4345.128205128206 4607.6923076923085 4385.641025641026 
4335.384615384616 4066.666666666667 4351.282051282052 4472.307692307693 4498.974358974359 4726.666666666667 4353.333333333334 4386.666666666667 4727.6923076923085 4085.1282051282055 3935.3846153846157 4348.205128205129 4608.717948717949 4389.2307692307695 
4333.333333333334 4063.076923076924 4349.2307692307695 4468.717948717949 4500.512820512821 4724.615384615386 4337.435897435898 4391.794871794872 4727.179487179488 4083.076923076924 3935.8974358974365 4347.179487179487 4606.153846153847 4386.666666666667 
4334.871794871796 4062.564102564103 4351.282051282052 4469.2307692307695 4494.358974358975 4720.512820512821 4315.8974358974365 4390.769230769231 4724.615384615386 4084.1025641025644 3940.5128205128212 4355.8974358974365 4613.333333333334 4388.717948717949 
4324.615384615385 4060.5128205128212 4347.6923076923085 4467.179487179487 4491.794871794872 4727.179487179488 4302.564102564103 4388.717948717949 4725.128205128206 4085.6410256410263 3941.538461538462 4351.794871794872 4611.794871794872 4388.717948717949 
4330.769230769231 4061.0256410256416 4355.384615384616 4467.6923076923085 4490.769230769231 4723.076923076924 4293.846153846154 4388.205128205129 4726.153846153847 4087.1794871794878 3944.1025641025644 4350.256410256411 4613.333333333334 4391.282051282052 
4323.589743589744 4060.5128205128212 4348.205128205129 4470.769230769231 4495.384615384616 4721.025641025642 4288.717948717949 4391.282051282052 4727.179487179488 4084.615384615385 3939.48717948718 4336.923076923077 4610.256410256411 4385.641025641026 
4332.820512820514 4063.589743589744 4352.820512820514 4474.871794871796 4490.769230769231 4718.974358974359 4288.717948717949 4388.205128205129 4728.205128205129 4085.6410256410263 3942.564102564103 4336.923076923077 4613.333333333334 4387.179487179487 
4332.307692307693 4062.0512820512827 4342.051282051282 4476.410256410257 4492.820512820514 4727.179487179488 4289.74358974359 4388.717948717949 4728.205128205129 4088.717948717949 3940.0000000000005 4330.769230769231 4607.6923076923085 4384.102564102564 
4342.564102564103 4063.589743589744 4340.000000000001 4476.410256410257 4494.358974358975 4721.538461538462 4292.820512820514 4390.256410256411 4726.666666666667 4087.1794871794878 3938.9743589743593 4336.923076923077 4610.256410256411 4387.179487179487 
4337.948717948719 4062.0512820512827 4329.2307692307695 4473.846153846154 4499.48717948718 4721.538461538462 4294.871794871796 4391.794871794872 4728.717948717949 4084.615384615385 3936.410256410257 4335.8974358974365 4606.666666666667 4386.153846153847 
4345.128205128206 4061.538461538462 4340.512820512821 4470.256410256411 4495.8974358974365 4721.538461538462 4289.2307692307695 4387.6923076923085 4730.256410256411 4086.1538461538466 3935.8974358974365 4342.564102564103 4609.2307692307695 4388.717948717949 
4331.282051282052 4056.9230769230776 4342.051282051282 4465.641025641026 4496.923076923077 4723.589743589744 4287.6923076923085 4389.2307692307695 4729.2307692307695 4085.6410256410263 3933.333333333334 4347.179487179487 4611.282051282052 4388.205128205129 
4326.666666666667 4057.435897435898 4338.461538461539 4459.48717948718 4498.461538461539 4718.461538461539 4293.333333333334 4393.846153846154 4727.179487179488 4084.1025641025644 3934.8717948717954 4355.8974358974365 4613.333333333334 4390.256410256411 
4318.974358974359 4055.8974358974365 4337.948717948719 4458.461538461539 4498.974358974359 4720.512820512821 4295.384615384616 4395.384615384616 4727.6923076923085 4083.076923076924 3938.461538461539 4355.384615384616 4609.2307692307695 4389.2307692307695 
4311.794871794872 4056.410256410257 4343.589743589744 4461.538461538462 4494.871794871796 4724.102564102564 4291.282051282052 4392.307692307693 4728.717948717949 4084.615384615385 3943.076923076924 4353.846153846154 4611.794871794872 4386.666666666667 
4310.256410256411 4058.9743589743593 4346.153846153847 4464.102564102564 4490.256410256411 4721.025641025642 4281.538461538462 4389.743589743591 4728.205128205129 4086.666666666667 3946.666666666667 4353.846153846154 4616.410256410257 4386.666666666667 
4315.384615384616 4057.435897435898 4347.6923076923085 4462.564102564103 4491.794871794872 4718.461538461539 4263.076923076924 4389.743589743591 4726.666666666667 4085.6410256410263 3948.717948717949 4347.179487179487 4609.743589743591 4387.179487179487 
4328.717948717949 4061.0256410256416 4355.8974358974365 4468.717948717949 4493.846153846154 4718.974358974359 4252.820512820514 4387.6923076923085 4726.666666666667 4084.615384615385 3951.7948717948725 4347.6923076923085 4608.717948717949 4387.6923076923085 
4328.205128205129 4065.6410256410263 4346.153846153847 4474.358974358975 4498.461538461539 4722.051282051282 4257.435897435898 4389.2307692307695 4727.179487179488 4085.6410256410263 3947.1794871794878 4348.717948717949 4609.743589743591 4383.589743589744 
4340.512820512821 4064.615384615385 4347.179487179487 4474.358974358975 4493.846153846154 4717.435897435898 4269.74358974359 4388.717948717949 4726.153846153847 4084.615384615385 3943.076923076924 4357.948717948719 4613.333333333334 4388.717948717949 
4338.974358974359 4061.538461538462 4347.179487179487 4472.307692307693 4494.871794871796 4718.461538461539 4275.384615384616 4389.743589743591 4726.666666666667 4083.076923076924 3941.0256410256416 4351.282051282052 4609.2307692307695 4388.717948717949 
4349.2307692307695 4073.333333333334 4359.48717948718 4479.48717948718 4493.846153846154 4716.410256410257 4266.153846153847 4385.128205128206 4725.641025641026 4085.6410256410263 3941.538461538462 4352.307692307693 4615.384615384616 4392.820512820514 
4350.769230769231 4078.9743589743593 4356.410256410257 4486.666666666667 4498.974358974359 4722.564102564103 4248.205128205129 4386.153846153847 4723.076923076924 4084.1025641025644 3934.8717948717954 4343.076923076924 4610.769230769231 4393.333333333334 
4366.666666666667 4080.5128205128212 4365.641025641026 4488.717948717949 4493.333333333334 4718.974358974359 4238.461538461539 4386.153846153847 4721.025641025642 4083.076923076924 3935.8974358974365 4340.000000000001 4611.282051282052 4398.974358974359 
4362.051282051282 4081.538461538462 4360.512820512821 4488.717948717949 4492.307692307693 4722.564102564103 4237.948717948719 4383.589743589744 4723.589743589744 4083.589743589744 3933.333333333334 4325.641025641026 4609.743589743591 4394.871794871796 
4367.179487179487 4087.692307692308 4369.743589743591 4495.8974358974365 4490.769230769231 4721.538461538462 4234.871794871796 4380.000000000001 4724.615384615386 4083.076923076924 3933.8461538461543 4328.205128205129 4614.871794871796 4393.846153846154 
4371.282051282052 4090.7692307692314 4372.307692307693 4503.589743589744 4491.794871794872 4725.641025641026 4240.000000000001 4383.589743589744 4721.538461538462 4082.0512820512827 3934.8717948717954 4326.153846153847 4610.769230769231 4391.794871794872 
4382.051282051282 4097.948717948719 4380.000000000001 4507.179487179488 4490.256410256411 4724.615384615386 4241.538461538462 4380.512820512821 4719.48717948718 4083.589743589744 3937.435897435898 4322.564102564103 4611.282051282052 4394.871794871796 
4384.102564102564 4103.076923076924 4381.538461538462 4511.282051282052 4492.820512820514 4728.205128205129 4240.512820512821 4377.948717948719 4721.538461538462 4082.564102564103 3933.8461538461543 4309.743589743591 4611.282051282052 4394.358974358975 
4390.769230769231 4103.589743589744 4388.205128205129 4517.435897435898 4491.282051282052 4727.6923076923085 4245.641025641026 4380.000000000001 4718.974358974359 4080.5128205128212 3931.7948717948725 4306.153846153847 4613.333333333334 4392.307692307693 
4377.435897435898 4100.512820512821 4383.076923076924 4516.410256410257 4490.769230769231 4730.769230769231 4254.358974358975 4380.000000000001 4714.358974358975 4081.0256410256416 3933.8461538461543 4318.461538461539 4612.820512820514 4392.307692307693 
4360.512820512821 4097.435897435898 4380.512820512821 4503.589743589744 4493.333333333334 4736.410256410257 4253.333333333334 4378.974358974359 4717.435897435898 4082.0512820512827 3935.3846153846157 4340.000000000001 4608.205128205129 4392.307692307693 
4349.2307692307695 4093.8461538461543 4416.923076923077 4493.846153846154 4491.794871794872 4736.410256410257 4248.717948717949 4377.948717948719 4718.974358974359 4081.0256410256416 3935.3846153846157 4365.128205128206 4608.205128205129 4390.769230769231 
4337.948717948719 4090.2564102564106 4432.820512820514 4489.743589743591 4491.282051282052 4737.435897435898 4249.74358974359 4379.48717948718 4714.358974358975 4080.0000000000005 3935.3846153846157 4384.615384615385 4607.6923076923085 4388.205128205129 
4345.128205128206 4092.307692307693 4398.974358974359 4486.153846153847 4490.769230769231 4738.974358974359 4249.74358974359 4377.435897435898 4712.307692307693 4081.538461538462 3942.0512820512827 4404.615384615385 4609.2307692307695 4393.846153846154 
4341.025641025642 4090.7692307692314 4367.179487179487 4481.025641025642 4494.358974358975 4744.102564102564 4242.564102564103 4377.948717948719 4716.410256410257 4081.538461538462 3943.589743589744 4398.974358974359 4602.564102564103 4391.794871794872 
4348.717948717949 4092.307692307693 4391.282051282052 4484.615384615385 4491.794871794872 4737.435897435898 4235.384615384616 4377.948717948719 4717.435897435898 4082.0512820512827 3944.615384615385 4388.205128205129 4608.717948717949 4391.794871794872 
4350.256410256411 4092.307692307693 4394.871794871796 4493.333333333334 4493.333333333334 4737.948717948719 4233.846153846154 4380.512820512821 4719.48717948718 4081.0256410256416 3945.1282051282055 4366.153846153847 4609.2307692307695 4391.282051282052 
4368.205128205129 4092.307692307693 4392.307692307693 4500.000000000001 4490.256410256411 4734.871794871796 4236.410256410257 4378.974358974359 4721.538461538462 4082.564102564103 3949.7435897435903 4354.871794871796 4611.282051282052 4393.333333333334 
4354.871794871796 4091.7948717948725 4385.641025641026 4500.512820512821 4493.846153846154 4735.8974358974365 4232.820512820514 4380.512820512821 4721.538461538462 4082.564102564103 3943.589743589744 4335.8974358974365 4608.717948717949 4388.205128205129 
4358.974358974359 4097.948717948719 4393.333333333334 4501.025641025642 4489.2307692307695 4728.717948717949 4230.256410256411 4380.000000000001 4720.512820512821 4082.0512820512827 3941.0256410256416 4336.923076923077 4613.846153846154 4393.333333333334 
4363.076923076924 4095.8974358974365 4376.410256410257 4503.076923076924 4490.256410256411 4731.282051282052 4237.435897435898 4382.564102564103 4723.589743589744 4081.538461538462 3938.9743589743593 4332.307692307693 4613.846153846154 4394.871794871796 
4382.564102564103 4097.948717948719 4373.846153846154 4507.179487179488 4489.2307692307695 4730.256410256411 4238.974358974359 4379.48717948718 4725.641025641026 4082.564102564103 3938.9743589743593 4331.794871794872 4623.076923076924 4400.000000000001 
4390.769230769231 4103.076923076924 4377.435897435898 4510.256410256411 4490.256410256411 4729.2307692307695 4239.48717948718 4374.871794871796 4724.102564102564 4081.0256410256416 3933.8461538461543 4328.205128205129 4624.102564102564 4403.076923076924 
4386.153846153847 4099.48717948718 4387.6923076923085 4506.153846153847 4488.205128205129 4726.153846153847 4245.128205128206 4376.923076923077 4721.538461538462 4081.538461538462 3930.7692307692314 4330.769230769231 4620.512820512821 4403.589743589744 
4368.205128205129 4086.1538461538466 4381.025641025642 4498.974358974359 4489.743589743591 4731.794871794872 4248.717948717949 4384.615384615385 4724.102564102564 4085.1282051282055 3929.2307692307695 4324.102564102564 4617.435897435898 4396.410256410257 
4363.076923076924 4077.9487179487187 4377.948717948719 4493.846153846154 4491.282051282052 4731.282051282052 4240.512820512821 4387.6923076923085 4727.6923076923085 4086.1538461538466 3932.307692307693 4321.025641025642 4618.461538461539 4393.333333333334 
4350.256410256411 4073.333333333334 4378.974358974359 4490.256410256411 4491.794871794872 4728.205128205129 4246.153846153847 4385.641025641026 4726.666666666667 4086.1538461538466 3937.9487179487182 4327.6923076923085 4614.871794871796 4394.871794871796 
4328.205128205129 4067.1794871794878 4370.769230769231 4483.589743589744 4491.282051282052 4730.769230769231 4261.025641025642 4387.6923076923085 4726.666666666667 4085.1282051282055 3939.48717948718 4329.743589743591 4611.794871794872 4389.743589743591 
4325.641025641026 4065.1282051282055 4368.205128205129 4480.512820512821 4489.743589743591 4730.256410256411 4267.6923076923085 4388.717948717949 4727.6923076923085 4081.538461538462 3942.564102564103 4334.871794871796 4616.923076923077 4386.666666666667 
4328.717948717949 4065.1282051282055 4359.48717948718 4477.435897435898 4494.871794871796 4729.743589743591 4273.333333333334 4389.2307692307695 4729.2307692307695 4082.0512820512827 3942.564102564103 4333.846153846154 4613.846153846154 4386.666666666667 
4337.948717948719 4066.666666666667 4358.974358974359 4476.410256410257 4494.358974358975 4725.641025641026 4277.948717948719 4387.179487179487 4729.2307692307695 4085.6410256410263 3942.564102564103 4336.410256410257 4614.358974358975 4391.794871794872 
4338.974358974359 4065.1282051282055 4359.48717948718 4478.974358974359 4494.358974358975 4726.666666666667 4274.871794871796 4388.205128205129 4729.2307692307695 4085.1282051282055 3937.9487179487182 4326.153846153847 4611.282051282052 4386.153846153847 
4355.384615384616 4068.205128205129 4377.948717948719 4484.615384615385 4490.256410256411 4720.512820512821 4276.410256410257 4385.641025641026 4728.717948717949 4085.1282051282055 3937.9487179487182 4326.153846153847 4613.846153846154 4387.179487179487 
4351.794871794872 4070.2564102564106 4371.282051282052 4486.666666666667 4492.307692307693 4723.589743589744 4283.589743589744 4386.153846153847 4728.717948717949 4087.1794871794878 3932.307692307693 4312.820512820514 4608.205128205129 4387.179487179487 
4357.435897435898 4070.7692307692314 4368.717948717949 4490.256410256411 4490.256410256411 4723.076923076924 4277.948717948719 4387.179487179487 4728.717948717949 4087.692307692308 3932.307692307693 4309.2307692307695 4615.8974358974365 4390.769230769231 
4341.538461538462 4065.6410256410263 4361.025641025642 4490.769230769231 4492.820512820514 4728.205128205129 4270.256410256411 4389.743589743591 4727.179487179488 4086.666666666667 3932.307692307693 4309.2307692307695 4614.871794871796 4388.205128205129 
4334.871794871796 4067.1794871794878 4368.717948717949 4484.615384615385 4490.769230769231 4723.076923076924 4268.717948717949 4386.153846153847 4727.6923076923085 4089.23076923077 3940.0000000000005 4331.794871794872 4615.384615384616 4391.282051282052 
4317.435897435898 4063.589743589744 4365.641025641026 4476.923076923077 4494.871794871796 4725.128205128206 4267.6923076923085 4386.666666666667 4728.205128205129 4087.692307692308 3945.1282051282055 4344.102564102564 4611.794871794872 4389.743589743591 
4320.000000000001 4060.0000000000005 4379.48717948718 4475.384615384616 4490.769230769231 4724.102564102564 4259.48717948718 4386.153846153847 4727.179487179488 4087.692307692308 3947.692307692308 4353.333333333334 4613.846153846154 4388.717948717949 
4326.153846153847 4060.0000000000005 4384.615384615385 4474.871794871796 4487.6923076923085 4725.641025641026 4253.333333333334 4385.641025641026 4727.179487179488 4088.717948717949 3943.589743589744 4348.717948717949 4613.333333333334 4388.205128205129 
4340.000000000001 4066.1538461538466 4376.410256410257 4474.871794871796 4487.6923076923085 4722.564102564103 4254.358974358975 4385.641025641026 4726.153846153847 4087.692307692308 3943.589743589744 4346.153846153847 4615.384615384616 4392.307692307693 
4348.717948717949 4068.205128205129 4363.076923076924 4481.538461538462 4490.769230769231 4723.076923076924 4267.179487179487 4386.666666666667 4726.153846153847 4086.1538461538466 3941.538461538462 4342.051282051282 4612.820512820514 4392.820512820514 
4353.846153846154 4070.7692307692314 4362.051282051282 4489.743589743591 4491.794871794872 4723.589743589744 4274.871794871796 4387.179487179487 4727.179487179488 4086.1538461538466 3934.8717948717954 4331.282051282052 4612.820512820514 4390.769230769231 
4352.307692307693 4073.333333333334 4365.641025641026 4492.307692307693 4489.743589743591 4720.512820512821 4268.205128205129 4387.6923076923085 4726.153846153847 4086.666666666667 3932.307692307693 4325.641025641026 4616.923076923077 4393.846153846154 
4345.128205128206 4073.333333333334 4364.615384615385 4489.2307692307695 4490.769230769231 4718.974358974359 4257.948717948719 4387.6923076923085 4725.128205128206 4088.205128205129 3936.9230769230776 4328.205128205129 4614.358974358975 4395.384615384616 
4351.282051282052 4073.333333333334 4369.743589743591 4488.205128205129 4489.2307692307695 4718.461538461539 4256.410256410257 4384.102564102564 4727.179487179488 4088.717948717949 3940.0000000000005 4337.948717948719 4613.846153846154 4396.410256410257 
4346.666666666667 4071.2820512820517 4363.589743589744 4487.6923076923085 4492.307692307693 4722.051282051282 4262.564102564103 4386.153846153847 4728.717948717949 4085.6410256410263 3933.333333333334 4330.256410256411 4610.256410256411 4390.256410256411 
4354.871794871796 4072.307692307693 4367.6923076923085 4490.769230769231 4490.769230769231 4717.435897435898 4267.6923076923085 4386.153846153847 4728.205128205129 4085.1282051282055 3935.3846153846157 4329.2307692307695 4616.410256410257 4391.794871794872 
4351.794871794872 4071.7948717948725 4361.025641025642 4491.794871794872 4492.820512820514 4720.512820512821 4265.128205128206 4386.666666666667 4728.205128205129 4085.6410256410263 3937.435897435898 4321.025641025642 4613.846153846154 4389.743589743591 
4357.948717948719 4074.8717948717954 4368.717948717949 4489.2307692307695 4487.179487179488 4717.948717948719 4267.179487179487 4386.153846153847 4728.205128205129 4084.1025641025644 3937.9487179487182 4323.076923076924 4616.410256410257 4391.794871794872 
4353.333333333334 4073.8461538461543 4366.153846153847 4488.205128205129 4489.2307692307695 4720.512820512821 4283.076923076924 4387.6923076923085 4727.179487179488 4084.1025641025644 3932.307692307693 4317.435897435898 4612.820512820514 4389.743589743591 
4364.102564102564 4074.358974358975 4377.435897435898 4491.282051282052 4487.6923076923085 4718.461538461539 4283.589743589744 4383.589743589744 4725.128205128206 4086.666666666667 3936.410256410257 4323.589743589744 4616.923076923077 4392.307692307693 
4346.666666666667 4069.7435897435903 4374.358974358975 4487.179487179488 4488.717948717949 4724.102564102564 4272.820512820514 4384.102564102564 4725.128205128206 4084.615384615385 3936.9230769230776 4328.717948717949 4612.307692307693 4387.6923076923085 
4342.564102564103 4071.7948717948725 4380.512820512821 4483.076923076924 4486.153846153847 4721.025641025642 4269.74358974359 4385.128205128206 4725.128205128206 4083.589743589744 3937.9487179487182 4344.615384615385 4614.871794871796 4391.794871794872 
4337.435897435898 4071.7948717948725 4377.948717948719 4482.564102564103 4490.256410256411 4721.538461538462 4272.820512820514 4385.128205128206 4725.128205128206 4084.615384615385 3940.5128205128212 4350.256410256411 4615.8974358974365 4392.820512820514 
4340.000000000001 4071.2820512820517 4387.6923076923085 4480.512820512821 4488.717948717949 4722.051282051282 4265.641025641026 4384.102564102564 4724.102564102564 4086.666666666667 3944.1025641025644 4360.000000000001 4614.871794871796 4392.820512820514 
4333.333333333334 4070.7692307692314 4392.307692307693 4476.923076923077 4488.205128205129 4727.179487179488 4264.102564102564 4385.128205128206 4723.589743589744 4086.666666666667 3943.076923076924 4363.589743589744 4611.794871794872 4391.282051282052 
4336.410256410257 4074.8717948717954 4388.205128205129 4477.435897435898 4489.2307692307695 4728.205128205129 4274.358974358975 4382.051282051282 4723.076923076924 4085.6410256410263 3943.076923076924 4358.974358974359 4612.820512820514 4392.307692307693 
4342.564102564103 4078.9743589743593 4380.512820512821 4484.102564102564 4492.307692307693 4729.2307692307695 4282.564102564103 4380.000000000001 4724.102564102564 4085.6410256410263 3942.564102564103 4352.307692307693 4612.307692307693 4393.333333333334 
4349.2307692307695 4081.538461538462 4374.871794871796 4489.743589743591 4492.820512820514 4730.256410256411 4280.512820512821 4382.564102564103 4724.102564102564 4086.666666666667 3936.9230769230776 4344.615384615385 4612.820512820514 4392.307692307693 
4361.025641025642 4084.615384615385 4372.820512820514 4492.820512820514 4489.743589743591 4728.717948717949 4276.923076923077 4383.076923076924 4724.102564102564 4087.1794871794878 3937.435897435898 4338.461538461539 4617.435897435898 4394.871794871796 
4357.435897435898 4083.076923076924 4369.2307692307695 4492.820512820514 4491.282051282052 4728.717948717949 4279.48717948718 4381.538461538462 4723.589743589744 4086.1538461538466 3941.0256410256416 4328.717948717949 4614.871794871796 4395.384615384616 
4354.358974358975 4084.1025641025644 4380.000000000001 4495.384615384616 4489.2307692307695 4726.666666666667 4287.6923076923085 4378.974358974359 4722.564102564103 4087.1794871794878 3943.589743589744 4335.384615384616 4615.8974358974365 4398.461538461539 
4341.538461538462 4083.076923076924 4381.025641025642 4492.820512820514 4490.769230769231 4733.333333333334 4294.871794871796 4383.076923076924 4724.102564102564 4088.205128205129 3939.48717948718 4338.974358974359 4614.871794871796 4393.333333333334 
4346.666666666667 4083.589743589744 4387.6923076923085 4488.205128205129 4488.717948717949 4731.794871794872 4292.820512820514 4382.051282051282 4724.102564102564 4087.692307692308 3942.564102564103 4352.820512820514 4619.48717948718 4394.871794871796 
4338.974358974359 4082.0512820512827 4381.538461538462 4486.666666666667 4491.282051282052 4731.282051282052 4279.48717948718 4383.589743589744 4724.102564102564 4086.666666666667 3941.0256410256416 4352.820512820514 4613.333333333334 4392.307692307693 
4349.743589743591 4082.564102564103 4386.153846153847 4488.717948717949 4488.717948717949 4726.153846153847 4273.333333333334 4384.102564102564 4724.615384615386 4087.692307692308 3941.538461538462 4354.871794871796 4614.871794871796 4395.384615384616 
4354.358974358975 4080.0000000000005 4370.769230769231 4489.743589743591 4492.820512820514 4730.769230769231 4280.000000000001 4385.128205128206 4724.102564102564 4086.1538461538466 3938.461538461539 4343.589743589744 4612.307692307693 4394.358974358975 
4367.6923076923085 4083.076923076924 4371.282051282052 4493.333333333334 4490.769230769231 4727.179487179488 4273.846153846154 4382.051282051282 4723.076923076924 4085.1282051282055 3935.8974358974365 4338.461538461539 4616.410256410257 4396.923076923077 
4364.615384615385 4083.076923076924 4368.717948717949 4495.8974358974365 4491.794871794872 4727.179487179488 4265.641025641026 4382.564102564103 4724.102564102564 4084.615384615385 3930.7692307692314 4322.051282051282 4613.846153846154 4393.846153846154 
4372.307692307693 4085.1282051282055 4378.974358974359 4494.871794871796 4488.205128205129 4724.615384615386 4272.307692307693 4382.564102564103 4724.102564102564 4085.6410256410263 3932.820512820513 4318.461538461539 4616.410256410257 4396.923076923077 
4358.461538461539 4087.1794871794878 4380.000000000001 4495.384615384616 4489.2307692307695 4728.205128205129 4285.128205128206 4382.564102564103 4724.615384615386 4086.1538461538466 3933.333333333334 4320.512820512821 4614.871794871796 4393.846153846154 
4349.743589743591 4089.7435897435903 4381.538461538462 4495.8974358974365 4489.2307692307695 4727.6923076923085 4284.615384615385 4383.076923076924 4725.128205128206 4088.205128205129 3935.3846153846157 4330.256410256411 4616.923076923077 4390.256410256411 
4345.128205128206 4084.615384615385 4375.384615384616 4490.769230769231 4489.743589743591 4728.717948717949 4282.051282051282 4384.102564102564 4725.641025641026 4089.23076923077 3938.9743589743593 4339.48717948718 4618.974358974359 4390.769230769231 
4340.000000000001 4080.0000000000005 4380.512820512821 4483.076923076924 4488.717948717949 4728.717948717949 4281.025641025642 4384.102564102564 4726.153846153847 4087.692307692308 3942.0512820512827 4349.2307692307695 4616.923076923077 4392.307692307693 
4334.871794871796 4076.9230769230776 4393.846153846154 4481.025641025642 4487.6923076923085 4727.6923076923085 4282.564102564103 4381.538461538462 4725.641025641026 4087.692307692308 3944.1025641025644 4359.48717948718 4612.820512820514 4390.769230769231 
4337.948717948719 4071.7948717948725 4386.666666666667 4477.435897435898 4488.205128205129 4729.2307692307695 4286.666666666667 4381.025641025642 4723.589743589744 4089.23076923077 3947.692307692308 4368.205128205129 4611.282051282052 4390.256410256411 
4341.538461538462 4069.7435897435903 4377.435897435898 4471.794871794872 4487.179487179488 4727.179487179488 4284.615384615385 4381.025641025642 4722.564102564103 4089.23076923077 3950.7692307692314 4379.48717948718 4617.948717948719 4395.8974358974365 
4327.6923076923085 4071.2820512820517 4370.256410256411 4471.282051282052 4490.256410256411 4729.2307692307695 4276.923076923077 4384.102564102564 4724.615384615386 4086.1538461538466 3946.666666666667 4373.333333333334 4614.871794871796 4395.384615384616 
4333.333333333334 4076.410256410257 4375.384615384616 4477.435897435898 4488.205128205129 4726.153846153847 4268.717948717949 4384.615384615385 4724.102564102564 4088.205128205129 3945.6410256410263 4367.179487179487 4614.358974358975 4397.435897435898 
4331.794871794872 4077.435897435898 4370.256410256411 4480.512820512821 4490.769230769231 4728.205128205129 4266.666666666667 4384.102564102564 4723.589743589744 4090.2564102564106 3940.0000000000005 4352.307692307693 4613.846153846154 4392.820512820514 
4343.589743589744 4082.564102564103 4375.384615384616 4486.153846153847 4491.282051282052 4724.102564102564 4269.74358974359 4381.025641025642 4722.051282051282 4089.23076923077 3939.48717948718 4347.179487179487 4620.512820512821 4393.333333333334 
4344.615384615385 4084.1025641025644 4364.102564102564 4492.307692307693 4495.8974358974365 4727.6923076923085 4263.589743589744 4386.153846153847 4724.102564102564 4087.692307692308 3935.8974358974365 4330.256410256411 4616.923076923077 4391.282051282052 
4360.000000000001 4087.1794871794878 4367.179487179487 4493.846153846154 4491.794871794872 4725.641025641026 4252.307692307693 4385.641025641026 4725.128205128206 4087.692307692308 3937.9487179487182 4325.128205128206 4618.974358974359 4393.333333333334 
4359.48717948718 4085.1282051282055 4366.666666666667 4491.282051282052 4491.282051282052 4729.2307692307695 4258.974358974359 4384.102564102564 4724.615384615386 4087.692307692308 3934.358974358975 4313.333333333334 4612.820512820514 4388.717948717949 
4371.794871794872 4086.666666666667 4378.974358974359 4495.384615384616 4490.769230769231 4725.641025641026 4260.512820512821 4386.153846153847 4724.102564102564 4087.692307692308 3932.307692307693 4304.102564102564 4614.358974358975 4392.307692307693 
4373.846153846154 4088.205128205129 4375.8974358974365 4504.615384615385 4492.820512820514 4726.153846153847 4251.282051282052 4387.179487179487 4725.641025641026 4085.6410256410263 3926.666666666667 4279.48717948718 4614.871794871796 4391.794871794872 
4384.615384615385 4094.8717948717954 4380.512820512821 4511.282051282052 4490.256410256411 4724.615384615386 4257.435897435898 4381.538461538462 4724.615384615386 4086.1538461538466 3926.666666666667 4274.358974358975 4616.923076923077 4393.333333333334 
4382.564102564103 4096.923076923077 4382.564102564103 4511.794871794872 4493.333333333334 4726.666666666667 4274.358974358975 4380.512820512821 4723.589743589744 4086.666666666667 3927.692307692308 4280.512820512821 4614.871794871796 4393.846153846154 
4374.358974358975 4092.820512820513 4385.641025641026 4509.2307692307695 4492.820512820514 4724.615384615386 4274.358974358975 4383.589743589744 4726.666666666667 4085.6410256410263 3927.692307692308 4286.666666666667 4619.48717948718 4393.333333333334 
4363.589743589744 4087.1794871794878 4380.000000000001 4505.641025641026 4489.743589743591 4726.153846153847 4281.025641025642 4384.615384615385 4727.6923076923085 4085.6410256410263 3930.2564102564106 4296.923076923077 4617.435897435898 4393.333333333334 
4361.025641025642 4084.615384615385 4380.000000000001 4501.025641025642 4489.743589743591 4727.6923076923085 4298.974358974359 4384.615384615385 4724.615384615386 4087.1794871794878 3934.358974358975 4311.794871794872 4610.769230769231 4392.307692307693 
