5470.769230769231 3929.2307692307695 4543.589743589744 4590.769230769231 4515.384615384616 4884.102564102564 5024.102564102564 4125.641025641026 4100.512820512821 4002.0512820512827 3786.666666666667 4849.2307692307695 3123.0769230769233 4416.410256410257 
5383.589743589744 3856.9230769230776 4563.076923076924 4539.48717948718 4464.615384615385 4936.410256410257 4916.410256410257 4491.282051282052 4338.974358974359 4207.179487179487 3881.0256410256416 3867.1794871794878 3189.7435897435903 4395.384615384616 
5635.8974358974365 4049.23076923077 4667.179487179488 4602.051282051282 4499.48717948718 4826.666666666667 4669.743589743591 4662.051282051282 4580.512820512821 4591.282051282052 4033.8461538461543 5043.589743589744 3422.564102564103 4617.435897435898 
5771.282051282052 4100.512820512821 4685.128205128206 4638.974358974359 4544.102564102564 4803.076923076924 4680.000000000001 4701.025641025642 4619.48717948718 4740.512820512821 4120.000000000001 6383.076923076924 3506.1538461538466 4768.205128205129 
5346.666666666667 3453.333333333334 4180.512820512821 4261.025641025642 4203.076923076924 4326.153846153847 4611.794871794872 4599.48717948718 4404.615384615385 4575.8974358974365 4048.717948717949 7644.102564102565 3109.7435897435903 4362.051282051282 
5873.333333333334 4329.2307692307695 4820.512820512821 4780.512820512821 4655.8974358974365 4682.564102564103 4862.051282051283 4403.076923076924 4463.076923076924 4513.846153846154 4122.564102564103 7964.615384615386 3620.512820512821 4896.923076923077 
6201.025641025642 5080.512820512821 5246.153846153847 5188.205128205129 5052.820512820514 5393.333333333334 4834.871794871796 3995.8974358974365 4415.384615384616 4231.794871794872 4003.589743589744 5344.615384615386 3864.615384615385 5234.358974358975 
4551.282051282052 2816.923076923077 3170.7692307692314 3636.9230769230776 3687.692307692308 3726.1538461538466 3870.2564102564106 3939.48717948718 3932.307692307693 3880.0000000000005 3550.2564102564106 4042.0512820512827 2131.2820512820517 3334.8717948717954 
3883.076923076924 1692.820512820513 2198.9743589743593 2860.512820512821 2982.051282051282 1845.1282051282053 3713.8461538461543 4273.333333333334 3815.3846153846157 4030.7692307692314 3532.307692307693 6709.23076923077 1497.4358974358977 2393.8461538461543 
5475.384615384616 3820.0000000000005 4173.846153846154 4365.641025641026 4324.102564102564 2884.615384615385 4784.615384615386 4445.128205128206 4337.948717948719 4429.2307692307695 4013.333333333334 8324.615384615387 3264.615384615385 4180.512820512821 
6061.538461538462 4578.461538461539 5050.256410256411 5029.2307692307695 4903.076923076924 4127.6923076923085 5063.076923076924 4445.641025641026 4587.179487179488 4518.974358974359 4183.589743589744 7649.23076923077 3975.3846153846157 5087.179487179488 
5345.641025641026 3554.3589743589746 4227.6923076923085 4363.589743589744 4282.051282051282 3620.512820512821 4594.358974358975 4458.974358974359 4398.461538461539 4418.461538461539 4018.9743589743593 7593.333333333334 3245.1282051282055 4369.2307692307695 
5489.2307692307695 3817.9487179487182 4436.923076923077 4495.8974358974365 4386.666666666667 3564.1025641025644 4725.641025641026 4566.666666666667 4458.461538461539 4487.179487179488 4080.0000000000005 8015.8974358974365 3401.0256410256416 4513.333333333334 
5738.461538461539 4170.256410256411 4852.820512820514 4761.025641025642 4536.923076923077 3341.538461538462 4754.871794871796 4843.076923076924 4600.000000000001 4541.538461538462 4161.538461538462 7826.153846153848 3703.589743589744 4921.538461538462 
5518.461538461539 3818.9743589743593 4686.153846153847 4577.948717948719 4291.794871794872 1737.4358974358977 4469.743589743591 5218.461538461539 4616.923076923077 4541.025641025642 4134.871794871796 7768.71794871795 3492.307692307693 4766.153846153847 
5576.410256410257 3907.692307692308 4797.435897435898 4678.461538461539 4426.153846153847 634.8717948717949 4570.256410256411 5237.948717948719 4633.846153846154 4566.153846153847 4143.076923076924 7767.6923076923085 3570.7692307692314 4821.025641025642 
5556.410256410257 3879.48717948718 4808.717948717949 4717.948717948719 4530.769230769231 517.948717948718 4786.153846153847 5077.948717948719 4602.564102564103 4551.282051282052 4133.846153846154 7768.205128205129 3583.589743589744 4804.102564102564 
5550.769230769231 3880.512820512821 4803.076923076924 4725.641025641026 4557.435897435898 563.0769230769231 4918.974358974359 5058.974358974359 4602.051282051282 4555.384615384616 4129.74358974359 7769.23076923077 3590.7692307692314 4789.2307692307695 
5554.3589743589755 3901.0256410256416 4796.410256410257 4754.358974358975 4622.051282051282 497.948717948718 5020.000000000001 4971.794871794872 4579.48717948718 4552.820512820514 4123.589743589744 7768.71794871795 3618.9743589743593 4783.589743589744 
5528.205128205129 3881.538461538462 4728.717948717949 4733.333333333334 4638.974358974359 556.4102564102565 5042.564102564103 4781.538461538462 4541.538461538462 4541.025641025642 4108.717948717949 7768.71794871795 3598.461538461539 4726.666666666667 
5522.564102564103 3891.2820512820517 4697.435897435898 4713.333333333334 4616.923076923077 815.897435897436 4968.205128205129 4660.512820512821 4518.974358974359 4540.000000000001 4102.564102564103 7768.71794871795 3611.2820512820517 4715.384615384616 
5501.025641025642 3890.7692307692314 4623.076923076924 4692.307692307693 4630.256410256411 1466.6666666666667 4995.384615384616 4520.000000000001 4489.743589743591 4524.615384615385 4083.076923076924 7768.71794871795 3599.48717948718 4666.666666666667 
5487.6923076923085 3914.358974358975 4538.974358974359 4669.743589743591 4634.871794871796 2429.2307692307695 5054.358974358975 4360.512820512821 4450.769230769231 4515.8974358974365 4069.23076923077 7768.71794871795 3601.538461538462 4627.6923076923085 
5461.025641025642 3911.7948717948725 4475.384615384616 4632.820512820514 4576.410256410257 3190.2564102564106 4956.923076923077 4324.102564102564 4443.076923076924 4508.205128205129 4065.1282051282055 7768.71794871795 3591.794871794872 4607.6923076923085 
5445.641025641026 3910.7692307692314 4454.871794871796 4608.205128205129 4521.025641025642 3673.333333333334 4826.153846153847 4357.948717948719 4451.282051282052 4520.000000000001 4064.615384615385 7768.71794871795 3603.0769230769233 4613.846153846154 
5420.512820512821 3907.1794871794878 4437.435897435898 4601.025641025642 4502.051282051282 3993.333333333334 4776.410256410257 4360.000000000001 4437.948717948719 4520.000000000001 4068.205128205129 7768.71794871795 3611.2820512820517 4613.846153846154 
5404.102564102564 3921.538461538462 4419.48717948718 4593.846153846154 4485.641025641026 4195.384615384616 4737.435897435898 4354.871794871796 4436.923076923077 4524.102564102564 4068.717948717949 7768.71794871795 3622.564102564103 4617.948717948719 
5383.589743589744 3908.205128205129 4413.846153846154 4586.153846153847 4469.2307692307695 4325.128205128206 4702.564102564103 4370.256410256411 4433.333333333334 4522.564102564103 4068.717948717949 7768.71794871795 3634.8717948717954 4618.461538461539 
5371.282051282052 3916.410256410257 4409.743589743591 4582.051282051282 4464.615384615385 4390.256410256411 4675.384615384616 4373.333333333334 4439.48717948718 4527.179487179488 4065.6410256410263 7768.71794871795 3650.2564102564106 4616.923076923077 
5349.743589743591 3913.8461538461543 4403.076923076924 4573.333333333334 4456.923076923077 4435.8974358974365 4678.974358974359 4373.846153846154 4432.820512820514 4528.717948717949 4065.1282051282055 7768.71794871795 3664.1025641025644 4612.820512820514 
5343.589743589744 3927.1794871794878 4403.589743589744 4567.6923076923085 4452.307692307693 4470.256410256411 4664.102564102564 4376.923076923077 4434.358974358975 4531.794871794872 4061.538461538462 7768.71794871795 3683.0769230769233 4615.384615384616 
5325.128205128206 3917.9487179487182 4405.128205128206 4558.461538461539 4452.307692307693 4489.2307692307695 4657.948717948719 4375.8974358974365 4437.435897435898 4541.025641025642 4064.1025641025644 7768.71794871795 3695.8974358974365 4613.333333333334 
5315.8974358974365 3929.2307692307695 4414.871794871796 4555.8974358974365 4454.358974358975 4503.589743589744 4655.8974358974365 4378.974358974359 4433.333333333334 4546.666666666667 4065.6410256410263 7768.71794871795 3713.8461538461543 4618.461538461539 
5301.025641025642 3934.8717948717954 4425.641025641026 4547.6923076923085 4452.307692307693 4506.666666666667 4656.410256410257 4381.538461538462 4433.333333333334 4547.6923076923085 4064.1025641025644 7768.71794871795 3720.0000000000005 4612.307692307693 
5290.769230769231 3938.9743589743593 4429.2307692307695 4542.564102564103 4450.256410256411 4510.769230769231 4655.8974358974365 4377.948717948719 4425.128205128206 4555.384615384616 4064.615384615385 7768.71794871795 3740.0000000000005 4618.461538461539 
5271.282051282052 3940.0000000000005 4433.333333333334 4544.615384615385 4452.820512820514 4516.410256410257 4654.358974358975 4380.000000000001 4432.820512820514 4554.871794871796 4065.6410256410263 7768.71794871795 3753.333333333334 4618.974358974359 
5265.641025641026 3939.48717948718 4431.282051282052 4542.051282051282 4447.6923076923085 4514.358974358975 4656.923076923077 4376.923076923077 4421.538461538462 4566.666666666667 4069.23076923077 7768.71794871795 3770.7692307692314 4620.000000000001 
5251.794871794872 3949.2307692307695 4430.256410256411 4541.025641025642 4451.282051282052 4515.8974358974365 4660.000000000001 4379.48717948718 4431.282051282052 4559.48717948718 4065.6410256410263 7768.71794871795 3776.410256410257 4617.435897435898 
5238.461538461539 3945.6410256410263 4422.051282051282 4533.846153846154 4452.307692307693 4513.846153846154 4662.564102564103 4375.384615384616 4427.6923076923085 4570.769230769231 4066.1538461538466 7768.71794871795 3791.2820512820517 4621.538461538462 
5226.153846153847 3960.5128205128212 4432.820512820514 4535.384615384616 4457.948717948719 4517.948717948719 4666.153846153847 4379.48717948718 4433.333333333334 4557.948717948719 4064.615384615385 7768.71794871795 3799.48717948718 4623.076923076924 
5216.923076923078 3950.2564102564106 4431.282051282052 4527.179487179488 4455.384615384616 4522.564102564103 4679.48717948718 4376.410256410257 4423.589743589744 4572.307692307693 4062.564102564103 7768.71794871795 3801.538461538462 4619.48717948718 
5209.743589743591 3977.435897435898 4418.461538461539 4533.333333333334 4464.102564102564 4563.076923076924 4686.666666666667 4367.179487179487 4431.794871794872 4561.538461538462 4056.410256410257 7768.71794871795 3818.461538461539 4612.820512820514 
5191.794871794872 3970.2564102564106 4397.948717948719 4525.128205128206 4457.435897435898 4594.871794871796 4679.48717948718 4371.794871794872 4432.820512820514 4591.794871794872 4058.9743589743593 7769.23076923077 3824.1025641025644 4604.102564102564 
5149.743589743591 3942.564102564103 4383.076923076924 4494.871794871796 4423.076923076924 4490.769230769231 4649.2307692307695 4393.333333333334 4423.076923076924 4563.589743589744 4055.3846153846157 7801.0256410256425 3789.2307692307695 4582.564102564103 
5144.102564102564 3924.1025641025644 4372.820512820514 4493.846153846154 4424.615384615385 4428.717948717949 4684.615384615386 4381.538461538462 4417.435897435898 4533.333333333334 4056.410256410257 7920.000000000001 3778.9743589743593 4569.2307692307695 
5408.205128205129 4278.974358974359 4605.128205128206 4689.2307692307695 4582.564102564103 4714.358974358975 4740.000000000001 4422.564102564103 4483.076923076924 4528.205128205129 4120.000000000001 7724.615384615386 4017.9487179487182 4843.076923076924 
5017.948717948719 3762.0512820512827 4296.410256410257 4369.2307692307695 4235.8974358974365 3916.410256410257 4458.974358974359 4591.794871794872 4443.589743589744 4585.641025641026 4034.358974358975 7769.743589743591 3588.205128205129 4466.666666666667 
5173.846153846154 3915.3846153846157 4495.384615384616 4488.205128205129 4307.179487179487 2861.0256410256416 4517.948717948719 4793.846153846154 4503.589743589744 4368.205128205129 4101.025641025642 8172.307692307693 3805.6410256410263 4630.256410256411 
6218.461538461539 5373.846153846154 5550.256410256411 5406.153846153847 5230.256410256411 3777.9487179487182 4954.871794871796 4716.923076923077 4711.794871794872 4133.333333333334 4378.974358974359 7065.128205128206 4923.076923076924 5841.538461538462 
5576.410256410257 4798.974358974359 5101.538461538462 5002.051282051283 5012.820512820514 4554.871794871796 4700.512820512821 4367.6923076923085 4446.153846153847 4254.871794871796 4202.564102564103 5771.794871794873 4352.307692307693 5276.410256410257 
4117.435897435898 3632.820512820513 4204.102564102564 4246.153846153847 4363.076923076924 4167.6923076923085 4343.589743589744 4217.948717948719 4157.435897435898 4183.076923076924 3921.0256410256416 5579.487179487181 3862.0512820512827 4115.384615384616 
3611.794871794872 3868.717948717949 4302.564102564103 4410.769230769231 4471.282051282052 3971.7948717948725 4473.333333333334 4352.820512820514 4265.641025641026 4075.3846153846157 3949.2307692307695 5830.769230769231 4941.025641025642 4251.794871794872 
3727.692307692308 4545.128205128206 4762.051282051282 4809.743589743591 4830.256410256411 4519.48717948718 4634.871794871796 4392.820512820514 4435.8974358974365 4081.538461538462 4049.7435897435903 5241.538461538462 5924.102564102564 4818.461538461539 
3054.3589743589746 3828.717948717949 4294.871794871796 4355.384615384616 4422.051282051282 4312.820512820514 4388.205128205129 4282.051282051282 4290.256410256411 4217.435897435898 3918.461538461539 5043.076923076924 5530.769230769231 4216.410256410257 
3239.4871794871797 3991.7948717948725 4417.435897435898 4476.923076923077 4480.512820512821 4346.153846153847 4456.410256410257 4193.846153846154 4257.948717948719 4114.358974358975 3931.2820512820517 4847.179487179488 5738.461538461539 4278.461538461539 
3784.1025641025644 4137.948717948719 4458.974358974359 4601.538461538462 4541.025641025642 4518.461538461539 4455.384615384616 4193.333333333334 4294.358974358975 4178.461538461539 3944.1025641025644 4461.025641025642 5524.615384615386 4438.461538461539 
4467.6923076923085 3956.9230769230776 4303.589743589744 4494.871794871796 4431.282051282052 4463.076923076924 4415.384615384616 4227.179487179487 4285.641025641026 4200.512820512821 3915.3846153846157 4455.384615384616 4442.051282051282 4333.846153846154 
5811.794871794873 4064.615384615385 4396.410256410257 4604.102564102564 4535.8974358974365 4568.717948717949 4488.205128205129 4272.820512820514 4326.153846153847 4165.128205128206 3935.3846153846157 4279.48717948718 3381.0256410256416 4507.179487179488 
6822.564102564103 4004.615384615385 4346.666666666667 4594.358974358975 4523.076923076924 4562.564102564103 4484.102564102564 4271.282051282052 4309.743589743591 4177.435897435898 3870.7692307692314 4150.256410256411 2274.8717948717954 4474.358974358975 
7028.717948717949 4082.564102564103 4389.2307692307695 4630.256410256411 4540.512820512821 4608.717948717949 4489.743589743591 4326.153846153847 4349.743589743591 4162.051282051282 3860.512820512821 4137.435897435898 1766.666666666667 4463.076923076924 
6784.102564102565 4074.8717948717954 4412.820512820514 4596.923076923077 4522.051282051282 4608.205128205129 4475.384615384616 4383.589743589744 4380.000000000001 4182.564102564103 3857.435897435898 4278.461538461539 1793.846153846154 4401.025641025642 
6787.179487179488 4026.1538461538466 4413.333333333334 4536.923076923077 4511.794871794872 4579.48717948718 4448.205128205129 4354.358974358975 4352.820512820514 4161.538461538462 3832.307692307693 4151.794871794872 1855.897435897436 4320.512820512821 
6837.435897435898 3993.8461538461543 4372.820512820514 4482.564102564103 4483.076923076924 4516.923076923077 4403.076923076924 4317.948717948719 4324.102564102564 4135.8974358974365 3832.820512820513 4124.102564102564 1884.6153846153848 4249.74358974359 
6930.769230769231 4407.6923076923085 4703.076923076924 4735.384615384616 4707.179487179488 4745.641025641026 4574.358974358975 4308.717948717949 4352.820512820514 4075.8974358974365 3901.0256410256416 4148.717948717949 2247.692307692308 4524.102564102564 
6361.538461538463 3971.7948717948725 4370.769230769231 4457.948717948719 4465.641025641026 4584.102564102564 4301.538461538462 4306.153846153847 4316.923076923077 4254.358974358975 3814.358974358975 3898.9743589743593 2116.923076923077 4191.794871794872 
6111.794871794873 3845.1282051282055 4311.794871794872 4347.179487179487 4408.717948717949 4371.282051282052 4335.8974358974365 4235.8974358974365 4241.025641025642 4030.2564102564106 3778.9743589743593 4149.2307692307695 2440.0000000000005 4060.0000000000005 
6965.641025641026 5616.410256410257 5704.102564102564 5456.410256410257 5418.461538461539 5614.871794871796 5213.333333333334 4141.538461538462 4381.538461538462 3906.666666666667 4012.820512820513 2856.410256410257 4215.384615384616 5428.717948717949 
6131.794871794873 5375.8974358974365 5536.410256410257 5342.564102564103 5253.846153846154 6137.435897435898 5084.102564102564 4273.846153846154 4501.538461538462 4656.923076923077 3947.1794871794878 918.4615384615386 4330.256410256411 5320.000000000001 
4726.666666666667 3780.0000000000005 4311.794871794872 4359.48717948718 4303.076923076924 5399.487179487181 4447.179487179487 4388.205128205129 4403.076923076924 4702.051282051282 3684.615384615385 348.20512820512823 3298.9743589743593 4107.179487179487 
4655.384615384616 3517.9487179487182 4096.923076923077 4189.2307692307695 4136.923076923077 4868.717948717949 4541.538461538462 4226.153846153847 4244.102564102564 4021.538461538462 3577.9487179487182 96.92307692307693 3235.8974358974365 3795.8974358974365 
5320.000000000001 4434.358974358975 4781.538461538462 4754.358974358975 4642.051282051282 5148.717948717949 4852.307692307693 4609.743589743591 4581.538461538462 4291.794871794872 3916.9230769230776 1063.0769230769233 4056.410256410257 4628.717948717949 
5444.102564102564 4159.48717948718 4512.820512820514 4621.025641025642 4500.512820512821 4945.641025641026 4571.282051282052 5122.564102564103 4878.461538461539 5084.102564102564 4184.615384615385 4365.128205128206 3800.512820512821 4786.666666666667 
5230.769230769231 3425.641025641026 3973.333333333334 4184.102564102564 4109.2307692307695 4335.384615384616 4522.051282051282 4674.358974358975 4487.179487179488 4666.666666666667 3969.2307692307695 6396.410256410257 2850.769230769231 4246.153846153847 
5284.615384615386 3984.1025641025644 4489.2307692307695 4423.076923076924 4396.923076923077 4532.307692307693 4822.051282051282 3981.0256410256416 4050.7692307692314 3909.2307692307695 3709.7435897435903 5396.923076923078 2972.307692307693 4307.179487179487 
5707.6923076923085 4533.846153846154 4938.974358974359 4683.076923076924 4724.102564102564 4815.384615384616 4701.538461538462 4124.102564102564 4132.307692307693 3972.820512820513 3762.0512820512827 4705.641025641026 3381.0256410256416 4529.2307692307695 
6268.205128205129 4362.564102564103 4711.282051282052 4660.512820512821 4680.000000000001 4518.974358974359 4475.8974358974365 4477.435897435898 4355.384615384616 4192.820512820514 3938.461538461539 5183.589743589744 3173.333333333334 4512.820512820514 
5922.051282051283 3730.2564102564106 4164.102564102564 4344.102564102564 4329.743589743591 4075.8974358974365 4366.153846153847 4526.666666666667 4357.948717948719 4217.435897435898 3939.48717948718 5391.282051282052 2664.6153846153848 4165.128205128206 
5808.717948717949 4133.333333333334 4487.6923076923085 4560.000000000001 4550.256410256411 4262.564102564103 4553.333333333334 4468.717948717949 4334.871794871796 4089.23076923077 3960.0000000000005 5391.282051282052 3125.641025641026 4434.871794871796 
5870.769230769231 4358.974358974359 4625.128205128206 4702.051282051282 4705.128205128206 4514.358974358975 4551.282051282052 4275.8974358974365 4273.846153846154 4165.128205128206 3923.589743589744 4715.8974358974365 3399.48717948718 4513.846153846154 
5632.307692307693 3929.7435897435903 4277.435897435898 4459.48717948718 4447.179487179487 4283.589743589744 4385.128205128206 4287.6923076923085 4273.333333333334 4223.589743589744 3877.435897435898 4518.974358974359 3137.9487179487182 4171.794871794872 
5735.384615384616 4208.205128205129 4503.076923076924 4637.948717948719 4593.846153846154 4528.205128205129 4525.128205128206 4386.153846153847 4349.2307692307695 4150.769230769231 3931.2820512820517 4488.205128205129 3425.641025641026 4432.307692307693 
5628.717948717949 4067.692307692308 4402.051282051282 4538.461538461539 4522.564102564103 4488.717948717949 4464.615384615385 4354.358974358975 4276.923076923077 4211.794871794872 3851.2820512820517 4222.051282051282 3314.8717948717954 4303.589743589744 
5667.179487179488 4106.666666666667 4424.102564102564 4563.076923076924 4538.974358974359 4538.461538461539 4477.948717948719 4223.076923076924 4223.589743589744 4186.666666666667 3865.1282051282055 4081.0256410256416 3375.3846153846157 4288.205128205129 
5590.769230769231 4056.9230769230776 4434.358974358975 4547.179487179488 4511.282051282052 4607.6923076923085 4460.512820512821 4323.589743589744 4252.307692307693 4197.435897435898 3902.564102564103 4187.6923076923085 3411.2820512820517 4295.8974358974365 
5505.641025641026 4010.2564102564106 4417.435897435898 4533.846153846154 4502.051282051282 4508.717948717949 4424.102564102564 4439.48717948718 4281.025641025642 4208.205128205129 3910.7692307692314 4326.153846153847 3433.8461538461543 4297.948717948719 
5402.051282051283 4102.564102564103 4385.128205128206 4586.666666666667 4562.564102564103 4649.2307692307695 4458.461538461539 4060.5128205128212 4164.102564102564 4203.076923076924 3857.435897435898 3845.6410256410263 3573.8461538461543 4277.435897435898 
5223.589743589744 4012.820512820513 4318.974358974359 4505.128205128206 4496.923076923077 4841.538461538462 4460.000000000001 3926.1538461538466 4112.307692307693 4199.48717948718 3792.820512820513 3195.8974358974365 3649.7435897435903 4156.923076923077 
5075.8974358974365 3868.717948717949 4306.666666666667 4394.871794871796 4397.435897435898 4754.871794871796 4414.358974358975 4288.205128205129 4222.051282051282 4216.923076923077 3804.1025641025644 3414.8717948717954 3685.6410256410263 4093.8461538461543 
5136.923076923077 3990.2564102564106 4395.8974358974365 4469.2307692307695 4470.769230769231 4624.615384615385 4430.769230769231 4452.820512820514 4280.000000000001 4151.794871794872 3855.3846153846157 3968.717948717949 3820.512820512821 4207.179487179487 
5293.333333333334 4228.717948717949 4457.948717948719 4636.923076923077 4620.000000000001 4736.410256410257 4440.512820512821 4294.871794871796 4265.641025641026 4174.358974358975 3897.9487179487182 3840.0000000000005 3986.1538461538466 4391.794871794872 
4870.769230769231 3632.307692307693 4130.256410256411 4267.6923076923085 4285.128205128206 4404.615384615385 4357.948717948719 4272.820512820514 4155.8974358974365 4254.358974358975 3795.8974358974365 3966.666666666667 3549.7435897435903 3958.461538461539 
5455.384615384616 4436.410256410257 4740.000000000001 4757.948717948719 4737.435897435898 4800.000000000001 4636.923076923077 4276.410256410257 4210.769230769231 3836.9230769230776 3904.1025641025644 3908.717948717949 4116.410256410257 4531.794871794872 
5875.8974358974365 5014.871794871796 4734.871794871796 5107.6923076923085 5015.384615384616 5214.871794871796 4339.48717948718 4606.666666666667 4509.2307692307695 4443.589743589744 4133.333333333334 3720.0000000000005 4662.564102564103 5129.743589743591 
5014.358974358975 3808.205128205129 3771.2820512820517 4381.025641025642 4306.153846153847 4450.256410256411 3973.333333333334 5000.512820512821 4572.820512820514 5261.025641025642 4136.923076923077 5707.6923076923085 3987.692307692308 4432.307692307693 
4619.48717948718 3389.7435897435903 3845.1282051282055 4154.358974358975 4086.1538461538466 4151.794871794872 4518.974358974359 4639.48717948718 4303.589743589744 4824.102564102564 4038.461538461539 7946.666666666668 3752.307692307693 4135.384615384616 
5110.769230769231 4205.641025641026 4585.128205128206 4675.384615384616 4570.256410256411 4709.743589743591 5061.538461538462 4293.333333333334 4215.384615384616 4188.205128205129 4085.1282051282055 8188.205128205129 4340.512820512821 4718.974358974359 
5129.2307692307695 4275.8974358974365 4482.051282051282 4712.307692307693 4605.641025641026 4806.153846153847 4844.102564102564 4407.179487179487 4320.000000000001 4480.512820512821 4131.282051282052 7561.025641025642 4424.102564102564 4830.769230769231 
4698.461538461539 3669.7435897435903 4137.435897435898 4332.307692307693 4265.128205128206 4395.8974358974365 4727.179487179488 4457.948717948719 4260.000000000001 4619.48717948718 4056.410256410257 7978.97435897436 3985.6410256410263 4376.923076923077 
5051.282051282052 4150.769230769231 4604.102564102564 4627.6923076923085 4540.512820512821 4687.179487179488 4990.769230769231 4346.153846153847 4236.923076923077 4303.076923076924 4093.8461538461543 7918.97435897436 4271.282051282052 4726.153846153847 
4971.282051282052 4001.538461538462 4473.333333333334 4525.128205128206 4460.512820512821 4607.179487179488 4848.717948717949 4386.666666666667 4238.461538461539 4486.666666666667 4077.9487179487187 7767.6923076923085 4110.769230769231 4623.076923076924 
4990.769230769231 3993.333333333334 4498.974358974359 4502.564102564103 4452.307692307693 4564.102564102564 4855.8974358974365 4397.948717948719 4235.8974358974365 4445.641025641026 4075.3846153846157 7769.23076923077 4062.0512820512827 4589.743589743591 
5031.794871794872 4063.076923076924 4528.205128205129 4530.256410256411 4484.615384615385 4597.948717948719 4855.384615384616 4385.641025641026 4231.794871794872 4462.051282051282 4080.0000000000005 7767.6923076923085 4114.358974358975 4633.333333333334 
4985.128205128206 4016.9230769230776 4453.846153846154 4494.358974358975 4455.384615384616 4551.794871794872 4831.282051282052 4387.6923076923085 4224.615384615385 4495.8974358974365 4074.8717948717954 7768.71794871795 4088.717948717949 4583.076923076924 
5016.410256410257 4083.076923076924 4474.358974358975 4528.717948717949 4483.076923076924 4574.358974358975 4849.2307692307695 4376.923076923077 4230.256410256411 4488.205128205129 4078.9743589743593 7767.179487179488 4136.923076923077 4630.256410256411 
4978.461538461539 4047.1794871794878 4438.461538461539 4509.743589743591 4469.743589743591 4590.256410256411 4870.769230769231 4365.641025641026 4223.076923076924 4521.025641025642 4072.307692307693 7768.71794871795 4118.974358974359 4607.6923076923085 
4977.948717948719 4069.23076923077 4446.153846153847 4515.8974358974365 4467.179487179487 4640.000000000001 4896.410256410257 4382.051282051282 4214.871794871796 4526.666666666667 4075.8974358974365 7769.23076923077 4137.435897435898 4629.2307692307695 
4955.8974358974365 4048.717948717949 4446.666666666667 4512.307692307693 4447.179487179487 4470.256410256411 4862.564102564103 4449.2307692307695 4223.589743589744 4562.564102564103 4082.0512820512827 7768.205128205129 4135.384615384616 4633.333333333334 
4957.435897435898 4082.0512820512827 4417.948717948719 4535.8974358974365 4502.564102564103 4536.410256410257 4951.794871794872 4350.256410256411 4202.051282051282 4569.743589743591 4072.307692307693 7768.71794871795 4150.769230769231 4614.871794871796 
4942.051282051283 4059.48717948718 4406.153846153847 4516.410256410257 4437.435897435898 4631.794871794872 4907.6923076923085 4437.948717948719 4219.48717948718 4602.051282051282 4087.1794871794878 7768.71794871795 4149.74358974359 4627.179487179488 
4949.2307692307695 3995.8974358974365 4522.051282051282 4510.256410256411 4313.333333333334 3645.1282051282055 4637.948717948719 4802.564102564103 4306.666666666667 4677.948717948719 4129.2307692307695 7790.769230769231 4171.282051282052 4715.384615384616 
4966.666666666667 3983.076923076924 4603.076923076924 4576.410256410257 4428.205128205129 2612.820512820513 4750.256410256411 4771.282051282052 4301.538461538462 4711.794871794872 4135.384615384616 7878.461538461539 4201.025641025642 4725.641025641026 
4955.8974358974365 4029.23076923077 4526.153846153847 4609.743589743591 4597.948717948719 2941.0256410256416 5120.512820512821 4384.102564102564 4202.564102564103 4690.256410256411 4090.2564102564106 7745.641025641026 4194.358974358975 4641.025641025642 
4943.076923076924 4044.615384615385 4471.794871794872 4569.743589743591 4561.025641025642 3727.692307692308 5175.384615384616 4378.974358974359 4202.051282051282 4746.666666666667 4100.512820512821 7812.307692307693 4185.128205128206 4620.512820512821 
4927.6923076923085 4032.307692307693 4470.256410256411 4541.538461538462 4483.589743589744 3838.9743589743593 4996.410256410257 4470.769230769231 4201.538461538462 4790.769230769231 4109.2307692307695 8086.666666666668 4185.641025641026 4636.923076923077 
4889.2307692307695 4049.7435897435903 4430.256410256411 4552.820512820514 4519.48717948718 3954.358974358975 5023.589743589744 4308.205128205129 4133.333333333334 4724.615384615386 4051.7948717948725 7223.589743589744 4165.128205128206 4569.743589743591 
4884.615384615386 4052.307692307693 4408.205128205129 4548.717948717949 4506.153846153847 4216.923076923077 5031.794871794872 4343.076923076924 4153.333333333334 4803.589743589744 4030.7692307692314 6462.564102564103 4178.974358974359 4538.461538461539 
4809.743589743591 4029.23076923077 4399.48717948718 4541.538461538462 4477.948717948719 4267.6923076923085 4965.128205128206 4208.717948717949 4056.410256410257 4655.384615384616 3947.692307692308 5964.102564102564 4124.615384615385 4489.743589743591 
4786.153846153847 4021.538461538462 4423.076923076924 4547.179487179488 4471.794871794872 4312.307692307693 4969.743589743591 4262.051282051282 4078.9743589743593 4644.615384615385 3950.2564102564106 5446.153846153847 4122.564102564103 4487.179487179488 
4800.000000000001 4025.6410256410263 4435.8974358974365 4550.256410256411 4471.794871794872 4327.179487179487 4979.48717948718 4358.461538461539 4124.615384615385 4743.589743589744 3971.2820512820517 5203.076923076924 4158.461538461539 4502.051282051282 
4760.000000000001 4028.205128205129 4392.820512820514 4544.615384615385 4486.666666666667 4457.948717948719 5023.589743589744 4215.384615384616 4049.7435897435903 4637.435897435898 3908.717948717949 4850.256410256411 4130.256410256411 4433.333333333334 
4852.307692307693 4042.564102564103 4438.974358974359 4551.282051282052 4453.846153846154 4428.205128205129 4983.589743589744 4613.333333333334 4233.333333333334 4935.384615384616 4038.461538461539 4923.076923076924 4241.025641025642 4518.974358974359 
4985.128205128206 4065.6410256410263 4505.128205128206 4581.025641025642 4469.2307692307695 4157.435897435898 4982.564102564103 5015.384615384616 4431.282051282052 5463.589743589744 4235.8974358974365 6614.871794871796 4403.589743589744 4677.948717948719 
4921.025641025642 4068.205128205129 4434.871794871796 4576.410256410257 4510.769230769231 4132.307692307693 5043.076923076924 4576.923076923077 4212.820512820514 5429.2307692307695 4156.410256410257 8230.769230769232 4358.461538461539 4651.794871794872 
4790.256410256411 4046.666666666667 4377.948717948719 4555.384615384616 4512.820512820514 4364.102564102564 5075.384615384616 4197.435897435898 4017.9487179487182 5181.025641025642 4025.1282051282055 7864.615384615386 4233.846153846154 4549.2307692307695 
4838.974358974359 4049.23076923077 4432.820512820514 4555.8974358974365 4480.000000000001 4476.923076923077 5034.871794871796 4507.6923076923085 4165.641025641026 5449.743589743591 4114.871794871796 7615.8974358974365 4304.615384615385 4614.871794871796 
4823.589743589744 4038.9743589743593 4430.769230769231 4557.435897435898 4481.025641025642 4443.589743589744 5011.282051282052 4489.743589743591 4146.153846153847 5558.974358974359 4120.512820512821 8005.641025641026 4318.461538461539 4627.179487179488 
4776.410256410257 4046.1538461538466 4400.000000000001 4553.846153846154 4489.743589743591 4529.2307692307695 5032.820512820514 4329.2307692307695 4070.7692307692314 5524.102564102564 4063.589743589744 7809.743589743591 4288.205128205129 4586.666666666667 
4785.128205128206 4040.5128205128212 4416.410256410257 4552.307692307693 4475.384615384616 4556.923076923077 5036.410256410257 4457.435897435898 4121.538461538462 5697.948717948719 4102.051282051282 7769.743589743591 4317.435897435898 4606.666666666667 
4767.6923076923085 4049.7435897435903 4412.307692307693 4552.820512820514 4475.384615384616 4563.076923076924 5052.307692307693 4415.8974358974365 4085.6410256410263 5762.564102564103 4088.205128205129 7768.71794871795 4315.8974358974365 4602.051282051282 
4759.48717948718 4044.615384615385 4417.435897435898 4548.205128205129 4473.846153846154 4581.538461538462 5061.025641025642 4435.8974358974365 4088.717948717949 5881.538461538462 4093.333333333334 7768.205128205129 4329.2307692307695 4607.179487179488 
4747.179487179488 4048.205128205129 4426.153846153847 4546.153846153847 4478.974358974359 4587.179487179488 5064.615384615386 4438.461538461539 4095.3846153846157 5981.025641025642 4092.820512820513 7768.205128205129 4335.8974358974365 4613.333333333334 
4745.128205128206 4045.6410256410263 4423.076923076924 4538.461538461539 4471.282051282052 4592.307692307693 5072.820512820514 4434.358974358975 4083.589743589744 6106.666666666668 4090.7692307692314 7768.205128205129 4346.666666666667 4612.307692307693 
4736.923076923077 4054.8717948717954 4422.564102564103 4534.358974358975 4472.820512820514 4603.076923076924 5081.025641025642 4447.6923076923085 4083.076923076924 6229.23076923077 4090.7692307692314 7769.23076923077 4353.846153846154 4607.179487179488 
4736.923076923077 4065.6410256410263 4421.538461538462 4528.717948717949 4478.461538461539 4606.153846153847 5075.8974358974365 4442.564102564103 4078.9743589743593 6393.333333333334 4089.7435897435903 7768.71794871795 4372.820512820514 4607.179487179488 
4724.102564102564 4062.564102564103 4429.743589743591 4527.6923076923085 4481.538461538462 4612.307692307693 5075.384615384616 4453.846153846154 4099.48717948718 6534.3589743589755 4091.2820512820517 7768.71794871795 4371.794871794872 4605.641025641026 
4727.179487179488 4075.3846153846157 4442.051282051282 4525.128205128206 4474.871794871796 4606.153846153847 5069.743589743591 4458.974358974359 4109.2307692307695 6739.487179487181 4092.820512820513 7768.71794871795 4387.6923076923085 4617.948717948719 
4713.333333333334 4074.8717948717954 4452.820512820514 4523.589743589744 4478.461538461539 4613.333333333334 5092.820512820514 4468.205128205129 4105.128205128206 6887.179487179488 4089.23076923077 7768.71794871795 4386.153846153847 4617.435897435898 
4717.435897435898 4086.666666666667 4458.974358974359 4521.538461538462 4476.410256410257 4614.358974358975 5031.282051282052 4477.948717948719 4195.384615384616 7111.794871794873 4086.1538461538466 7768.71794871795 4397.948717948719 4625.641025641026 
4706.153846153847 4076.410256410257 4457.435897435898 4520.512820512821 4477.948717948719 4615.384615384616 5071.282051282052 4485.128205128206 4203.589743589744 7307.179487179488 4089.7435897435903 7768.71794871795 4394.871794871796 4622.051282051282 
4712.820512820514 4092.820512820513 4445.641025641026 4520.000000000001 4480.512820512821 4625.641025641026 5291.794871794872 4490.256410256411 3912.820512820513 7465.641025641026 4087.692307692308 7768.71794871795 4408.717948717949 4626.153846153847 
4708.205128205129 4089.7435897435903 4426.153846153847 4516.410256410257 4480.000000000001 4648.717948717949 5648.717948717949 4498.461538461539 3676.9230769230776 7590.769230769231 4083.589743589744 7768.71794871795 4412.307692307693 4620.000000000001 
4709.2307692307695 4099.48717948718 4416.410256410257 4515.8974358974365 4481.538461538462 4657.948717948719 5944.102564102564 4502.564102564103 3370.2564102564106 7703.076923076924 4084.615384615385 7768.71794871795 4416.923076923077 4625.128205128206 
4703.589743589744 4093.333333333334 4370.769230769231 4514.358974358975 4483.589743589744 4678.461538461539 6532.307692307693 4503.076923076924 2250.2564102564106 7774.871794871796 4089.7435897435903 7768.71794871795 4413.846153846154 4623.076923076924 
4702.051282051282 4101.538461538462 4275.384615384616 4521.025641025642 4485.641025641026 4757.435897435898 7470.256410256411 4510.256410256411 887.1794871794873 7769.23076923077 4084.615384615385 7768.71794871795 4416.923076923077 4621.025641025642 
4704.615384615386 4110.769230769231 4215.384615384616 4526.153846153847 4485.641025641026 4786.666666666667 7926.666666666668 4526.666666666667 469.7435897435898 7795.8974358974365 4088.205128205129 7768.71794871795 4427.179487179487 4627.6923076923085 
4697.948717948719 4113.333333333334 4203.589743589744 4529.2307692307695 4501.025641025642 4794.358974358975 7856.410256410258 4495.384615384616 601.5384615384617 7767.6923076923085 4090.2564102564106 7779.487179487181 4424.102564102564 4626.153846153847 
4693.846153846154 4098.974358974359 4195.384615384616 4513.333333333334 4474.871794871796 4806.666666666667 7755.8974358974365 4524.615384615385 582.5641025641027 7778.461538461539 4098.974358974359 7864.615384615386 4424.615384615385 4620.512820512821 
4679.48717948718 4078.461538461539 4212.307692307693 4515.384615384616 4433.846153846154 4504.615384615385 7867.179487179488 4621.538461538462 534.3589743589745 7767.6923076923085 4101.538461538462 7802.564102564103 4429.743589743591 4636.410256410257 
4672.820512820514 4100.000000000001 4229.74358974359 4542.051282051282 4482.564102564103 4183.589743589744 7790.769230769231 4600.512820512821 622.5641025641027 7769.743589743591 4099.48717948718 7712.307692307693 4473.333333333334 4643.076923076924 
4666.666666666667 4101.538461538462 4211.794871794872 4550.769230769231 4531.282051282052 4292.820512820514 7769.23076923077 4518.974358974359 638.4615384615386 7768.71794871795 4111.794871794872 8089.23076923077 4481.025641025642 4636.923076923077 
4647.6923076923085 4097.948717948719 4176.410256410257 4533.846153846154 4504.102564102564 4503.589743589744 7770.256410256411 4396.923076923077 647.1794871794873 7768.205128205129 4050.7692307692314 7426.153846153848 4417.948717948719 4591.794871794872 
4612.820512820514 4084.615384615385 4194.358974358975 4530.769230769231 4477.435897435898 4483.589743589744 7768.71794871795 4491.794871794872 642.0512820512821 7767.6923076923085 4029.23076923077 6351.282051282052 4443.589743589744 4570.769230769231 
4709.743589743591 4098.461538461539 4203.076923076924 4540.000000000001 4513.333333333334 4441.538461538462 7769.743589743591 4495.384615384616 644.1025641025642 7767.6923076923085 4030.2564102564106 6223.589743589744 4378.974358974359 4575.384615384616 
5070.769230769231 4086.666666666667 4162.564102564103 4548.205128205129 4518.461538461539 4623.076923076924 7768.71794871795 4332.820512820514 644.6153846153846 7767.6923076923085 3960.5128205128212 5723.076923076924 3885.6410256410263 4523.076923076924 
5568.205128205129 4056.410256410257 4132.307692307693 4544.615384615385 4436.410256410257 4571.794871794872 7769.23076923077 4557.948717948719 647.6923076923077 7767.6923076923085 3990.7692307692314 5243.589743589744 3444.615384615385 4552.820512820514 
5807.6923076923085 4052.307692307693 4193.846153846154 4575.8974358974365 4447.6923076923085 4295.384615384616 7769.23076923077 4889.2307692307695 647.6923076923077 7767.6923076923085 4129.74358974359 6703.589743589744 3434.3589743589746 4660.512820512821 
5763.589743589744 4075.3846153846157 4211.794871794872 4600.512820512821 4514.871794871796 4233.846153846154 7768.71794871795 4650.769230769231 646.6666666666667 7767.6923076923085 4117.948717948719 8172.820512820514 3466.1538461538466 4655.8974358974365 
5707.6923076923085 4070.7692307692314 4173.333333333334 4571.794871794872 4518.461538461539 4421.025641025642 7769.23076923077 4360.000000000001 647.6923076923077 7767.6923076923085 4015.8974358974365 7813.333333333334 3367.1794871794878 4552.307692307693 
5684.615384615386 4073.333333333334 4190.256410256411 4542.051282051282 4487.6923076923085 4553.846153846154 7768.71794871795 4544.615384615385 647.6923076923077 7767.6923076923085 4041.538461538462 7624.615384615386 3437.435897435898 4558.974358974359 
5527.6923076923085 4091.2820512820517 4211.794871794872 4553.846153846154 4510.256410256411 4551.282051282052 7769.23076923077 4587.6923076923085 647.1794871794873 7767.6923076923085 4070.7692307692314 7961.538461538463 3615.3846153846157 4574.358974358975 
5281.025641025642 4106.666666666667 4201.025641025642 4556.923076923077 4525.128205128206 4666.666666666667 7768.71794871795 4461.538461538462 647.1794871794873 7767.6923076923085 4046.666666666667 7808.71794871795 3804.1025641025644 4554.358974358975 
5074.871794871796 4087.692307692308 4196.410256410257 4531.794871794872 4496.410256410257 4693.846153846154 7768.71794871795 4497.948717948719 647.1794871794873 7767.6923076923085 4067.1794871794878 7769.23076923077 4027.1794871794878 4583.589743589744 
4952.820512820514 4089.7435897435903 4200.512820512821 4545.128205128206 4503.589743589744 4727.6923076923085 7768.71794871795 4513.333333333334 647.1794871794873 7767.6923076923085 4077.9487179487187 7769.743589743591 4161.025641025642 4611.794871794872 
4888.717948717949 4078.461538461539 4156.410256410257 4540.000000000001 4481.538461538462 4738.974358974359 7768.71794871795 4516.410256410257 647.1794871794873 7767.6923076923085 4084.1025641025644 7768.71794871795 4205.641025641026 4608.205128205129 
4845.641025641026 4075.8974358974365 4154.358974358975 4537.948717948719 4477.948717948719 4732.307692307693 7769.23076923077 4510.769230769231 647.1794871794873 7767.6923076923085 4081.0256410256416 7768.205128205129 4252.820512820514 4618.974358974359 
4835.384615384616 4069.7435897435903 4150.769230769231 4543.076923076924 4482.051282051282 4749.743589743591 7768.71794871795 4511.794871794872 647.1794871794873 7767.6923076923085 4082.564102564103 7767.6923076923085 4284.615384615385 4635.8974358974365 
4881.538461538462 4073.8461538461543 4160.000000000001 4541.538461538462 4482.051282051282 4754.871794871796 7769.23076923077 4512.307692307693 647.1794871794873 7767.6923076923085 4084.1025641025644 7768.71794871795 4234.871794871796 4629.743589743591 
4961.025641025642 4088.717948717949 4191.282051282052 4524.615384615385 4487.6923076923085 4765.128205128206 7768.71794871795 4505.128205128206 647.1794871794873 7767.6923076923085 4075.8974358974365 7767.6923076923085 4134.871794871796 4608.205128205129 
5029.743589743591 4087.1794871794878 4230.769230769231 4517.948717948719 4492.820512820514 4764.102564102564 7768.71794871795 4501.538461538462 647.1794871794873 7767.6923076923085 4074.8717948717954 7767.179487179488 4063.076923076924 4604.102564102564 
5053.333333333334 4086.666666666667 4241.538461538462 4514.358974358975 4491.794871794872 4762.051282051282 7768.71794871795 4509.2307692307695 647.1794871794873 7767.6923076923085 4075.3846153846157 7768.205128205129 4043.589743589744 4607.179487179488 
5026.153846153847 4081.0256410256416 4241.538461538462 4505.128205128206 4487.179487179488 4760.512820512821 7768.71794871795 4506.153846153847 647.1794871794873 7767.6923076923085 4077.435897435898 7803.076923076924 4067.1794871794878 4602.564102564103 
4959.48717948718 4086.666666666667 4249.2307692307695 4511.794871794872 4493.846153846154 4771.282051282052 7769.23076923077 4531.794871794872 647.1794871794873 7767.6923076923085 4092.820512820513 8034.3589743589755 4156.410256410257 4622.564102564103 
4841.025641025642 4082.0512820512827 4233.846153846154 4511.282051282052 4492.307692307693 4765.128205128206 7768.71794871795 4510.256410256411 647.1794871794873 7767.6923076923085 4091.7948717948725 8018.46153846154 4261.538461538462 4620.512820512821 
4743.589743589744 4088.717948717949 4226.153846153847 4507.6923076923085 4491.282051282052 4789.2307692307695 7769.23076923077 4457.948717948719 647.1794871794873 7767.6923076923085 4062.564102564103 7724.102564102565 4319.48717948718 4603.076923076924 
4740.512820512821 4072.820512820513 4238.974358974359 4508.717948717949 4478.974358974359 4783.589743589744 7768.71794871795 4577.948717948719 647.1794871794873 7767.6923076923085 4125.641025641026 8216.923076923078 4376.410256410257 4648.205128205129 
4679.48717948718 4053.8461538461543 4204.615384615385 4509.2307692307695 4472.307692307693 4732.307692307693 7768.71794871795 4438.461538461539 647.1794871794873 7767.6923076923085 4086.666666666667 7650.769230769231 4360.512820512821 4631.794871794872 
4501.538461538462 4031.7948717948725 4132.820512820514 4491.282051282052 4473.846153846154 4820.512820512821 7768.71794871795 4008.205128205129 647.1794871794873 7767.6923076923085 3805.6410256410263 3993.8461538461543 4224.615384615385 4394.871794871796 
4469.2307692307695 4042.564102564103 4156.410256410257 4492.307692307693 4468.717948717949 4982.051282051283 7768.71794871795 4075.3846153846157 647.1794871794873 7767.6923076923085 3653.333333333334 529.2307692307693 4217.948717948719 4185.641025641026 
4572.820512820514 4054.8717948717954 4222.051282051282 4510.256410256411 4465.641025641026 5027.179487179488 7769.23076923077 4502.051282051282 647.1794871794873 7767.6923076923085 3761.538461538462 205.12820512820517 4348.717948717949 4184.102564102564 
4608.717948717949 4063.589743589744 4218.974358974359 4515.384615384616 4470.769230769231 4982.051282051283 7768.71794871795 4541.025641025642 647.1794871794873 7767.6923076923085 3806.666666666667 693.8461538461539 4404.102564102564 4220.000000000001 
4562.564102564103 4060.5128205128212 4196.923076923077 4511.794871794872 4483.076923076924 5001.538461538462 7769.23076923077 4403.076923076924 647.1794871794873 7767.6923076923085 3744.1025641025644 371.2820512820513 4370.256410256411 4176.410256410257 
4575.384615384616 4066.1538461538466 4220.512820512821 4513.333333333334 4477.948717948719 5004.102564102564 7768.71794871795 4489.743589743591 647.1794871794873 7767.6923076923085 3768.717948717949 391.2820512820513 4409.743589743591 4174.358974358975 
4561.025641025642 4064.1025641025644 4229.74358974359 4513.846153846154 4478.974358974359 4990.256410256411 7768.71794871795 4510.256410256411 647.1794871794873 7767.6923076923085 3785.6410256410263 628.7179487179488 4425.641025641026 4179.48717948718 
4542.564102564103 4057.435897435898 4224.102564102564 4513.333333333334 4476.923076923077 4988.205128205129 7768.71794871795 4459.48717948718 647.1794871794873 7767.6923076923085 3774.358974358975 644.1025641025642 4433.846153846154 4181.538461538462 
4525.641025641026 4052.820512820513 4219.48717948718 4517.435897435898 4481.538461538462 4990.769230769231 7768.71794871795 4473.333333333334 647.1794871794873 7767.6923076923085 3781.0256410256416 646.1538461538462 4450.769230769231 4176.923076923077 
4515.384615384616 4046.1538461538466 4210.769230769231 4516.923076923077 4477.435897435898 4990.769230769231 7769.23076923077 4465.641025641026 647.1794871794873 7767.6923076923085 3778.9743589743593 645.1282051282052 4471.282051282052 4178.974358974359 
4497.435897435898 4046.1538461538466 4202.564102564103 4521.538461538462 4472.307692307693 4995.8974358974365 7768.71794871795 4456.923076923077 647.1794871794873 7767.6923076923085 3771.2820512820517 645.1282051282052 4477.948717948719 4174.358974358975 
4492.307692307693 4042.0512820512827 4196.923076923077 4525.641025641026 4471.282051282052 4996.923076923077 7769.23076923077 4466.153846153847 647.1794871794873 7767.6923076923085 3777.9487179487182 645.1282051282052 4493.333333333334 4176.410256410257 
4501.025641025642 4051.7948717948725 4203.589743589744 4531.282051282052 4475.8974358974365 5005.128205128206 7768.71794871795 4510.769230769231 647.1794871794873 7767.6923076923085 3792.820512820513 645.1282051282052 4524.102564102564 4185.641025641026 
4455.384615384616 4042.0512820512827 4170.256410256411 4518.461538461539 4469.2307692307695 4993.333333333334 7768.71794871795 4402.051282051282 647.1794871794873 7767.6923076923085 3753.333333333334 645.1282051282052 4496.410256410257 4148.717948717949 
4476.923076923077 4065.1282051282055 4187.179487179487 4526.666666666667 4480.000000000001 5007.6923076923085 7768.71794871795 4487.6923076923085 647.1794871794873 7767.6923076923085 3786.1538461538466 645.1282051282052 4535.8974358974365 4163.076923076924 
4594.358974358975 4107.6923076923085 4260.000000000001 4555.384615384616 4516.410256410257 5061.025641025642 7768.71794871795 4815.384615384616 647.1794871794873 7767.6923076923085 3895.3846153846157 645.1282051282052 4677.435897435898 4222.051282051282 
4590.256410256411 4124.615384615385 4221.538461538462 4548.717948717949 4515.8974358974365 5068.205128205129 7769.23076923077 4682.564102564103 647.1794871794873 7767.6923076923085 3838.461538461539 645.1282051282052 4697.435897435898 4197.948717948719 
4480.000000000001 4104.615384615385 4135.8974358974365 4522.564102564103 4495.384615384616 5013.333333333334 7775.384615384616 4403.076923076924 642.0512820512821 7767.6923076923085 3739.48717948718 645.1282051282052 4603.076923076924 4123.076923076924 
4516.410256410257 4122.051282051282 4161.538461538462 4534.358974358975 4502.051282051282 4983.589743589744 7840.000000000001 4559.48717948718 566.1538461538462 7767.6923076923085 3792.820512820513 645.1282051282052 4658.974358974359 4162.051282051282 
4535.384615384616 4118.461538461539 4172.307692307693 4537.435897435898 4503.589743589744 4953.333333333334 7901.0256410256425 4666.153846153847 448.7179487179488 7767.6923076923085 3818.461538461539 645.1282051282052 4705.641025641026 4174.358974358975 
4472.307692307693 4092.307692307693 4144.615384615385 4520.000000000001 4480.000000000001 4873.846153846154 7820.000000000001 4477.435897435898 603.0769230769232 7767.6923076923085 3757.435897435898 645.1282051282052 4662.564102564103 4146.666666666667 
4435.8974358974365 4071.2820512820517 4159.48717948718 4524.102564102564 4478.974358974359 4836.410256410257 7855.8974358974365 4480.512820512821 587.1794871794873 7767.6923076923085 3770.2564102564106 645.1282051282052 4638.974358974359 4149.74358974359 
4457.948717948719 4070.2564102564106 4172.820512820514 4525.128205128206 4477.948717948719 4807.179487179488 7867.179487179488 4551.282051282052 365.6410256410257 7767.6923076923085 3799.48717948718 645.1282051282052 4677.948717948719 4174.871794871796 
4422.051282051282 4050.2564102564106 4196.410256410257 4504.615384615385 4458.461538461539 4693.846153846154 6921.025641025642 4475.8974358974365 1690.2564102564104 7767.6923076923085 3771.794871794872 645.1282051282052 4658.461538461539 4152.820512820514 
4432.307692307693 4055.3846153846157 4340.000000000001 4507.6923076923085 4465.128205128206 4584.615384615385 5032.820512820514 4500.512820512821 4262.051282051282 7767.6923076923085 3785.1282051282055 645.1282051282052 4679.48717948718 4157.948717948719 
4430.256410256411 4068.717948717949 4452.307692307693 4522.051282051282 4486.666666666667 4592.820512820514 4097.948717948719 4522.564102564103 5324.615384615386 7767.6923076923085 3787.1794871794878 645.1282051282052 4691.794871794872 4157.435897435898 
4424.102564102564 4064.1025641025644 4455.8974358974365 4515.8974358974365 4485.128205128206 4621.025641025642 4293.846153846154 4516.923076923077 4886.153846153847 7767.6923076923085 3780.512820512821 645.1282051282052 4699.48717948718 4157.435897435898 
4412.307692307693 4062.0512820512827 4453.333333333334 4511.282051282052 4478.974358974359 4622.051282051282 4388.205128205129 4522.564102564103 4874.871794871796 7767.6923076923085 3781.538461538462 645.1282051282052 4701.025641025642 4162.051282051282 
4404.102564102564 4061.0256410256416 4459.48717948718 4509.2307692307695 4478.461538461539 4625.641025641026 4213.846153846154 4516.410256410257 5097.948717948719 7767.6923076923085 3783.076923076924 645.1282051282052 4702.051282051282 4153.333333333334 
4402.564102564103 4068.205128205129 4460.000000000001 4512.307692307693 4483.589743589744 4645.128205128206 4301.025641025642 4521.538461538462 4918.974358974359 7767.6923076923085 3783.589743589744 645.1282051282052 4712.307692307693 4158.974358974359 
4389.2307692307695 4054.358974358975 4449.2307692307695 4506.666666666667 4481.538461538462 4646.666666666667 4398.461538461539 4526.153846153847 4849.743589743591 7767.6923076923085 3784.615384615385 645.1282051282052 4704.102564102564 4156.923076923077 
4393.333333333334 4063.589743589744 4458.974358974359 4510.769230769231 4478.974358974359 4648.717948717949 4364.102564102564 4536.923076923077 4883.589743589744 7767.6923076923085 3788.205128205129 645.1282051282052 4706.666666666667 4166.666666666667 
4376.923076923077 4050.7692307692314 4449.743589743591 4506.153846153847 4474.871794871796 4655.8974358974365 4388.205128205129 4521.025641025642 4852.307692307693 7767.6923076923085 3782.564102564103 645.1282051282052 4696.410256410257 4153.846153846154 
4393.333333333334 4053.8461538461543 4445.641025641026 4503.076923076924 4472.307692307693 4646.666666666667 4362.051282051282 4525.128205128206 4869.2307692307695 7767.6923076923085 3789.2307692307695 645.1282051282052 4713.846153846154 4164.102564102564 
4374.358974358975 4065.6410256410263 4438.461538461539 4514.358974358975 4486.666666666667 4685.641025641026 4401.025641025642 4533.846153846154 4871.794871794872 7767.6923076923085 3786.1538461538466 645.1282051282052 4688.205128205129 4148.717948717949 
4373.333333333334 4085.1282051282055 4420.512820512821 4516.923076923077 4494.871794871796 4770.769230769231 4418.974358974359 4454.871794871796 4822.564102564103 7767.6923076923085 3767.692307692308 645.1282051282052 4698.461538461539 4144.102564102564 
4335.8974358974365 4058.461538461539 4397.948717948719 4492.820512820514 4477.435897435898 4846.666666666667 4367.179487179487 4330.769230769231 4739.48717948718 7767.6923076923085 3750.7692307692314 645.1282051282052 4685.128205128206 4128.205128205129 
4280.000000000001 4035.8974358974365 4386.666666666667 4473.333333333334 4449.743589743591 4859.48717948718 4298.974358974359 4271.794871794872 4698.461538461539 7767.6923076923085 3745.6410256410263 645.1282051282052 4622.051282051282 4115.384615384616 
4231.794871794872 4037.9487179487182 4425.641025641026 4487.6923076923085 4457.948717948719 4869.2307692307695 4323.589743589744 4348.717948717949 4751.282051282052 7767.6923076923085 3776.9230769230776 645.1282051282052 4563.589743589744 4105.128205128206 
4268.717948717949 4050.7692307692314 4492.307692307693 4502.564102564103 4472.307692307693 4888.205128205129 4376.410256410257 4475.8974358974365 4835.384615384616 7767.6923076923085 3836.9230769230776 645.1282051282052 4607.6923076923085 4129.74358974359 
4287.6923076923085 4049.23076923077 4508.717948717949 4505.641025641026 4472.820512820514 4897.948717948719 4385.128205128206 4525.128205128206 4867.179487179488 7767.6923076923085 3879.48717948718 645.1282051282052 4634.358974358975 4122.564102564103 
4274.358974358975 4050.2564102564106 4494.358974358975 4507.6923076923085 4473.333333333334 4893.846153846154 4373.846153846154 4505.128205128206 4851.282051282052 7767.6923076923085 3906.666666666667 645.1282051282052 4612.820512820514 4089.7435897435903 
4285.128205128206 4053.333333333334 4513.333333333334 4515.384615384616 4476.410256410257 4892.307692307693 4373.846153846154 4504.615384615385 4855.8974358974365 7767.6923076923085 3842.564102564103 645.1282051282052 4622.051282051282 4103.589743589744 
4303.076923076924 4045.6410256410263 4453.333333333334 4520.512820512821 4474.871794871796 4892.820512820514 4382.564102564103 4523.589743589744 4862.564102564103 7767.6923076923085 3650.2564102564106 645.1282051282052 4642.564102564103 4138.974358974359 
4306.153846153847 4040.5128205128212 4368.205128205129 4528.205128205129 4476.410256410257 4885.641025641026 4382.564102564103 4512.307692307693 4846.666666666667 7767.6923076923085 3558.461538461539 645.1282051282052 4646.666666666667 4170.769230769231 
4290.769230769231 4026.1538461538466 4431.794871794872 4525.641025641026 4472.820512820514 4880.512820512821 4388.205128205129 4510.256410256411 4847.179487179488 7767.6923076923085 3688.205128205129 645.1282051282052 4635.384615384616 4174.358974358975 
4277.435897435898 4017.9487179487182 4505.641025641026 4514.358974358975 4460.512820512821 4872.820512820514 4369.743589743591 4506.666666666667 4847.179487179488 7767.6923076923085 3794.8717948717954 645.1282051282052 4629.743589743591 4161.025641025642 
4253.333333333334 4004.1025641025644 4448.717948717949 4505.641025641026 4458.461538461539 4866.153846153847 4361.025641025642 4494.871794871796 4840.512820512821 7767.6923076923085 3775.8974358974365 645.1282051282052 4613.333333333334 4124.102564102564 
4266.153846153847 4011.7948717948725 4427.179487179487 4514.871794871796 4465.128205128206 4871.794871794872 4375.384615384616 4521.538461538462 4857.435897435898 7767.6923076923085 3778.461538461539 645.1282051282052 4627.6923076923085 4140.000000000001 
4248.205128205129 3991.7948717948725 4460.512820512821 4518.461538461539 4462.051282051282 4876.923076923077 4380.000000000001 4521.025641025642 4852.307692307693 7767.6923076923085 3800.512820512821 645.1282051282052 4615.384615384616 4142.051282051282 
4245.128205128206 3985.6410256410263 4461.538461538462 4514.358974358975 4455.384615384616 4867.179487179488 4361.025641025642 4503.076923076924 4837.435897435898 7767.6923076923085 3794.358974358975 645.1282051282052 4613.846153846154 4138.461538461539 
4289.2307692307695 3989.23076923077 4501.025641025642 4524.615384615385 4468.205128205129 4877.435897435898 4414.871794871796 4647.6923076923085 4935.8974358974365 7767.6923076923085 3840.0000000000005 645.1282051282052 4666.666666666667 4168.717948717949 
4351.794871794872 4005.6410256410263 4568.717948717949 4545.128205128206 4474.871794871796 4906.666666666667 4476.923076923077 4811.282051282052 5040.000000000001 7767.6923076923085 3901.0256410256416 645.1282051282052 4735.384615384616 4225.128205128206 
4313.846153846154 3972.820512820513 4535.8974358974365 4531.282051282052 4452.307692307693 4863.589743589744 4413.846153846154 4725.128205128206 4978.974358974359 7767.6923076923085 3874.358974358975 645.1282051282052 4696.410256410257 4202.564102564103 
4249.74358974359 3944.615384615385 4484.102564102564 4504.615384615385 4432.820512820514 4744.615384615386 4317.948717948719 4556.410256410257 4869.2307692307695 7767.6923076923085 3812.820512820513 645.1282051282052 4630.256410256411 4150.769230769231 
4233.333333333334 3941.538461538462 4480.512820512821 4503.589743589744 4437.435897435898 4650.769230769231 4314.358974358975 4533.333333333334 4854.871794871796 7767.6923076923085 3800.512820512821 645.1282051282052 4622.564102564103 4142.564102564103 
4234.358974358975 3950.2564102564106 4484.615384615385 4510.256410256411 4445.641025641026 4608.205128205129 4338.974358974359 4537.435897435898 4860.000000000001 7767.6923076923085 3801.538461538462 645.1282051282052 4626.666666666667 4147.179487179487 
4224.102564102564 3954.358974358975 4474.358974358975 4507.179487179488 4447.6923076923085 4581.538461538462 4332.307692307693 4508.205128205129 4844.102564102564 7767.6923076923085 3789.7435897435903 645.1282051282052 4614.358974358975 4138.974358974359 
4222.564102564103 3954.358974358975 4468.205128205129 4505.641025641026 4452.820512820514 4564.102564102564 4344.615384615385 4516.410256410257 4848.205128205129 7767.6923076923085 3789.2307692307695 645.1282051282052 4613.333333333334 4130.769230769231 
4224.615384615385 3968.717948717949 4464.102564102564 4509.2307692307695 4455.8974358974365 4568.205128205129 4357.435897435898 4518.974358974359 4851.282051282052 7767.6923076923085 3789.7435897435903 645.1282051282052 4620.000000000001 4140.000000000001 
4216.410256410257 3969.7435897435903 4454.358974358975 4505.641025641026 4457.948717948719 4574.358974358975 4362.051282051282 4518.974358974359 4854.358974358975 7767.6923076923085 3793.333333333334 645.1282051282052 4615.384615384616 4136.923076923077 
4215.384615384616 3979.48717948718 4456.923076923077 4506.666666666667 4460.000000000001 4577.948717948719 4362.051282051282 4526.153846153847 4858.974358974359 7767.6923076923085 3792.820512820513 645.1282051282052 4614.871794871796 4143.589743589744 
4203.589743589744 3966.666666666667 4464.102564102564 4506.153846153847 4458.974358974359 4571.282051282052 4368.205128205129 4536.923076923077 4865.128205128206 7767.6923076923085 3796.410256410257 645.1282051282052 4605.128205128206 4142.564102564103 
4204.102564102564 3977.9487179487182 4478.974358974359 4509.743589743591 4462.051282051282 4581.538461538462 4376.410256410257 4542.051282051282 4868.717948717949 7767.6923076923085 3798.461538461539 645.1282051282052 4605.128205128206 4152.307692307693 
4182.051282051282 3972.820512820513 4462.564102564103 4501.025641025642 4453.846153846154 4584.615384615385 4353.846153846154 4487.6923076923085 4834.358974358975 7767.6923076923085 3774.358974358975 645.1282051282052 4583.076923076924 4133.333333333334 
4202.564102564103 3994.358974358975 4473.846153846154 4509.2307692307695 4458.461538461539 4583.589743589744 4368.205128205129 4537.948717948719 4873.333333333334 7767.6923076923085 3788.717948717949 645.1282051282052 4601.025641025642 4152.820512820514 
4198.461538461539 4013.8461538461543 4483.076923076924 4522.051282051282 4487.6923076923085 4672.820512820514 4438.461538461539 4563.076923076924 4887.179487179488 7767.6923076923085 3795.8974358974365 645.1282051282052 4601.025641025642 4149.2307692307695 
4132.307692307693 4019.48717948718 4395.384615384616 4495.384615384616 4480.512820512821 4794.871794871796 4381.538461538462 4262.051282051282 4678.461538461539 7767.6923076923085 3685.1282051282055 645.1282051282052 4546.153846153847 4081.0256410256416 
4088.205128205129 4015.8974358974365 4332.820512820514 4467.6923076923085 4453.846153846154 4858.974358974359 4290.256410256411 4096.410256410257 4576.410256410257 7767.6923076923085 3625.6410256410263 645.1282051282052 4501.538461538462 4048.717948717949 
4155.384615384616 4039.48717948718 4402.564102564103 4490.256410256411 4464.615384615385 4887.6923076923085 4338.461538461539 4396.923076923077 4789.743589743591 7767.6923076923085 3735.3846153846157 645.1282051282052 4554.871794871796 4123.076923076924 
4193.333333333334 4065.1282051282055 4458.461538461539 4515.384615384616 4486.666666666667 4916.410256410257 4407.179487179487 4598.974358974359 4923.076923076924 7767.6923076923085 3805.1282051282055 645.1282051282052 4589.743589743591 4164.102564102564 
4173.846153846154 4055.3846153846157 4423.076923076924 4504.102564102564 4477.435897435898 4914.871794871796 4377.948717948719 4491.794871794872 4849.2307692307695 7767.6923076923085 3767.1794871794878 645.1282051282052 4574.871794871796 4138.974358974359 
4182.051282051282 4068.717948717949 4414.358974358975 4500.512820512821 4476.923076923077 4912.820512820514 4372.820512820514 4486.153846153847 4850.769230769231 7767.6923076923085 3762.564102564103 645.1282051282052 4582.564102564103 4142.051282051282 
4201.538461538462 4083.589743589744 4418.974358974359 4508.205128205129 4489.2307692307695 4929.2307692307695 4397.948717948719 4554.871794871796 4903.589743589744 7767.6923076923085 3780.512820512821 645.1282051282052 4601.025641025642 4145.641025641026 
4205.641025641026 4105.128205128206 4394.871794871796 4509.743589743591 4494.871794871796 4937.435897435898 4387.6923076923085 4522.051282051282 4884.615384615386 7767.6923076923085 3764.1025641025644 645.1282051282052 4605.641025641026 4138.974358974359 
4216.923076923077 4113.333333333334 4370.769230769231 4506.666666666667 4500.512820512821 4949.743589743591 4394.871794871796 4517.948717948719 4885.128205128206 7767.6923076923085 3761.538461538462 645.1282051282052 4615.8974358974365 4129.74358974359 
4217.948717948719 4124.102564102564 4369.2307692307695 4507.6923076923085 4498.461538461539 4949.743589743591 4396.410256410257 4524.615384615385 4889.2307692307695 7767.6923076923085 3762.564102564103 645.1282051282052 4616.410256410257 4133.846153846154 
4185.641025641026 4097.435897435898 4386.666666666667 4507.179487179488 4488.205128205129 4926.153846153847 4386.666666666667 4518.974358974359 4877.948717948719 7767.6923076923085 3769.7435897435903 645.1282051282052 4585.641025641026 4132.820512820514 
4170.256410256411 4088.717948717949 4405.641025641026 4511.794871794872 4482.051282051282 4911.282051282052 4377.948717948719 4521.538461538462 4870.769230769231 7767.6923076923085 3773.8461538461543 645.1282051282052 4566.153846153847 4142.564102564103 
4157.948717948719 4081.0256410256416 4409.2307692307695 4508.205128205129 4480.512820512821 4912.820512820514 4381.538461538462 4518.461538461539 4867.179487179488 7767.6923076923085 3773.8461538461543 645.1282051282052 4554.358974358975 4135.8974358974365 
