4370 48.0 0.0 0.0 4325.128205128206 4080.5128205128212 4404.615384615385 4503.589743589744 4483.589743589744 4710.769230769231 4331.794871794872 4377.435897435898 4722.564102564103 4060.5128205128212 3940.0000000000005 4332.307692307693 4608.717948717949 4395.384615384616 1613.0 1712.0 4.37 4.034717559814453 0.0 0.0 0.0 0.0  1  0  0  0  0  0  0  0  0  0  0  0  0  0 
4377 49.0 0.0 0.0 4330.769230769231 4078.461538461539 4402.051282051282 4505.641025641026 4482.564102564103 4709.743589743591 4333.333333333334 4380.512820512821 4722.564102564103 4058.9743589743593 3941.0256410256416 4331.282051282052 4607.6923076923085 4396.923076923077 1614.0 1712.0 4.377 4.034717559814453 0.0 0.0 0.0 0.0  1  0  0  0  0  0  0  0  0  0  0  0  0  0 
4385 50.0 0.0 0.0 4333.846153846154 4076.410256410257 4402.051282051282 4508.717948717949 4479.48717948718 4705.641025641026 4347.6923076923085 4380.512820512821 4722.564102564103 4061.0256410256416 3943.589743589744 4333.333333333334 4608.205128205129 4398.461538461539 1613.0 1712.0 4.385 4.034717559814453 0.0 0.0 0.0 0.0  1  0  0  0  0  0  0  0  0  0  0  0  0  0 
4394 51.0 0.0 0.0 4336.410256410257 4078.9743589743593 4402.051282051282 4511.282051282052 4478.974358974359 4705.128205128206 4359.48717948718 4380.000000000001 4720.000000000001 4060.5128205128212 3944.1025641025644 4333.846153846154 4608.717948717949 4397.948717948719 1613.0 1712.0 4.394 4.034717559814453 0.0 0.0 0.0 0.0  1  0  0  0  0  0  0  0  0  0  0  0  0  0 
4401 52.0 0.0 0.0 4347.6923076923085 4078.461538461539 4414.358974358975 4512.307692307693 4478.974358974359 4703.589743589744 4356.923076923077 4377.435897435898 4716.410256410257 4058.9743589743593 3943.589743589744 4337.435897435898 4610.769230769231 4399.48717948718 1613.0 1711.0 4.401 4.034717559814453 0.0 0.0 0.0 0.0  1  0  0  0  0  0  0  0  0  0  0  0  0  0 
4409 53.0 0.0 0.0 4344.615384615385 4073.333333333334 4417.948717948719 4509.743589743591 4481.025641025642 4704.615384615386 4345.128205128206 4373.846153846154 4716.923076923077 4057.9487179487182 3942.564102564103 4333.333333333334 4603.076923076924 4394.871794871796 1614.0 1712.0 4.409 4.034717559814453 0.0 0.0 0.0 0.0  1  0  0  0  0  0  0  0  0  0  0  0  0  0 
4416 54.0 0.0 0.0 4346.666666666667 4077.435897435898 4431.282051282052 4516.923076923077 4474.871794871796 4698.461538461539 4340.512820512821 4370.769230769231 4716.923076923077 4058.461538461539 3947.1794871794878 4340.000000000001 4604.102564102564 4394.358974358975 1613.0 1711.0 4.416 4.034717559814453 0.0 0.0 0.0 0.0  1  0  0  0  0  0  0  0  0  0  0  0  0  0 
4425 55.0 0.0 0.0 4339.48717948718 4078.9743589743593 4438.974358974359 4526.666666666667 4475.384615384616 4700.000000000001 4349.2307692307695 4372.820512820514 4711.282051282052 4057.435897435898 3945.6410256410263 4343.076923076924 4601.025641025642 4391.282051282052 1614.0 1712.0 4.425 4.034717559814453 0.0 0.0 0.0 0.0  1  0  0  0  0  0  0  0  0  0  0  0  0  0 
4432 56.0 0.0 0.0 4345.641025641026 4077.435897435898 4449.2307692307695 4523.589743589744 4473.846153846154 4698.461538461539 4346.666666666667 4370.256410256411 4709.743589743591 4058.461538461539 3944.615384615385 4352.307692307693 4601.025641025642 4395.384615384616 1613.0 1711.0 4.432 4.034717559814453 0.0 0.0 0.0 0.0  1  0  0  0  0  0  0  0  0  0  0  0  0  0 
4441 57.0 0.0 0.0 4327.179487179487 4075.3846153846157 4427.6923076923085 4513.846153846154 4478.461538461539 4707.6923076923085 4335.8974358974365 4372.307692307693 4717.435897435898 4058.9743589743593 3941.0256410256416 4343.076923076924 4599.48717948718 4393.846153846154 1612.0 1712.0 4.441 4.034717559814453 0.0 0.0 0.0 0.0  1  0  0  0  0  0  0  0  0  0  0  0  0  0 
4449 58.0 0.0 0.0 4323.589743589744 4078.461538461539 4422.051282051282 4516.410256410257 4477.948717948719 4707.6923076923085 4332.307692307693 4375.8974358974365 4722.051282051282 4057.9487179487182 3945.1282051282055 4343.589743589744 4609.743589743591 4396.923076923077 1614.0 1711.0 4.449 4.034717559814453 0.0 0.0 0.0 0.0  1  0  0  0  0  0  0  0  0  0  0  0  0  0 
4457 59.0 0.0 0.0 4317.435897435898 4074.8717948717954 4412.820512820514 4515.384615384616 4478.974358974359 4710.769230769231 4336.923076923077 4380.000000000001 4723.589743589744 4058.9743589743593 3945.1282051282055 4337.435897435898 4609.2307692307695 4397.435897435898 1613.0 1712.0 4.457 4.034717559814453 0.0 0.0 0.0 0.0  1  0  0  0  0  0  0  0  0  0  0  0  0  0 
4463 60.0 0.0 0.0 4328.205128205129 4074.8717948717954 4407.6923076923085 4502.564102564103 4477.435897435898 4707.6923076923085 4343.076923076924 4378.461538461539 4726.153846153847 4063.589743589744 3945.6410256410263 4336.923076923077 4612.307692307693 4403.076923076924 1614.0 1712.0 4.463 4.034717559814453 0.0 0.0 0.0 0.0  1  0  0  0  0  0  0  0  0  0  0  0  0  0 
4471 61.0 0.0 0.0 4327.179487179487 4076.9230769230776 4392.307692307693 4502.051282051282 4485.128205128206 4711.794871794872 4353.333333333334 4381.025641025642 4728.205128205129 4063.589743589744 3942.0512820512827 4327.179487179487 4613.846153846154 4400.000000000001 1613.0 1711.0 4.471 4.034717559814453 0.0 0.0 0.0 0.0  1  0  0  0  0  0  0  0  0  0  0  0  0  0 
4480 62.0 0.0 0.0 4334.358974358975 4080.5128205128212 4389.743589743591 4510.256410256411 4485.128205128206 4710.256410256411 4356.410256410257 4380.000000000001 4724.102564102564 4060.5128205128212 3944.615384615385 4327.6923076923085 4618.461538461539 4400.512820512821 1613.0 1712.0 4.48 4.034717559814453 0.0 0.0 0.0 0.0  1  0  0  0  0  0  0  0  0  0  0  0  0  0 
4487 63.0 0.0 0.0 4329.2307692307695 4080.5128205128212 4381.538461538462 4507.6923076923085 4480.512820512821 4712.307692307693 4353.846153846154 4380.000000000001 4723.076923076924 4061.0256410256416 3942.564102564103 4322.564102564103 4616.410256410257 4398.461538461539 1613.0 1712.0 4.487 4.034717559814453 0.0 0.0 0.0 0.0  1  0  0  0  0  0  0  0  0  0  0  0  0  0 
4495 64.0 0.0 0.0 4325.128205128206 4078.9743589743593 4387.179487179487 4502.051282051282 4480.512820512821 4710.769230769231 4356.410256410257 4382.564102564103 4727.179487179488 4063.076923076924 3939.48717948718 4318.461538461539 4617.435897435898 4395.384615384616 1613.0 1712.0 4.495 4.034717559814453 0.0 0.0 0.0 0.0  1  0  0  0  0  0  0  0  0  0  0  0  0  0 
4502 65.0 0.0 0.0 4315.8974358974365 4074.358974358975 4395.384615384616 4502.564102564103 4485.641025641026 4711.282051282052 4363.076923076924 4385.128205128206 4727.6923076923085 4063.589743589744 3942.0512820512827 4320.000000000001 4614.871794871796 4395.384615384616 1613.0 1711.0 4.502 4.034717559814453 0.0 0.0 0.0 0.0  1  0  0  0  0  0  0  0  0  0  0  0  0  0 
4510 66.0 0.0 0.0 4309.743589743591 4074.8717948717954 4399.48717948718 4498.461538461539 4483.076923076924 4713.333333333334 4363.589743589744 4383.076923076924 4727.6923076923085 4065.1282051282055 3944.615384615385 4323.076923076924 4612.307692307693 4398.974358974359 1613.0 1712.0 4.51 4.034717559814453 0.0 0.0 0.0 0.0  1  0  0  0  0  0  0  0  0  0  0  0  0  0 
4518 67.0 0.0 0.0 4308.205128205129 4077.435897435898 4398.461538461539 4496.410256410257 4481.538461538462 4714.358974358975 4366.666666666667 4380.000000000001 4728.717948717949 4066.666666666667 3943.076923076924 4325.128205128206 4617.435897435898 4399.48717948718 1612.0 1711.0 4.518 4.034717559814453 0.0 0.0 0.0 0.0  1  0  0  0  0  0  0  0  0  0  0  0  0  0 
4526 68.0 0.0 0.0 4305.128205128206 4075.3846153846157 4386.666666666667 4497.948717948719 4485.128205128206 4714.871794871796 4378.461538461539 4383.076923076924 4731.794871794872 4063.076923076924 3939.48717948718 4321.025641025642 4616.923076923077 4392.820512820514 1614.0 1712.0 4.526 4.034717559814453 0.0 0.0 0.0 0.0  1  0  0  0  0  0  0  0  0  0  0  0  0  0 
4534 69.0 0.0 0.0 4308.205128205129 4076.410256410257 4388.205128205129 4496.923076923077 4484.102564102564 4711.282051282052 4381.025641025642 4384.102564102564 4731.794871794872 4061.0256410256416 3942.0512820512827 4322.564102564103 4617.948717948719 4395.8974358974365 1613.0 1711.0 4.534 4.034717559814453 0.0 0.0 0.0 0.0  1  0  0  0  0  0  0  0  0  0  0  0  0  0 
4542 70.0 0.0 0.0 4306.666666666667 4076.9230769230776 4383.076923076924 4491.282051282052 4486.153846153847 4713.846153846154 4367.179487179487 4387.179487179487 4732.307692307693 4064.1025641025644 3938.9743589743593 4312.307692307693 4618.974358974359 4397.435897435898 1613.0 1712.0 4.542 4.034717559814453 0.0 0.0 0.0 0.0  1  0  0  0  0  0  0  0  0  0  0  0  0  0 
4549 71.0 0.0 0.0 4311.794871794872 4074.358974358975 4374.358974358975 4488.205128205129 4484.102564102564 4712.307692307693 4358.974358974359 4390.769230769231 4736.410256410257 4068.205128205129 3939.48717948718 4309.743589743591 4628.205128205129 4400.512820512821 1613.0 1711.0 4.549 4.034717559814453 0.0 0.0 0.0 0.0  1  0  0  0  0  0  0  0  0  0  0  0  0  0 
4557 72.0 0.0 0.0 4301.538461538462 4070.2564102564106 4355.384615384616 4485.128205128206 4487.6923076923085 4716.410256410257 4370.769230769231 4392.820512820514 4738.461538461539 4068.205128205129 3941.0256410256416 4302.564102564103 4623.589743589744 4398.461538461539 1614.0 1712.0 4.557 4.503870487213135 0.0 0.0 0.0 0.0  1  0  0  0  0  0  0  0  0  0  0  0  0  0 
4565 73.0 0.0 0.0 4300.000000000001 4077.435897435898 4345.128205128206 4478.974358974359 4490.256410256411 4720.000000000001 4378.461538461539 4392.820512820514 4741.538461538462 4069.7435897435903 3941.0256410256416 4294.358974358975 4631.794871794872 4403.589743589744 1613.0 1711.0 4.565 4.503870487213135 0.0 0.0 0.0 0.0  1  0  0  0  0  0  0  0  0  0  0  0  0  0 
4573 74.0 0.0 0.0 4268.717948717949 4078.9743589743593 4302.564102564103 4464.102564102564 4498.974358974359 4735.384615384616 4376.410256410257 4400.512820512821 4754.358974358975 4075.8974358974365 3930.7692307692314 4265.128205128206 4640.000000000001 4398.974358974359 1613.0 1712.0 4.573 4.503870487213135 0.0 0.0 0.0 0.0  1  0  0  0  0  0  0  0  0  0  0  0  0  0 
4581 75.0 0.0 0.0 4277.435897435898 4077.435897435898 4321.538461538462 4464.102564102564 4492.820512820514 4723.589743589744 4375.384615384616 4395.8974358974365 4752.820512820514 4077.435897435898 3931.7948717948725 4278.974358974359 4640.000000000001 4397.435897435898 1613.0 1711.0 4.581 4.503870487213135 0.0 0.0 0.0 0.0  1  0  0  0  0  0  0  0  0  0  0  0  0  0 
4589 76.0 0.0 0.0 4303.076923076924 4074.358974358975 4378.461538461539 4485.128205128206 4485.641025641026 4702.564102564103 4379.48717948718 4386.666666666667 4733.846153846154 4068.717948717949 3937.9487179487182 4311.794871794872 4620.512820512821 4395.384615384616 1613.0 1713.0 4.589 4.535147190093994 0.0 0.0 0.0 0.0  1  0  0  0  0  0  0  0  0  0  0  0  0  0 
4596 77.0 0.0 0.0 4321.538461538462 4077.9487179487187 4393.846153846154 4494.358974358975 4481.025641025642 4697.948717948719 4383.076923076924 4386.153846153847 4728.717948717949 4064.1025641025644 3943.076923076924 4323.589743589744 4619.48717948718 4395.8974358974365 1614.0 1711.0 4.596 4.535147190093994 0.0 0.0 0.0 0.0  1  0  0  0  0  0  0  0  0  0  0  0  0  0 
4604 78.0 0.0 0.0 4311.282051282052 4077.435897435898 4361.538461538462 4487.179487179488 4484.615384615385 4710.256410256411 4387.179487179487 4387.6923076923085 4738.461538461539 4064.615384615385 3940.5128205128212 4307.179487179487 4624.102564102564 4392.307692307693 1613.0 1712.0 4.604 4.535147190093994 0.0 0.0 0.0 0.0  1  0  0  0  0  0  0  0  0  0  0  0  0  0 
4612 79.0 0.0 0.0 4326.153846153847 4076.9230769230776 4369.743589743591 4489.743589743591 4481.025641025642 4702.564102564103 4384.615384615385 4381.025641025642 4734.871794871796 4065.1282051282055 3942.564102564103 4315.384615384616 4622.051282051282 4396.410256410257 1613.0 1712.0 4.612 4.535147190093994 0.0 0.0 0.0 0.0  1  0  0  0  0  0  0  0  0  0  0  0  0  0 
4620 80.0 0.0 0.0 4332.307692307693 4074.8717948717954 4386.666666666667 4496.410256410257 4479.48717948718 4696.923076923077 4371.794871794872 4378.974358974359 4728.717948717949 4064.615384615385 3945.6410256410263 4324.102564102564 4616.410256410257 4398.974358974359 1613.0 1711.0 4.62 4.535147190093994 0.0 0.0 0.0 0.0  1  0  0  0  0  0  0  0  0  0  0  0  0  0 
4628 81.0 0.0 0.0 4323.076923076924 4070.7692307692314 4389.743589743591 4489.743589743591 4480.000000000001 4700.512820512821 4360.512820512821 4382.051282051282 4730.769230769231 4065.1282051282055 3946.666666666667 4323.076923076924 4622.564102564103 4401.538461538462 1613.0 1712.0 4.628 4.535147190093994 0.0 0.0 0.0 0.0  1  0  0  0  0  0  0  0  0  0  0  0  0  0 
4635 82.0 0.0 0.0 4315.8974358974365 4068.205128205129 4396.410256410257 4485.641025641026 4480.000000000001 4700.512820512821 4360.000000000001 4382.051282051282 4729.743589743591 4064.615384615385 3946.1538461538466 4329.2307692307695 4626.666666666667 4403.076923076924 1613.0 1712.0 4.635 4.535147190093994 0.0 0.0 0.0 0.0  1  0  0  0  0  0  0  0  0  0  0  0  0  0 
4643 83.0 0.0 0.0 4306.153846153847 4069.7435897435903 4398.974358974359 4491.794871794872 4480.000000000001 4700.512820512821 4359.48717948718 4381.538461538462 4727.179487179488 4064.615384615385 3944.615384615385 4331.794871794872 4621.025641025642 4401.025641025642 1613.0 1712.0 4.643 4.535147190093994 0.0 0.0 0.0 0.0  1  0  0  0  0  0  0  0  0  0  0  0  0  0 
4651 84.0 0.0 0.0 4309.743589743591 4072.307692307693 4398.974358974359 4497.948717948719 4477.948717948719 4701.538461538462 4346.666666666667 4378.461538461539 4726.153846153847 4063.589743589744 3944.1025641025644 4332.820512820514 4618.461538461539 4401.025641025642 1613.0 1711.0 4.651 4.535147190093994 0.0 0.0 0.0 0.0  1  0  0  0  0  0  0  0  0  0  0  0  0  0 
4659 85.0 0.0 0.0 4315.384615384616 4073.8461538461543 4389.2307692307695 4498.974358974359 4480.512820512821 4702.051282051282 4340.000000000001 4380.000000000001 4726.153846153847 4060.5128205128212 3942.564102564103 4331.282051282052 4614.871794871796 4397.948717948719 1613.0 1712.0 4.659 4.535147190093994 0.0 0.0 0.0 0.0  1  0  0  0  0  0  0  0  0  0  0  0  0  0 
4667 86.0 0.0 0.0 4329.2307692307695 4076.9230769230776 4390.256410256411 4500.512820512821 4478.974358974359 4697.948717948719 4350.256410256411 4380.000000000001 4726.153846153847 4061.0256410256416 3943.589743589744 4336.410256410257 4617.435897435898 4398.974358974359 1614.0 1711.0 4.667 4.535147190093994 0.0 0.0 0.0 0.0  1  0  0  0  0  0  0  0  0  0  0  0  0  0 
4675 87.0 0.0 0.0 4334.358974358975 4074.8717948717954 4387.179487179487 4502.564102564103 4477.948717948719 4698.461538461539 4358.461538461539 4377.435897435898 4724.102564102564 4062.0512820512827 3942.0512820512827 4329.743589743591 4615.8974358974365 4394.871794871796 1612.0 1712.0 4.675 4.535147190093994 0.0 0.0 0.0 0.0  1  0  0  0  0  0  0  0  0  0  0  0  0  0 
4682 88.0 0.0 0.0 4348.205128205129 4072.307692307693 4395.384615384616 4504.102564102564 4471.794871794872 4693.333333333334 4349.743589743591 4375.8974358974365 4723.076923076924 4063.076923076924 3947.692307692308 4335.8974358974365 4622.051282051282 4396.410256410257 1614.0 1711.0 4.682 4.535147190093994 0.0 0.0 0.0 0.0  1  0  0  0  0  0  0  0  0  0  0  0  0  0 
4690 89.0 0.0 0.0 4342.564102564103 4067.1794871794878 4393.846153846154 4502.051282051282 4473.333333333334 4695.384615384616 4347.6923076923085 4380.512820512821 4725.641025641026 4061.0256410256416 3945.6410256410263 4332.307692307693 4618.974358974359 4396.923076923077 1612.0 1712.0 4.69 4.535147190093994 0.0 0.0 0.0 0.0  1  0  0  0  0  0  0  0  0  0  0  0  0  0 
4698 90.0 0.0 0.0 4343.589743589744 4068.205128205129 4408.205128205129 4501.538461538462 4474.871794871796 4691.794871794872 4357.435897435898 4378.974358974359 4725.641025641026 4059.48717948718 3946.1538461538466 4335.8974358974365 4621.538461538462 4404.102564102564 1614.0 1712.0 4.698 4.535147190093994 0.0 0.0 0.0 0.0  1  0  0  0  0  0  0  0  0  0  0  0  0  0 
4706 91.0 0.0 0.0 4321.538461538462 4069.23076923077 4406.153846153847 4500.512820512821 4480.512820512821 4698.461538461539 4363.589743589744 4378.974358974359 4723.589743589744 4058.9743589743593 3946.1538461538466 4336.410256410257 4615.384615384616 4401.025641025642 1613.0 1711.0 4.706 4.535147190093994 0.0 0.0 0.0 0.0  1  0  0  0  0  0  0  0  0  0  0  0  0  0 
4714 92.0 0.0 0.0 4317.435897435898 4072.307692307693 4416.923076923077 4500.512820512821 4475.8974358974365 4698.974358974359 4361.025641025642 4377.948717948719 4723.589743589744 4061.0256410256416 3950.2564102564106 4343.589743589744 4615.384615384616 4400.512820512821 1613.0 1712.0 4.714 4.535147190093994 0.0 0.0 0.0 0.0  1  0  0  0  0  0  0  0  0  0  0  0  0  0 
4721 93.0 0.0 0.0 4312.820512820514 4073.8461538461543 4415.384615384616 4502.564102564103 4476.923076923077 4702.564102564103 4360.512820512821 4380.000000000001 4726.666666666667 4062.0512820512827 3949.2307692307695 4336.410256410257 4610.769230769231 4398.974358974359 1613.0 1711.0 4.721 4.535147190093994 0.0 0.0 0.0 0.0  1  0  0  0  0  0  0  0  0  0  0  0  0  0 
4729 94.0 0.0 0.0 4324.102564102564 4076.9230769230776 4417.435897435898 4504.102564102564 4476.923076923077 4702.051282051282 4357.948717948719 4380.000000000001 4726.666666666667 4063.076923076924 3949.7435897435903 4340.000000000001 4612.820512820514 4400.000000000001 1612.0 1711.0 4.729 4.535147190093994 0.0 0.0 0.0 0.0  1  0  0  0  0  0  0  0  0  0  0  0  0  0 
4737 95.0 0.0 0.0 4327.179487179487 4071.7948717948725 4412.307692307693 4502.051282051282 4478.974358974359 4705.128205128206 4356.923076923077 4381.025641025642 4724.615384615386 4062.0512820512827 3945.6410256410263 4335.8974358974365 4613.333333333334 4395.8974358974365 1613.0 1712.0 4.737 4.535147190093994 0.0 0.0 0.0 0.0  1  0  0  0  0  0  0  0  0  0  0  0  0  0 
4745 96.0 0.0 0.0 4340.000000000001 4072.307692307693 4410.769230769231 4503.076923076924 4477.435897435898 4702.051282051282 4357.435897435898 4378.974358974359 4721.025641025642 4060.5128205128212 3944.1025641025644 4333.333333333334 4613.846153846154 4393.846153846154 1613.0 1712.0 4.745 4.535147190093994 0.0 0.0 0.0 0.0  1  0  0  0  0  0  0  0  0  0  0  0  0  0 
4753 97.0 0.0 0.0 4348.205128205129 4076.410256410257 4398.974358974359 4512.307692307693 4476.923076923077 4701.025641025642 4351.794871794872 4376.923076923077 4720.000000000001 4061.538461538462 3944.615384615385 4333.846153846154 4611.282051282052 4393.846153846154 1614.0 1711.0 4.753 4.535147190093994 0.0 0.0 0.0 0.0  1  0  0  0  0  0  0  0  0  0  0  0  0  0 
4761 98.0 0.0 0.0 4350.256410256411 4077.9487179487187 4393.846153846154 4513.846153846154 4478.461538461539 4700.512820512821 4344.102564102564 4375.8974358974365 4722.564102564103 4061.538461538462 3944.1025641025644 4334.871794871796 4609.743589743591 4398.461538461539 1612.0 1712.0 4.761 4.535147190093994 0.0 0.0 0.0 0.0  1  0  0  0  0  0  0  0  0  0  0  0  0  0 
4768 99.0 0.0 0.0 4342.564102564103 4077.9487179487187 4404.615384615385 4507.6923076923085 4478.461538461539 4699.48717948718 4343.589743589744 4376.923076923077 4722.051282051282 4060.5128205128212 3944.1025641025644 4335.8974358974365 4612.307692307693 4402.051282051282 1614.0 1712.0 4.768 4.535147190093994 0.0 0.0 0.0 0.0  1  0  0  0  0  0  0  0  0  0  0  0  0  0 
4776 100.0 0.0 0.0 4330.769230769231 4077.9487179487187 4405.641025641026 4506.666666666667 4476.410256410257 4703.589743589744 4348.717948717949 4379.48717948718 4718.974358974359 4060.0000000000005 3944.615384615385 4334.871794871796 4611.794871794872 4399.48717948718 1613.0 1712.0 4.776 4.535147190093994 0.0 0.0 0.0 0.0  1  0  0  0  0  0  0  0  0  0  0  0  0  0 
4784 101.0 0.0 0.0 4326.666666666667 4076.9230769230776 4405.128205128206 4511.282051282052 4475.384615384616 4705.128205128206 4357.948717948719 4376.923076923077 4722.564102564103 4060.5128205128212 3946.1538461538466 4340.000000000001 4611.794871794872 4401.025641025642 1614.0 1712.0 4.784 4.535147190093994 0.0 0.0 0.0 0.0  1  0  0  0  0  0  0  0  0  0  0  0  0  0 
4792 102.0 0.0 0.0 4311.794871794872 4075.3846153846157 4403.589743589744 4505.641025641026 4483.076923076924 4707.6923076923085 4366.153846153847 4379.48717948718 4728.717948717949 4063.076923076924 3944.1025641025644 4332.820512820514 4609.2307692307695 4401.025641025642 1613.0 1711.0 4.792 4.535147190093994 0.0 0.0 0.0 0.0  1  0  0  0  0  0  0  0  0  0  0  0  0  0 
4800 103.0 0.0 0.0 4314.358974358975 4078.461538461539 4408.205128205129 4497.435897435898 4481.538461538462 4709.2307692307695 4362.564102564103 4382.564102564103 4728.205128205129 4066.1538461538466 3946.1538461538466 4331.794871794872 4615.8974358974365 4403.076923076924 1613.0 1712.0 4.8 4.535147190093994 0.0 0.0 0.0 0.0  1  0  0  0  0  0  0  0  0  0  0  0  0  0 
4807 104.0 0.0 0.0 4309.2307692307695 4079.48717948718 4387.6923076923085 4497.435897435898 4484.102564102564 4717.948717948719 4351.282051282052 4383.076923076924 4728.205128205129 4062.564102564103 3941.0256410256416 4317.948717948719 4614.358974358975 4394.358974358975 1613.0 1711.0 4.807 4.535147190093994 0.0 0.0 0.0 0.0  1  0  0  0  0  0  0  0  0  0  0  0  0  0 
4815 105.0 0.0 0.0 4316.923076923077 4083.589743589744 4382.564102564103 4501.025641025642 4485.641025641026 4714.358974358975 4345.641025641026 4380.512820512821 4730.769230769231 4060.5128205128212 3938.9743589743593 4315.8974358974365 4617.948717948719 4392.307692307693 1613.0 1712.0 4.815 4.535147190093994 0.0 0.0 0.0 0.0  1  0  0  0  0  0  0  0  0  0  0  0  0  0 
4823 106.0 0.0 0.0 4315.8974358974365 4083.076923076924 4374.871794871796 4499.48717948718 4489.743589743591 4717.948717948719 4352.307692307693 4386.153846153847 4731.794871794872 4064.615384615385 3934.8717948717954 4307.6923076923085 4612.307692307693 4390.256410256411 1613.0 1711.0 4.823 4.535147190093994 0.0 0.0 0.0 0.0  1  0  0  0  0  0  0  0  0  0  0  0  0  0 
4831 107.0 0.0 0.0 4328.205128205129 4081.538461538462 4381.538461538462 4498.974358974359 4486.153846153847 4717.948717948719 4357.435897435898 4387.179487179487 4728.717948717949 4064.1025641025644 3935.3846153846157 4309.743589743591 4615.8974358974365 4393.333333333334 1612.0 1712.0 4.831 4.535147190093994 0.0 0.0 0.0 0.0  1  0  0  0  0  0  0  0  0  0  0  0  0  0 
4839 108.0 0.0 0.0 4319.48717948718 4076.410256410257 4376.410256410257 4499.48717948718 4489.2307692307695 4720.512820512821 4348.717948717949 4385.128205128206 4731.282051282052 4059.48717948718 3934.358974358975 4304.615384615385 4614.358974358975 4388.717948717949 1614.0 1711.0 4.839 4.535147190093994 0.0 0.0 0.0 0.0  1  0  0  0  0  0  0  0  0  0  0  0  0  0 
4847 109.0 0.0 0.0 4321.538461538462 4080.5128205128212 4385.128205128206 4498.461538461539 4486.666666666667 4712.820512820514 4335.8974358974365 4384.102564102564 4734.358974358975 4061.0256410256416 3938.461538461539 4310.256410256411 4616.923076923077 4394.358974358975 1613.0 1712.0 4.847 4.535147190093994 0.0 0.0 0.0 0.0  1  0  0  0  0  0  0  0  0  0  0  0  0  0 
4854 110.0 0.0 0.0 4310.256410256411 4081.538461538462 4378.461538461539 4496.410256410257 4487.6923076923085 4714.871794871796 4336.923076923077 4387.179487179487 4731.282051282052 4062.564102564103 3937.435897435898 4306.153846153847 4613.333333333334 4396.923076923077 1613.0 1712.0 4.854 4.535147190093994 0.0 0.0 0.0 0.0  1  0  0  0  0  0  0  0  0  0  0  0  0  0 
4862 111.0 0.0 0.0 4312.820512820514 4081.0256410256416 4378.974358974359 4496.923076923077 4487.179487179488 4716.410256410257 4333.846153846154 4384.615384615385 4729.2307692307695 4062.0512820512827 3938.461538461539 4308.205128205129 4615.8974358974365 4395.8974358974365 1613.0 1711.0 4.862 4.535147190093994 0.0 0.0 0.0 0.0  1  0  0  0  0  0  0  0  0  0  0  0  0  0 
4870 112.0 0.0 0.0 4310.256410256411 4082.564102564103 4376.410256410257 4495.8974358974365 4487.6923076923085 4719.48717948718 4330.256410256411 4383.589743589744 4733.333333333334 4061.538461538462 3939.48717948718 4308.717948717949 4613.846153846154 4394.358974358975 1613.0 1713.0 4.87 4.535147190093994 0.0 0.0 0.0 0.0  1  0  0  0  0  0  0  0  0  0  0  0  0  0 
4878 113.0 0.0 0.0 4311.282051282052 4083.589743589744 4374.358974358975 4494.358974358975 4484.615384615385 4716.923076923077 4337.435897435898 4383.076923076924 4733.333333333334 4062.564102564103 3937.435897435898 4308.205128205129 4612.820512820514 4395.8974358974365 1613.0 1711.0 4.878 4.535147190093994 0.0 0.0 0.0 0.0  1  0  0  0  0  0  0  0  0  0  0  0  0  0 
4886 114.0 0.0 0.0 4313.846153846154 4075.3846153846157 4368.205128205129 4495.8974358974365 4485.128205128206 4714.358974358975 4338.461538461539 4384.615384615385 4732.307692307693 4063.076923076924 3936.410256410257 4307.179487179487 4620.000000000001 4391.794871794872 1613.0 1713.0 4.886 4.535147190093994 0.0 0.0 0.0 0.0  1  0  0  0  0  0  0  0  0  0  0  0  0  0 
4893 115.0 0.0 0.0 4316.410256410257 4073.333333333334 4363.076923076924 4494.871794871796 4486.153846153847 4712.307692307693 4331.282051282052 4387.179487179487 4736.410256410257 4062.0512820512827 3939.48717948718 4308.205128205129 4623.589743589744 4388.205128205129 1614.0 1711.0 4.893 4.535147190093994 0.0 0.0 0.0 0.0  1  0  0  0  0  0  0  0  0  0  0  0  0  0 
4901 116.0 0.0 0.0 4318.461538461539 4080.5128205128212 4368.717948717949 4490.256410256411 4484.102564102564 4708.205128205129 4336.410256410257 4385.641025641026 4735.8974358974365 4061.538461538462 3941.0256410256416 4310.769230769231 4621.538461538462 4394.871794871796 1613.0 1712.0 4.901 4.535147190093994 0.0 0.0 0.0 0.0  1  0  0  0  0  0  0  0  0  0  0  0  0  0 
4909 117.0 0.0 0.0 4321.025641025642 4076.9230769230776 4369.2307692307695 4490.256410256411 4485.641025641026 4709.2307692307695 4340.000000000001 4383.589743589744 4731.794871794872 4065.1282051282055 3936.410256410257 4307.6923076923085 4616.923076923077 4397.948717948719 1613.0 1711.0 4.909 4.535147190093994 0.0 0.0 0.0 0.0  1  0  0  0  0  0  0  0  0  0  0  0  0  0 
4917 118.0 0.0 0.0 4330.769230769231 4071.2820512820517 4377.948717948719 4494.871794871796 4483.076923076924 4706.666666666667 4329.2307692307695 4383.076923076924 4732.307692307693 4068.205128205129 3936.9230769230776 4314.871794871796 4620.000000000001 4398.974358974359 1614.0 1711.0 4.917 4.535147190093994 0.0 0.0 0.0 0.0  1  0  0  0  0  0  0  0  0  0  0  0  0  0 
4925 119.0 0.0 0.0 4316.410256410257 4070.7692307692314 4383.589743589744 4493.333333333334 4482.564102564103 4708.717948717949 4330.769230769231 4385.128205128206 4729.743589743591 4064.615384615385 3939.48717948718 4314.358974358975 4616.923076923077 4396.923076923077 1614.0 1712.0 4.925 4.535147190093994 0.0 0.0 0.0 0.0  1  0  0  0  0  0  0  0  0  0  0  0  0  0 
4933 120.0 0.0 0.0 4316.410256410257 4074.358974358975 4398.974358974359 4492.820512820514 4479.48717948718 4706.153846153847 4344.102564102564 4381.025641025642 4726.153846153847 4062.564102564103 3943.589743589744 4322.564102564103 4619.48717948718 4402.564102564103 1613.0 1712.0 4.933 4.535147190093994 0.0 0.0 0.0 0.0  1  0  0  0  0  0  0  0  0  0  0  0  0  0 
4940 121.0 0.0 0.0 4308.205128205129 4073.8461538461543 4392.307692307693 4495.8974358974365 4484.615384615385 4709.2307692307695 4354.358974358975 4380.512820512821 4729.743589743591 4060.5128205128212 3941.538461538462 4322.564102564103 4615.384615384616 4400.512820512821 1613.0 1711.0 4.94 4.535147190093994 0.0 0.0 0.0 0.0  1  0  0  0  0  0  0  0  0  0  0  0  0  0 
4948 122.0 0.0 0.0 4313.333333333334 4077.435897435898 4397.435897435898 4500.512820512821 4483.076923076924 4704.102564102564 4356.923076923077 4381.025641025642 4729.2307692307695 4059.48717948718 3946.1538461538466 4329.743589743591 4616.410256410257 4401.025641025642 1613.0 1712.0 4.948 4.535147190093994 0.0 0.0 0.0 0.0  1  0  0  0  0  0  0  0  0  0  0  0  0  0 
4956 123.0 0.0 0.0 4312.307692307693 4077.435897435898 4391.282051282052 4500.000000000001 4485.128205128206 4707.179487179488 4358.974358974359 4382.564102564103 4726.666666666667 4061.0256410256416 3946.666666666667 4324.615384615385 4613.846153846154 4395.384615384616 1614.0 1711.0 4.956 4.535147190093994 0.0 0.0 0.0 0.0  1  0  0  0  0  0  0  0  0  0  0  0  0  0 
4964 124.0 0.0 0.0 4335.8974358974365 4077.9487179487187 4392.307692307693 4502.051282051282 4480.512820512821 4704.615384615386 4362.051282051282 4377.948717948719 4728.717948717949 4063.589743589744 3946.666666666667 4332.307692307693 4620.512820512821 4396.410256410257 1613.0 1712.0 4.964 4.535147190093994 0.0 0.0 0.0 0.0  1  0  0  0  0  0  0  0  0  0  0  0  0  0 
4972 125.0 0.0 0.0 4344.102564102564 4075.3846153846157 4387.179487179487 4504.102564102564 4480.000000000001 4705.641025641026 4365.641025641026 4379.48717948718 4728.717948717949 4060.5128205128212 3943.589743589744 4328.717948717949 4617.435897435898 4393.333333333334 1614.0 1712.0 4.972 4.535147190093994 0.0 0.0 0.0 0.0  1  0  0  0  0  0  0  0  0  0  0  0  0  0 
4979 126.0 0.0 0.0 4348.205128205129 4075.3846153846157 4397.948717948719 4502.564102564103 4476.923076923077 4703.076923076924 4363.589743589744 4382.564102564103 4724.102564102564 4060.0000000000005 3945.1282051282055 4326.666666666667 4617.435897435898 4395.8974358974365 1613.0 1711.0 4.979 4.535147190093994 0.0 0.0 0.0 0.0  1  0  0  0  0  0  0  0  0  0  0  0  0  0 
4987 127.0 0.0 0.0 4334.871794871796 4070.7692307692314 4393.333333333334 4502.051282051282 4478.974358974359 4707.179487179488 4365.128205128206 4382.051282051282 4723.589743589744 4061.0256410256416 3940.0000000000005 4323.076923076924 4614.871794871796 4395.8974358974365 1614.0 1711.0 4.987 4.535147190093994 0.0 0.0 0.0 0.0  1  0  0  0  0  0  0  0  0  0  0  0  0  0 
4995 128.0 0.0 0.0 4332.820512820514 4073.333333333334 4392.307692307693 4503.589743589744 4478.974358974359 4706.153846153847 4372.307692307693 4378.974358974359 4726.666666666667 4060.0000000000005 3941.0256410256416 4326.153846153847 4613.333333333334 4399.48717948718 1612.0 1712.0 4.995 4.535147190093994 0.0 0.0 0.0 0.0  1  0  0  0  0  0  0  0  0  0  0  0  0  0 
5003 0.0 0.0 3.0 4322.051282051282 4080.0000000000005 4392.307692307693 4503.589743589744 4480.000000000001 4708.717948717949 4378.461538461539 4381.538461538462 4727.6923076923085 4060.5128205128212 3943.589743589744 4326.153846153847 4609.743589743591 4402.564102564103 1614.0 1711.0 5.003 4.535147190093994 0.0 0.0 0.0 0.0  1  0  0  0  0  0  0  0  0  0  0  0  0  0 
5011 1.0 0.0 0.0 4312.307692307693 4080.0000000000005 4397.435897435898 4500.512820512821 4480.512820512821 4709.2307692307695 4383.076923076924 4382.564102564103 4727.179487179488 4060.0000000000005 3941.538461538462 4328.205128205129 4613.333333333334 4402.051282051282 1612.0 1712.0 5.011 4.535147190093994 0.0 0.0 0.0 0.0  1  0  0  0  0  0  0  0  0  0  0  0  0  0 
5019 2.0 0.0 0.0 4314.871794871796 4074.358974358975 4398.461538461539 4502.051282051282 4479.48717948718 4705.641025641026 4384.102564102564 4378.461538461539 4726.153846153847 4058.9743589743593 3942.564102564103 4329.743589743591 4617.435897435898 4398.461538461539 1613.0 1713.0 5.019 4.535147190093994 0.0 0.0 0.0 0.0  1  0  0  0  0  0  0  0  0  0  0  0  0  0 
5026 3.0 0.0 0.0 4321.025641025642 4075.3846153846157 4394.871794871796 4501.538461538462 4478.461538461539 4704.102564102564 4383.076923076924 4380.512820512821 4728.205128205129 4062.0512820512827 3945.1282051282055 4326.153846153847 4615.384615384616 4393.333333333334 1613.0 1711.0 5.026 4.535147190093994 0.0 0.0 0.0 0.0  1  0  0  0  0  0  0  0  0  0  0  0  0  0 
5034 4.0 0.0 0.0 4332.307692307693 4079.48717948718 4402.051282051282 4498.974358974359 4476.410256410257 4702.564102564103 4383.589743589744 4382.051282051282 4728.717948717949 4064.615384615385 3946.666666666667 4331.282051282052 4617.435897435898 4394.358974358975 1613.0 1712.0 5.034 4.535147190093994 0.0 0.0 0.0 0.0  1  0  0  0  0  0  0  0  0  0  0  0  0  0 
5042 5.0 0.0 0.0 4337.435897435898 4074.8717948717954 4399.48717948718 4497.948717948719 4479.48717948718 4705.128205128206 4383.589743589744 4379.48717948718 4726.153846153847 4060.0000000000005 3944.1025641025644 4328.717948717949 4615.384615384616 4393.333333333334 1614.0 1711.0 5.042 4.535147190093994 0.0 0.0 0.0 0.0  1  0  0  0  0  0  0  0  0  0  0  0  0  0 
5050 6.0 0.0 0.0 4346.666666666667 4073.333333333334 4402.564102564103 4499.48717948718 4477.948717948719 4702.564102564103 4375.8974358974365 4375.384615384616 4723.589743589744 4057.435897435898 3945.6410256410263 4330.256410256411 4618.974358974359 4398.461538461539 1613.0 1712.0 5.05 4.535147190093994 0.0 0.0 0.0 0.0  1  0  0  0  0  0  0  0  0  0  0  0  0  0 
5058 7.0 0.0 0.0 4337.435897435898 4072.820512820513 4396.923076923077 4500.512820512821 4478.461538461539 4705.128205128206 4368.717948717949 4379.48717948718 4724.615384615386 4060.0000000000005 3942.564102564103 4326.153846153847 4615.8974358974365 4398.461538461539 1614.0 1711.0 5.058 5.004300594329834 0.0 0.0 0.0 0.0  1  0  0  0  0  0  0  0  0  0  0  0  0  0 
5065 8.0 0.0 0.0 4338.461538461539 4074.358974358975 4405.128205128206 4501.538461538462 4476.923076923077 4700.512820512821 4370.256410256411 4379.48717948718 4725.128205128206 4061.538461538462 3944.1025641025644 4334.871794871796 4617.948717948719 4400.512820512821 1613.0 1711.0 5.065 5.004300594329834 0.0 0.0 0.0 0.0  1  0  0  0  0  0  0  0  0  0  0  0  0  0 
5073 9.0 0.0 0.0 4319.48717948718 4074.358974358975 4401.025641025642 4501.025641025642 4481.538461538462 4703.589743589744 4380.000000000001 4379.48717948718 4725.128205128206 4059.48717948718 3943.076923076924 4330.769230769231 4610.256410256411 4397.948717948719 1613.0 1712.0 5.073 5.004300594329834 0.0 0.0 0.0 0.0  1  0  0  0  0  0  0  0  0  0  0  0  0  0 
5081 10.0 0.0 0.0 4325.128205128206 4078.9743589743593 4411.282051282052 4502.051282051282 4476.923076923077 4700.512820512821 4387.179487179487 4377.948717948719 4725.641025641026 4059.48717948718 3944.615384615385 4337.948717948719 4612.820512820514 4402.051282051282 1613.0 1712.0 5.081 5.004300594329834 0.0 0.0 0.0 0.0  1  0  0  0  0  0  0  0  0  0  0  0  0  0 
5089 11.0 0.0 0.0 4326.153846153847 4077.435897435898 4407.179487179487 4506.153846153847 4478.974358974359 4702.564102564103 4387.179487179487 4378.461538461539 4726.666666666667 4060.5128205128212 3944.615384615385 4337.435897435898 4611.794871794872 4397.435897435898 1614.0 1712.0 5.089 5.035577297210693 0.0 0.0 0.0 0.0  1  0  0  0  0  0  0  0  0  0  0  0  0  0 
5097 12.0 0.0 0.0 4337.948717948719 4076.9230769230776 4411.282051282052 4509.2307692307695 4477.948717948719 4700.000000000001 4376.923076923077 4374.871794871796 4722.564102564103 4062.0512820512827 3949.7435897435903 4342.051282051282 4616.923076923077 4397.435897435898 1613.0 1711.0 5.097 5.035577297210693 0.0 0.0 0.0 0.0  1  0  0  0  0  0  0  0  0  0  0  0  0  0 
5105 13.0 0.0 1.0 4338.461538461539 4077.435897435898 4410.256410256411 4509.2307692307695 4478.974358974359 4704.102564102564 4368.717948717949 4375.8974358974365 4716.923076923077 4059.48717948718 3948.205128205129 4335.8974358974365 4613.333333333334 4396.410256410257 1613.0 1713.0 5.105 5.035577297210693 0.0 0.0 0.0 0.0  1  0  0  0  0  0  0  0  0  0  0  0  0  0 
5112 14.0 0.0 0.0 4347.6923076923085 4081.0256410256416 4417.435897435898 4510.769230769231 4476.410256410257 4700.000000000001 4361.025641025642 4376.410256410257 4716.410256410257 4060.0000000000005 3946.666666666667 4338.461538461539 4614.358974358975 4397.435897435898 1613.0 1711.0 5.112 5.035577297210693 0.0 0.0 0.0 0.0  1  0  0  0  0  0  0  0  0  0  0  0  0  0 
5120 15.0 0.0 0.0 4343.589743589744 4078.461538461539 4414.871794871796 4513.333333333334 4477.435897435898 4701.538461538462 4343.589743589744 4375.384615384616 4720.000000000001 4061.538461538462 3943.589743589744 4337.948717948719 4613.846153846154 4394.871794871796 1613.0 1712.0 5.12 5.035577297210693 0.0 0.0 0.0 0.0  1  0  0  0  0  0  0  0  0  0  0  0  0  0 
5128 16.0 0.0 0.0 4345.128205128206 4076.410256410257 4421.025641025642 4512.307692307693 4474.871794871796 4700.000000000001 4324.102564102564 4375.8974358974365 4719.48717948718 4059.48717948718 3943.589743589744 4340.512820512821 4611.794871794872 4399.48717948718 1614.0 1711.0 5.128 5.035577297210693 0.0 0.0 0.0 0.0  1  0  0  0  0  0  0  0  0  0  0  0  0  0 
5136 17.0 0.0 0.0 4338.461538461539 4076.9230769230776 4428.717948717949 4512.820512820514 4474.871794871796 4698.974358974359 4329.2307692307695 4377.435897435898 4717.948717948719 4057.9487179487182 3946.1538461538466 4342.564102564103 4610.769230769231 4404.615384615385 1612.0 1711.0 5.136 5.035577297210693 0.0 0.0 0.0 0.0  1  0  0  0  0  0  0  0  0  0  0  0  0  0 
5144 18.0 0.0 0.0 4326.153846153847 4077.435897435898 4433.333333333334 4512.307692307693 4477.435897435898 4702.564102564103 4351.282051282052 4374.871794871796 4718.461538461539 4060.5128205128212 3948.717948717949 4345.128205128206 4612.307692307693 4401.025641025642 1614.0 1712.0 5.144 5.035577297210693 0.0 0.0 0.0 0.0  1  0  0  0  0  0  0  0  0  0  0  0  0  0 
5152 19.0 0.0 0.0 4330.769230769231 4076.410256410257 4432.820512820514 4510.256410256411 4474.358974358975 4705.128205128206 4366.153846153847 4370.769230769231 4720.000000000001 4061.538461538462 3947.1794871794878 4349.2307692307695 4613.333333333334 4400.000000000001 1613.0 1711.0 5.152 5.035577297210693 0.0 0.0 0.0 0.0  1  0  0  0  0  0  0  0  0  0  0  0  0  0 
5159 20.0 0.0 0.0 4334.871794871796 4073.8461538461543 4427.179487179487 4510.769230769231 4472.820512820514 4702.051282051282 4369.2307692307695 4372.307692307693 4720.512820512821 4058.461538461539 3943.589743589744 4347.6923076923085 4611.282051282052 4401.025641025642 1613.0 1712.0 5.159 5.035577297210693 0.0 0.0 0.0 0.0  1  0  0  0  0  0  0  0  0  0  0  0  0  0 
5167 21.0 0.0 0.0 4341.025641025642 4075.8974358974365 4430.256410256411 4514.871794871796 4473.333333333334 4698.461538461539 4361.025641025642 4372.820512820514 4717.435897435898 4058.461538461539 3948.717948717949 4350.256410256411 4613.846153846154 4401.025641025642 1613.0 1712.0 5.167 5.035577297210693 0.0 0.0 0.0 0.0  1  0  0  0  0  0  0  0  0  0  0  0  0  0 
5175 22.0 0.0 0.0 4345.128205128206 4078.9743589743593 4422.051282051282 4515.8974358974365 4478.974358974359 4702.564102564103 4350.769230769231 4372.820512820514 4717.435897435898 4060.5128205128212 3948.717948717949 4343.076923076924 4609.2307692307695 4394.871794871796 1613.0 1712.0 5.175 5.035577297210693 0.0 0.0 0.0 0.0  1  0  0  0  0  0  0  0  0  0  0  0  0  0 
5183 23.0 0.0 0.0 4358.461538461539 4082.0512820512827 4425.128205128206 4516.923076923077 4476.923076923077 4697.948717948719 4353.333333333334 4370.769230769231 4718.974358974359 4059.48717948718 3947.1794871794878 4347.6923076923085 4611.794871794872 4399.48717948718 1614.0 1712.0 5.183 5.035577297210693 0.0 0.0 0.0 0.0  1  0  0  0  0  0  0  0  0  0  0  0  0  0 
5191 24.0 0.0 0.0 4349.2307692307695 4077.9487179487187 4419.48717948718 4517.948717948719 4476.410256410257 4701.538461538462 4362.051282051282 4372.820512820514 4720.000000000001 4057.9487179487182 3943.076923076924 4346.153846153847 4612.307692307693 4398.974358974359 1613.0 1712.0 5.191 5.035577297210693 0.0 0.0 0.0 0.0  1  0  0  0  0  0  0  0  0  0  0  0  0  0 
5198 25.0 0.0 0.0 4354.871794871796 4076.410256410257 4428.717948717949 4516.923076923077 4470.256410256411 4700.000000000001 4358.974358974359 4372.820512820514 4718.461538461539 4059.48717948718 3947.692307692308 4351.282051282052 4614.358974358975 4401.538461538462 1614.0 1711.0 5.198 5.035577297210693 0.0 0.0 0.0 0.0  1  0  0  0  0  0  0  0  0  0  0  0  0  0 
5206 26.0 0.0 0.0 4343.589743589744 4071.7948717948725 4427.179487179487 4513.846153846154 4474.871794871796 4701.025641025642 4356.410256410257 4376.923076923077 4717.948717948719 4060.5128205128212 3947.1794871794878 4343.589743589744 4607.6923076923085 4403.076923076924 1613.0 1712.0 5.206 5.035577297210693 0.0 0.0 0.0 0.0  1  0  0  0  0  0  0  0  0  0  0  0  0  0 
5214 27.0 0.0 0.0 4340.512820512821 4074.358974358975 4438.461538461539 4513.333333333334 4474.358974358975 4698.461538461539 4362.051282051282 4374.871794871796 4718.461538461539 4058.9743589743593 3948.717948717949 4352.307692307693 4612.307692307693 4408.205128205129 1615.0 1711.0 5.214 5.035577297210693 0.0 0.0 0.0 0.0  1  0  0  0  0  0  0  0  0  0  0  0  0  0 
5222 28.0 0.0 0.0 4328.717948717949 4075.8974358974365 4431.282051282052 4513.846153846154 4474.358974358975 4706.666666666667 4371.794871794872 4374.871794871796 4718.974358974359 4057.9487179487182 3947.692307692308 4352.820512820514 4610.256410256411 4404.102564102564 1613.0 1711.0 5.222 5.035577297210693 0.0 0.0 0.0 0.0  1  0  0  0  0  0  0  0  0  0  0  0  0  0 
5230 29.0 0.0 0.0 4335.384615384616 4075.8974358974365 4432.820512820514 4514.358974358975 4470.256410256411 4701.538461538462 4372.307692307693 4375.8974358974365 4717.948717948719 4061.0256410256416 3950.7692307692314 4355.8974358974365 4612.820512820514 4403.589743589744 1614.0 1711.0 5.23 5.035577297210693 0.0 0.0 0.0 0.0  1  0  0  0  0  0  0  0  0  0  0  0  0  0 
5238 30.0 0.0 0.0 4328.205128205129 4074.358974358975 4430.769230769231 4511.794871794872 4473.333333333334 4700.000000000001 4364.102564102564 4377.435897435898 4721.025641025642 4062.0512820512827 3949.7435897435903 4350.256410256411 4611.282051282052 4400.000000000001 1613.0 1711.0 5.238 5.035577297210693 0.0 0.0 0.0 0.0  1  0  0  0  0  0  0  0  0  0  0  0  0  0 
5245 31.0 0.0 0.0 4334.871794871796 4077.435897435898 4432.307692307693 4513.333333333334 4471.794871794872 4699.48717948718 4349.743589743591 4373.333333333334 4722.564102564103 4059.48717948718 3951.2820512820517 4350.769230769231 4614.871794871796 4399.48717948718 1613.0 1712.0 5.245 5.035577297210693 0.0 0.0 0.0 0.0  1  0  0  0  0  0  0  0  0  0  0  0  0  0 
5253 32.0 0.0 0.0 4345.641025641026 4074.8717948717954 4430.256410256411 4518.461538461539 4471.282051282052 4700.512820512821 4336.923076923077 4371.282051282052 4720.000000000001 4059.48717948718 3953.333333333334 4352.307692307693 4614.871794871796 4398.461538461539 1613.0 1712.0 5.253 5.035577297210693 0.0 0.0 0.0 0.0  1  0  0  0  0  0  0  0  0  0  0  0  0  0 
5261 33.0 0.0 0.0 4354.871794871796 4073.8461538461543 4437.948717948719 4516.410256410257 4469.743589743591 4696.923076923077 4335.384615384616 4371.794871794872 4717.435897435898 4059.48717948718 3953.333333333334 4354.871794871796 4615.384615384616 4401.538461538462 1614.0 1712.0 5.261 5.035577297210693 0.0 0.0 0.0 0.0  1  0  0  0  0  0  0  0  0  0  0  0  0  0 
5269 34.0 0.0 0.0 4348.717948717949 4077.9487179487187 4436.923076923077 4515.384615384616 4469.743589743591 4694.358974358975 4348.717948717949 4371.794871794872 4718.974358974359 4057.9487179487182 3950.2564102564106 4354.871794871796 4615.8974358974365 4405.128205128206 1613.0 1711.0 5.269 5.035577297210693 0.0 0.0 0.0 0.0  1  0  0  0  0  0  0  0  0  0  0  0  0  0 
5277 35.0 0.0 0.0 4338.461538461539 4074.8717948717954 4428.717948717949 4523.076923076924 4470.769230769231 4695.8974358974365 4361.025641025642 4372.820512820514 4718.461538461539 4058.9743589743593 3948.717948717949 4355.384615384616 4615.384615384616 4403.076923076924 1613.0 1712.0 5.277 5.035577297210693 0.0 0.0 0.0 0.0  1  0  0  0  0  0  0  0  0  0  0  0  0  0 
5284 36.0 0.0 0.0 4338.461538461539 4071.2820512820517 4437.948717948719 4524.102564102564 4468.717948717949 4695.8974358974365 4355.384615384616 4374.358974358975 4717.435897435898 4060.5128205128212 3953.333333333334 4360.000000000001 4617.435897435898 4406.666666666667 1614.0 1711.0 5.284 5.035577297210693 0.0 0.0 0.0 0.0  1  0  0  0  0  0  0  0  0  0  0  0  0  0 
5292 37.0 0.0 0.0 4334.358974358975 4076.410256410257 4443.589743589744 4510.769230769231 4471.282051282052 4699.48717948718 4346.666666666667 4374.871794871796 4718.461538461539 4057.435897435898 3952.307692307693 4352.820512820514 4613.333333333334 4407.6923076923085 1613.0 1711.0 5.292 5.035577297210693 0.0 0.0 0.0 0.0  1  0  0  0  0  0  0  0  0  0  0  0  0  0 
5300 38.0 0.0 0.0 4340.000000000001 4078.9743589743593 4443.589743589744 4510.769230769231 4472.820512820514 4700.000000000001 4350.769230769231 4371.794871794872 4716.923076923077 4058.9743589743593 3950.2564102564106 4352.307692307693 4614.871794871796 4405.641025641026 1614.0 1711.0 5.3 5.035577297210693 0.0 0.0 0.0 0.0  1  0  0  0  0  0  0  0  0  0  0  0  0  0 
5308 39.0 0.0 0.0 4333.846153846154 4071.7948717948725 4432.820512820514 4517.435897435898 4474.358974358975 4704.615384615386 4355.384615384616 4374.358974358975 4716.410256410257 4061.0256410256416 3949.2307692307695 4348.717948717949 4611.794871794872 4398.461538461539 1612.0 1711.0 5.308 5.035577297210693 0.0 0.0 0.0 0.0  1  0  0  0  0  0  0  0  0  0  0  0  0  0 
5316 40.0 0.0 0.0 4343.076923076924 4074.8717948717954 4442.564102564103 4514.358974358975 4467.6923076923085 4696.923076923077 4347.179487179487 4371.282051282052 4718.461538461539 4058.9743589743593 3953.8461538461543 4358.974358974359 4614.871794871796 4404.102564102564 1614.0 1712.0 5.316 5.035577297210693 0.0 0.0 0.0 0.0  1  0  0  0  0  0  0  0  0  0  0  0  0  0 
5324 41.0 0.0 0.0 4348.205128205129 4077.435897435898 4444.102564102564 4512.307692307693 4466.666666666667 4693.846153846154 4342.564102564103 4367.6923076923085 4718.461538461539 4056.410256410257 3952.820512820513 4359.48717948718 4608.717948717949 4401.538461538462 1613.0 1711.0 5.324 5.035577297210693 0.0 0.0 0.0 0.0  1  0  0  0  0  0  0  0  0  0  0  0  0  0 
5331 42.0 0.0 0.0 4356.410256410257 4073.333333333334 4453.846153846154 4522.564102564103 4465.128205128206 4689.2307692307695 4347.6923076923085 4367.179487179487 4714.871794871796 4057.9487179487182 3954.8717948717954 4366.666666666667 4612.820512820514 4401.025641025642 1613.0 1712.0 5.331 5.035577297210693 0.0 0.0 0.0 0.0  1  0  0  0  0  0  0  0  0  0  0  0  0  0 
5339 43.0 0.0 0.0 4336.923076923077 4071.7948717948725 4441.538461538462 4524.102564102564 4470.769230769231 4697.948717948719 4354.871794871796 4373.846153846154 4716.923076923077 4058.9743589743593 3950.7692307692314 4356.410256410257 4613.846153846154 4397.948717948719 1614.0 1711.0 5.339 5.035577297210693 0.0 0.0 0.0 0.0  1  0  0  0  0  0  0  0  0  0  0  0  0  0 
5347 44.0 0.0 0.0 4335.8974358974365 4078.9743589743593 4433.846153846154 4514.358974358975 4471.282051282052 4701.538461538462 4361.538461538462 4375.384615384616 4723.076923076924 4062.0512820512827 3948.717948717949 4349.743589743591 4618.974358974359 4402.564102564103 1613.0 1711.0 5.347 5.035577297210693 0.0 0.0 0.0 0.0  1  0  0  0  0  0  0  0  0  0  0  0  0  0 
5355 45.0 0.0 0.0 4327.179487179487 4073.333333333334 4415.384615384616 4513.846153846154 4477.948717948719 4708.205128205129 4371.794871794872 4381.025641025642 4726.153846153847 4062.0512820512827 3946.666666666667 4335.384615384616 4614.871794871796 4401.025641025642 1613.0 1711.0 5.355 5.035577297210693 0.0 0.0 0.0 0.0  1  0  0  0  0  0  0  0  0  0  0  0  0  0 
5363 46.0 0.0 0.0 4326.153846153847 4072.307692307693 4413.846153846154 4513.333333333334 4481.025641025642 4707.179487179488 4374.871794871796 4383.076923076924 4725.641025641026 4060.5128205128212 3947.1794871794878 4334.358974358975 4617.948717948719 4402.051282051282 1613.0 1712.0 5.363 5.035577297210693 0.0 0.0 0.0 0.0  1  0  0  0  0  0  0  0  0  0  0  0  0  0 
5370 47.0 0.0 0.0 4310.769230769231 4078.9743589743593 4401.538461538462 4502.564102564103 4482.051282051282 4713.846153846154 4375.384615384616 4382.564102564103 4728.205128205129 4062.564102564103 3941.0256410256416 4328.717948717949 4618.461538461539 4400.000000000001 1614.0 1711.0 5.37 5.035577297210693 0.0 0.0 0.0 0.0  1  0  0  0  0  0  0  0  0  0  0  0  0  0 
5378 48.0 0.0 0.0 4308.717948717949 4078.9743589743593 4389.743589743591 4498.974358974359 4481.538461538462 4717.948717948719 4374.871794871796 4383.589743589744 4732.307692307693 4065.6410256410263 3941.538461538462 4321.538461538462 4617.435897435898 4398.974358974359 1613.0 1712.0 5.378 5.035577297210693 0.0 0.0 0.0 0.0  1  0  0  0  0  0  0  0  0  0  0  0  0  0 
5386 49.0 0.0 0.0 4305.128205128206 4077.435897435898 4377.948717948719 4501.538461538462 4487.179487179488 4720.512820512821 4365.128205128206 4387.179487179487 4733.333333333334 4065.1282051282055 3941.538461538462 4314.871794871796 4615.8974358974365 4396.410256410257 1614.0 1712.0 5.386 5.035577297210693 0.0 0.0 0.0 0.0  1  0  0  0  0  0  0  0  0  0  0  0  0  0 
5394 50.0 0.0 0.0 4298.461538461539 4087.1794871794878 4371.282051282052 4494.871794871796 4492.307692307693 4724.102564102564 4353.333333333334 4390.256410256411 4732.820512820514 4064.615384615385 3935.8974358974365 4309.2307692307695 4619.48717948718 4393.846153846154 1613.0 1712.0 5.394 5.035577297210693 0.0 0.0 0.0 0.0  1  0  0  0  0  0  0  0  0  0  0  0  0  0 
5402 51.0 0.0 0.0 4292.307692307693 4087.1794871794878 4360.000000000001 4488.717948717949 4495.384615384616 4728.717948717949 4356.410256410257 4391.282051282052 4737.435897435898 4065.1282051282055 3933.333333333334 4296.923076923077 4625.128205128206 4388.717948717949 1613.0 1712.0 5.402 5.035577297210693 0.0 0.0 0.0 0.0  1  0  0  0  0  0  0  0  0  0  0  0  0  0 
5410 52.0 0.0 0.0 4290.769230769231 4077.435897435898 4342.564102564103 4488.205128205129 4498.974358974359 4731.794871794872 4365.641025641026 4392.307692307693 4742.051282051282 4066.1538461538466 3933.333333333334 4283.076923076924 4621.025641025642 4384.615384615385 1613.0 1712.0 5.41 5.035577297210693 0.0 0.0 0.0 0.0  1  0  0  0  0  0  0  0  0  0  0  0  0  0 
5417 53.0 0.0 0.0 4288.205128205129 4080.5128205128212 4332.307692307693 4483.076923076924 4498.461538461539 4733.333333333334 4364.102564102564 4392.307692307693 4743.589743589744 4067.692307692308 3932.820512820513 4278.461538461539 4619.48717948718 4389.2307692307695 1613.0 1711.0 5.417 5.035577297210693 0.0 0.0 0.0 0.0  1  0  0  0  0  0  0  0  0  0  0  0  0  0 
5425 54.0 0.0 0.0 4264.102564102564 4082.564102564103 4308.717948717949 4470.256410256411 4506.153846153847 4746.666666666667 4363.589743589744 4400.512820512821 4751.282051282052 4069.23076923077 3922.564102564103 4256.923076923077 4623.076923076924 4388.205128205129 1613.0 1711.0 5.425 5.035577297210693 0.0 0.0 0.0 0.0  1  0  0  0  0  0  0  0  0  0  0  0  0  0 
5433 55.0 0.0 0.0 4264.102564102564 4078.9743589743593 4303.076923076924 4465.128205128206 4509.743589743591 4748.205128205129 4365.641025641026 4405.641025641026 4758.974358974359 4072.820512820513 3920.5128205128212 4246.153846153847 4631.794871794872 4389.2307692307695 1614.0 1711.0 5.433 5.035577297210693 0.0 0.0 0.0 0.0  1  0  0  0  0  0  0  0  0  0  0  0  0  0 
5441 56.0 0.0 0.0 4263.589743589744 4078.9743589743593 4307.179487179487 4464.102564102564 4507.6923076923085 4742.051282051282 4362.564102564103 4405.641025641026 4755.8974358974365 4071.7948717948725 3922.564102564103 4247.6923076923085 4623.076923076924 4388.205128205129 1613.0 1712.0 5.441 5.035577297210693 0.0 0.0 0.0 0.0  1  0  0  0  0  0  0  0  0  0  0  0  0  0 
5449 57.0 0.0 0.0 4278.461538461539 4085.1282051282055 4332.820512820514 4466.153846153847 4500.000000000001 4729.2307692307695 4352.307692307693 4398.974358974359 4747.6923076923085 4070.2564102564106 3929.2307692307695 4268.717948717949 4622.564102564103 4392.307692307693 1614.0 1711.0 5.449 5.035577297210693 0.0 0.0 0.0 0.0  1  0  0  0  0  0  0  0  0  0  0  0  0  0 
5456 58.0 0.0 0.0 4290.256410256411 4079.48717948718 4358.974358974359 4473.333333333334 4497.435897435898 4718.461538461539 4343.589743589744 4392.820512820514 4740.000000000001 4068.717948717949 3932.820512820513 4288.205128205129 4621.538461538462 4390.256410256411 1612.0 1712.0 5.456 5.035577297210693 0.0 0.0 0.0 0.0  1  0  0  0  0  0  0  0  0  0  0  0  0  0 
5464 59.0 0.0 0.0 4321.538461538462 4077.435897435898 4402.564102564103 4487.6923076923085 4481.538461538462 4695.8974358974365 4338.461538461539 4382.051282051282 4728.717948717949 4062.564102564103 3943.076923076924 4325.641025641026 4620.000000000001 4394.358974358975 1614.0 1713.0 5.464 5.035577297210693 0.0 0.0 0.0 0.0  1  0  0  0  0  0  0  0  0  0  0  0  0  0 
5472 60.0 0.0 0.0 4322.051282051282 4078.9743589743593 4391.794871794872 4498.461538461539 4479.48717948718 4694.358974358975 4346.153846153847 4381.538461538462 4725.128205128206 4059.48717948718 3944.1025641025644 4327.179487179487 4609.743589743591 4392.307692307693 1613.0 1711.0 5.472 5.035577297210693 0.0 0.0 0.0 0.0  1  0  0  0  0  0  0  0  0  0  0  0  0  0 
5480 61.0 0.0 0.0 4329.743589743591 4084.615384615385 4364.615384615385 4499.48717948718 4483.589743589744 4703.076923076924 4349.2307692307695 4385.128205128206 4731.794871794872 4064.615384615385 3940.0000000000005 4312.307692307693 4618.461538461539 4395.384615384616 1613.0 1712.0 5.48 5.035577297210693 0.0 0.0 0.0 0.0  1  0  0  0  0  0  0  0  0  0  0  0  0  0 
5488 62.0 0.0 0.0 4336.923076923077 4082.564102564103 4360.000000000001 4496.923076923077 4485.641025641026 4709.2307692307695 4346.153846153847 4384.102564102564 4732.820512820514 4064.615384615385 3937.435897435898 4306.153846153847 4621.025641025642 4394.358974358975 1613.0 1711.0 5.488 5.035577297210693 0.0 0.0 0.0 0.0  1  0  0  0  0  0  0  0  0  0  0  0  0  0 
5496 63.0 0.0 0.0 4342.051282051282 4080.5128205128212 4387.6923076923085 4495.384615384616 4479.48717948718 4702.051282051282 4351.282051282052 4380.512820512821 4726.153846153847 4060.5128205128212 3941.0256410256416 4318.974358974359 4618.461538461539 4396.410256410257 1613.0 1711.0 5.496 5.035577297210693 0.0 0.0 0.0 0.0  1  0  0  0  0  0  0  0  0  0  0  0  0  0 
5503 64.0 0.0 2.0 4325.641025641026 4074.8717948717954 4398.974358974359 4495.8974358974365 4480.000000000001 4702.564102564103 4354.871794871796 4382.564102564103 4725.641025641026 4061.538461538462 3942.0512820512827 4321.538461538462 4613.846153846154 4400.512820512821 1614.0 1711.0 5.503 5.035577297210693 0.0 0.0 0.0 0.0  1  0  0  0  0  0  0  0  0  0  0  0  0  0 
5511 65.0 0.0 0.0 4320.512820512821 4069.7435897435903 4407.179487179487 4495.384615384616 4480.512820512821 4704.615384615386 4345.641025641026 4382.051282051282 4729.2307692307695 4063.076923076924 3946.1538461538466 4326.666666666667 4615.384615384616 4404.102564102564 1613.0 1712.0 5.511 5.035577297210693 0.0 0.0 0.0 0.0  1  0  0  0  0  0  0  0  0  0  0  0  0  0 
5519 66.0 0.0 0.0 4313.846153846154 4072.307692307693 4404.102564102564 4495.384615384616 4480.000000000001 4706.666666666667 4343.589743589744 4380.512820512821 4728.717948717949 4063.076923076924 3947.1794871794878 4329.743589743591 4614.871794871796 4397.435897435898 1614.0 1711.0 5.519 5.035577297210693 0.0 0.0 0.0 0.0  1  0  0  0  0  0  0  0  0  0  0  0  0  0 
5527 67.0 0.0 0.0 4306.153846153847 4084.1025641025644 4387.6923076923085 4500.000000000001 4482.051282051282 4707.179487179488 4349.2307692307695 4381.025641025642 4727.6923076923085 4063.076923076924 3944.1025641025644 4325.641025641026 4611.794871794872 4392.820512820514 1612.0 1712.0 5.527 5.035577297210693 0.0 0.0 0.0 0.0  1  0  0  0  0  0  0  0  0  0  0  0  0  0 
5535 68.0 0.0 0.0 4321.538461538462 4088.717948717949 4385.641025641026 4503.076923076924 4482.051282051282 4704.615384615386 4346.153846153847 4380.000000000001 4728.205128205129 4061.538461538462 3942.0512820512827 4322.564102564103 4615.8974358974365 4396.410256410257 1614.0 1712.0 5.535 5.035577297210693 0.0 0.0 0.0 0.0  1  0  0  0  0  0  0  0  0  0  0  0  0  0 
5543 69.0 0.0 0.0 4336.410256410257 4080.5128205128212 4386.666666666667 4498.974358974359 4483.076923076924 4704.102564102564 4351.794871794872 4380.000000000001 4727.179487179488 4060.5128205128212 3940.0000000000005 4316.923076923077 4615.8974358974365 4394.871794871796 1612.0 1712.0 5.543 5.035577297210693 0.0 0.0 0.0 0.0  1  0  0  0  0  0  0  0  0  0  0  0  0  0 
5550 70.0 0.0 0.0 4346.153846153847 4075.3846153846157 4389.2307692307695 4500.000000000001 4478.461538461539 4701.538461538462 4369.2307692307695 4380.512820512821 4725.128205128206 4062.564102564103 3942.564102564103 4321.538461538462 4617.435897435898 4395.384615384616 1614.0 1712.0 5.55 5.035577297210693 0.0 0.0 0.0 0.0  1  0  0  0  0  0  0  0  0  0  0  0  0  0 
5558 71.0 0.0 0.0 4344.615384615385 4075.3846153846157 4383.589743589744 4503.589743589744 4478.974358974359 4705.641025641026 4375.8974358974365 4383.076923076924 4726.153846153847 4061.0256410256416 3943.076923076924 4320.000000000001 4614.358974358975 4395.384615384616 1613.0 1712.0 5.558 5.504730701446533 0.0 0.0 0.0 0.0  1  0  0  0  0  0  0  0  0  0  0  0  0  0 
5566 72.0 0.0 0.0 4349.2307692307695 4078.9743589743593 4397.435897435898 4501.025641025642 4476.923076923077 4703.589743589744 4362.564102564103 4380.512820512821 4727.6923076923085 4060.5128205128212 3943.589743589744 4326.153846153847 4617.948717948719 4401.538461538462 1613.0 1712.0 5.566 5.504730701446533 0.0 0.0 0.0 0.0  1  0  0  0  0  0  0  0  0  0  0  0  0  0 
5574 73.0 0.0 0.0 4327.179487179487 4077.9487179487187 4394.358974358975 4496.923076923077 4481.025641025642 4707.179487179488 4347.6923076923085 4378.974358974359 4727.6923076923085 4059.48717948718 3940.0000000000005 4321.538461538462 4613.333333333334 4399.48717948718 1614.0 1711.0 5.574 5.504730701446533 0.0 0.0 0.0 0.0  1  0  0  0  0  0  0  0  0  0  0  0  0  0 
5582 74.0 0.0 0.0 4324.102564102564 4080.0000000000005 4397.948717948719 4501.025641025642 4479.48717948718 4705.128205128206 4344.102564102564 4379.48717948718 4727.179487179488 4060.0000000000005 3943.589743589744 4329.2307692307695 4618.461538461539 4402.564102564103 1613.0 1711.0 5.582 5.504730701446533 0.0 0.0 0.0 0.0  1  0  0  0  0  0  0  0  0  0  0  0  0  0 
5589 75.0 0.0 0.0 4309.743589743591 4081.538461538462 4391.282051282052 4504.615384615385 4482.564102564103 4709.2307692307695 4353.846153846154 4384.102564102564 4727.179487179488 4060.5128205128212 3943.076923076924 4326.153846153847 4616.410256410257 4399.48717948718 1614.0 1712.0 5.589 5.536007404327393 0.0 0.0 0.0 0.0  1  0  0  0  0  0  0  0  0  0  0  0  0  0 
5597 76.0 0.0 0.0 4312.820512820514 4081.538461538462 4400.000000000001 4504.102564102564 4481.538461538462 4705.641025641026 4355.384615384616 4381.538461538462 4726.153846153847 4062.0512820512827 3946.666666666667 4331.282051282052 4619.48717948718 4398.461538461539 1613.0 1711.0 5.597 5.536007404327393 0.0 0.0 0.0 0.0  1  0  0  0  0  0  0  0  0  0  0  0  0  0 
5605 77.0 0.0 0.0 4315.8974358974365 4074.8717948717954 4398.974358974359 4501.538461538462 4484.615384615385 4710.769230769231 4345.641025641026 4380.512820512821 4725.641025641026 4060.5128205128212 3944.1025641025644 4324.615384615385 4616.410256410257 4392.307692307693 1613.0 1712.0 5.605 5.536007404327393 0.0 0.0 0.0 0.0  1  0  0  0  0  0  0  0  0  0  0  0  0  0 
5613 78.0 0.0 0.0 4331.282051282052 4074.8717948717954 4404.615384615385 4498.461538461539 4479.48717948718 4707.179487179488 4338.461538461539 4380.000000000001 4725.641025641026 4062.0512820512827 3941.0256410256416 4327.6923076923085 4617.948717948719 4393.846153846154 1613.0 1712.0 5.613 5.536007404327393 0.0 0.0 0.0 0.0  1  0  0  0  0  0  0  0  0  0  0  0  0  0 
5621 79.0 0.0 0.0 4330.769230769231 4074.8717948717954 4390.256410256411 4499.48717948718 4481.538461538462 4703.589743589744 4343.076923076924 4380.000000000001 4727.179487179488 4064.1025641025644 3939.48717948718 4326.153846153847 4614.358974358975 4394.871794871796 1614.0 1712.0 5.621 5.536007404327393 0.0 0.0 0.0 0.0  1  0  0  0  0  0  0  0  0  0  0  0  0  0 
5629 80.0 0.0 0.0 4337.948717948719 4076.9230769230776 4384.615384615385 4503.589743589744 4483.076923076924 4702.051282051282 4343.589743589744 4378.461538461539 4727.179487179488 4064.1025641025644 3943.589743589744 4326.153846153847 4617.435897435898 4395.384615384616 1612.0 1711.0 5.629 5.536007404327393 0.0 0.0 0.0 0.0  1  0  0  0  0  0  0  0  0  0  0  0  0  0 
5636 81.0 0.0 0.0 4334.358974358975 4079.48717948718 4390.256410256411 4505.128205128206 4481.025641025642 4705.641025641026 4338.461538461539 4379.48717948718 4727.179487179488 4063.076923076924 3943.589743589744 4325.641025641026 4619.48717948718 4396.410256410257 1613.0 1712.0 5.636 5.536007404327393 0.0 0.0 0.0 0.0  1  0  0  0  0  0  0  0  0  0  0  0  0  0 
5644 82.0 0.0 0.0 4328.717948717949 4081.538461538462 4398.461538461539 4502.051282051282 4478.461538461539 4703.589743589744 4338.974358974359 4382.564102564103 4727.6923076923085 4062.564102564103 3938.9743589743593 4326.666666666667 4619.48717948718 4399.48717948718 1613.0 1711.0 5.644 5.536007404327393 0.0 0.0 0.0 0.0  1  0  0  0  0  0  0  0  0  0  0  0  0  0 
5652 83.0 0.0 0.0 4323.076923076924 4076.9230769230776 4398.974358974359 4501.025641025642 4479.48717948718 4703.076923076924 4349.2307692307695 4384.102564102564 4727.6923076923085 4062.0512820512827 3940.0000000000005 4328.205128205129 4618.461538461539 4400.000000000001 1613.0 1712.0 5.652 5.536007404327393 0.0 0.0 0.0 0.0  1  0  0  0  0  0  0  0  0  0  0  0  0  0 
5660 84.0 0.0 0.0 4318.974358974359 4072.307692307693 4397.948717948719 4502.051282051282 4480.512820512821 4707.179487179488 4354.358974358975 4383.589743589744 4726.153846153847 4063.076923076924 3942.564102564103 4328.205128205129 4613.846153846154 4398.974358974359 1614.0 1711.0 5.66 5.536007404327393 0.0 0.0 0.0 0.0  1  0  0  0  0  0  0  0  0  0  0  0  0  0 
5668 85.0 0.0 0.0 4323.589743589744 4075.8974358974365 4406.153846153847 4502.051282051282 4479.48717948718 4704.615384615386 4349.2307692307695 4380.000000000001 4726.153846153847 4062.0512820512827 3945.1282051282055 4332.307692307693 4614.358974358975 4403.076923076924 1612.0 1713.0 5.668 5.536007404327393 0.0 0.0 0.0 0.0  1  0  0  0  0  0  0  0  0  0  0  0  0  0 
5675 86.0 0.0 0.0 4320.512820512821 4077.9487179487187 4400.000000000001 4496.923076923077 4481.025641025642 4706.666666666667 4346.666666666667 4381.025641025642 4727.179487179488 4058.461538461539 3941.538461538462 4328.205128205129 4611.794871794872 4399.48717948718 1613.0 1711.0 5.675 5.536007404327393 0.0 0.0 0.0 0.0  1  0  0  0  0  0  0  0  0  0  0  0  0  0 
5683 87.0 0.0 0.0 4331.794871794872 4078.461538461539 4396.923076923077 4498.461538461539 4478.461538461539 4706.153846153847 4346.153846153847 4380.000000000001 4725.641025641026 4061.0256410256416 3942.0512820512827 4331.794871794872 4615.384615384616 4397.948717948719 1613.0 1711.0 5.683 5.536007404327393 0.0 0.0 0.0 0.0  1  0  0  0  0  0  0  0  0  0  0  0  0  0 
5691 88.0 0.0 0.0 4331.282051282052 4075.8974358974365 4389.743589743591 4504.615384615385 4484.615384615385 4706.666666666667 4343.589743589744 4381.025641025642 4726.153846153847 4063.589743589744 3939.48717948718 4325.641025641026 4612.820512820514 4393.846153846154 1613.0 1712.0 5.691 5.536007404327393 0.0 0.0 0.0 0.0  1  0  0  0  0  0  0  0  0  0  0  0  0  0 
5699 89.0 0.0 0.0 4339.48717948718 4079.48717948718 4401.025641025642 4504.615384615385 4483.076923076924 4702.564102564103 4337.948717948719 4379.48717948718 4727.6923076923085 4061.538461538462 3940.5128205128212 4327.6923076923085 4616.923076923077 4393.333333333334 1613.0 1712.0 5.699 5.536007404327393 0.0 0.0 0.0 0.0  1  0  0  0  0  0  0  0  0  0  0  0  0  0 
5707 90.0 0.0 0.0 4331.794871794872 4077.435897435898 4397.435897435898 4499.48717948718 4482.564102564103 4707.179487179488 4335.384615384616 4383.076923076924 4727.179487179488 4061.538461538462 3938.9743589743593 4321.538461538462 4612.307692307693 4389.743589743591 1614.0 1711.0 5.707 5.536007404327393 0.0 0.0 0.0 0.0  1  0  0  0  0  0  0  0  0  0  0  0  0  0 
5715 91.0 0.0 0.0 4336.923076923077 4074.8717948717954 4400.512820512821 4502.564102564103 4479.48717948718 4701.538461538462 4338.461538461539 4382.564102564103 4726.153846153847 4065.1282051282055 3942.564102564103 4328.717948717949 4614.358974358975 4397.435897435898 1612.0 1711.0 5.715 5.536007404327393 0.0 0.0 0.0 0.0  1  0  0  0  0  0  0  0  0  0  0  0  0  0 
5722 92.0 0.0 0.0 4323.589743589744 4073.8461538461543 4391.794871794872 4504.102564102564 4482.564102564103 4705.128205128206 4347.179487179487 4381.025641025642 4727.6923076923085 4064.1025641025644 3941.538461538462 4323.589743589744 4611.282051282052 4400.000000000001 1614.0 1712.0 5.722 5.536007404327393 0.0 0.0 0.0 0.0  1  0  0  0  0  0  0  0  0  0  0  0  0  0 
5730 93.0 0.0 0.0 4324.615384615385 4078.461538461539 4398.461538461539 4500.512820512821 4480.000000000001 4706.153846153847 4348.717948717949 4379.48717948718 4726.666666666667 4063.589743589744 3941.538461538462 4324.615384615385 4614.358974358975 4403.589743589744 1614.0 1711.0 5.73 5.536007404327393 0.0 0.0 0.0 0.0  1  0  0  0  0  0  0  0  0  0  0  0  0  0 
5738 94.0 0.0 0.0 4315.8974358974365 4079.48717948718 4392.820512820514 4502.051282051282 4484.615384615385 4709.743589743591 4344.102564102564 4381.538461538462 4726.666666666667 4062.564102564103 3940.0000000000005 4321.538461538462 4612.820512820514 4400.000000000001 1613.0 1713.0 5.738 5.536007404327393 0.0 0.0 0.0 0.0  1  0  0  0  0  0  0  0  0  0  0  0  0  0 
5746 95.0 0.0 0.0 4315.8974358974365 4081.0256410256416 4396.410256410257 4503.589743589744 4484.615384615385 4708.205128205129 4345.128205128206 4380.512820512821 4728.717948717949 4062.0512820512827 3943.589743589744 4328.717948717949 4616.410256410257 4396.923076923077 1614.0 1712.0 5.746 5.536007404327393 0.0 0.0 0.0 0.0  1  0  0  0  0  0  0  0  0  0  0  0  0  0 
5754 96.0 0.0 0.0 4314.358974358975 4080.0000000000005 4393.846153846154 4498.974358974359 4483.589743589744 4712.307692307693 4349.2307692307695 4382.051282051282 4728.205128205129 4062.564102564103 3942.564102564103 4323.589743589744 4612.820512820514 4391.794871794872 1612.0 1712.0 5.754 5.536007404327393 0.0 0.0 0.0 0.0  1  0  0  0  0  0  0  0  0  0  0  0  0  0 
5761 97.0 0.0 0.0 4324.102564102564 4078.9743589743593 4395.384615384616 4497.948717948719 4481.025641025642 4710.256410256411 4344.615384615385 4384.615384615385 4725.641025641026 4064.615384615385 3941.538461538462 4321.025641025642 4613.333333333334 4391.794871794872 1613.0 1712.0 5.761 5.536007404327393 0.0 0.0 0.0 0.0  1  0  0  0  0  0  0  0  0  0  0  0  0  0 
5769 98.0 0.0 0.0 4325.128205128206 4075.8974358974365 4391.794871794872 4501.025641025642 4482.051282051282 4709.743589743591 4342.051282051282 4382.051282051282 4727.179487179488 4063.589743589744 3941.538461538462 4322.564102564103 4615.8974358974365 4390.769230769231 1613.0 1711.0 5.769 5.536007404327393 0.0 0.0 0.0 0.0  1  0  0  0  0  0  0  0  0  0  0  0  0  0 
5777 99.0 0.0 0.0 4326.153846153847 4077.435897435898 4388.717948717949 4500.512820512821 4484.615384615385 4710.769230769231 4343.076923076924 4378.974358974359 4729.743589743591 4062.0512820512827 3939.48717948718 4319.48717948718 4613.846153846154 4392.820512820514 1613.0 1712.0 5.777 5.536007404327393 0.0 0.0 0.0 0.0  1  0  0  0  0  0  0  0  0  0  0  0  0  0 
5785 100.0 0.0 0.0 4331.282051282052 4080.0000000000005 4392.307692307693 4501.538461538462 4485.641025641026 4707.6923076923085 4334.871794871796 4380.512820512821 4727.179487179488 4063.589743589744 3938.461538461539 4317.948717948719 4613.333333333334 4397.435897435898 1612.0 1711.0 5.785 5.536007404327393 0.0 0.0 0.0 0.0  1  0  0  0  0  0  0  0  0  0  0  0  0  0 
5793 101.0 0.0 0.0 4324.615384615385 4075.8974358974365 4390.256410256411 4502.564102564103 4485.641025641026 4708.205128205129 4320.512820512821 4384.102564102564 4724.615384615386 4063.589743589744 3938.461538461539 4317.435897435898 4614.358974358975 4396.410256410257 1613.0 1712.0 5.793 5.536007404327393 0.0 0.0 0.0 0.0  1  0  0  0  0  0  0  0  0  0  0  0  0  0 
5801 102.0 0.0 0.0 4319.48717948718 4074.8717948717954 4394.871794871796 4502.564102564103 4482.051282051282 4708.205128205129 4315.384615384616 4384.102564102564 4728.205128205129 4063.589743589744 3942.564102564103 4323.076923076924 4617.435897435898 4395.8974358974365 1613.0 1712.0 5.801 5.536007404327393 0.0 0.0 0.0 0.0  1  0  0  0  0  0  0  0  0  0  0  0  0  0 
5808 103.0 0.0 0.0 4310.256410256411 4075.8974358974365 4389.2307692307695 4502.051282051282 4486.153846153847 4710.769230769231 4324.102564102564 4385.128205128206 4729.2307692307695 4064.1025641025644 3941.538461538462 4315.8974358974365 4609.743589743591 4393.846153846154 1613.0 1712.0 5.808 5.536007404327393 0.0 0.0 0.0 0.0  1  0  0  0  0  0  0  0  0  0  0  0  0  0 
5816 104.0 0.0 0.0 4319.48717948718 4076.9230769230776 4393.333333333334 4504.615384615385 4483.076923076924 4707.179487179488 4337.948717948719 4384.615384615385 4725.641025641026 4064.615384615385 3944.1025641025644 4320.512820512821 4611.794871794872 4397.435897435898 1613.0 1712.0 5.816 5.536007404327393 0.0 0.0 0.0 0.0  1  0  0  0  0  0  0  0  0  0  0  0  0  0 
5824 105.0 0.0 0.0 4315.384615384616 4076.9230769230776 4387.179487179487 4503.076923076924 4483.589743589744 4712.307692307693 4349.743589743591 4384.615384615385 4726.666666666667 4061.0256410256416 3943.076923076924 4318.461538461539 4611.282051282052 4391.794871794872 1613.0 1712.0 5.824 5.536007404327393 0.0 0.0 0.0 0.0  1  0  0  0  0  0  0  0  0  0  0  0  0  0 
5832 106.0 0.0 0.0 4328.717948717949 4082.0512820512827 4392.307692307693 4503.076923076924 4484.102564102564 4706.666666666667 4348.717948717949 4380.512820512821 4728.717948717949 4061.0256410256416 3944.1025641025644 4322.564102564103 4615.8974358974365 4394.871794871796 1613.0 1712.0 5.832 5.536007404327393 0.0 0.0 0.0 0.0  1  0  0  0  0  0  0  0  0  0  0  0  0  0 
5840 107.0 0.0 0.0 4330.256410256411 4074.8717948717954 4382.564102564103 4502.051282051282 4487.6923076923085 4706.153846153847 4350.769230769231 4382.051282051282 4727.6923076923085 4064.615384615385 3940.5128205128212 4315.384615384616 4612.820512820514 4395.8974358974365 1614.0 1712.0 5.84 5.536007404327393 0.0 0.0 0.0 0.0  1  0  0  0  0  0  0  0  0  0  0  0  0  0 
5847 108.0 0.0 0.0 4339.48717948718 4072.820512820513 4393.846153846154 4498.461538461539 4482.564102564103 4703.076923076924 4357.948717948719 4382.564102564103 4726.153846153847 4064.615384615385 3941.538461538462 4322.564102564103 4613.846153846154 4400.000000000001 1613.0 1711.0 5.847 5.536007404327393 0.0 0.0 0.0 0.0  1  0  0  0  0  0  0  0  0  0  0  0  0  0 
5855 109.0 0.0 0.0 4324.615384615385 4077.435897435898 4395.384615384616 4497.948717948719 4484.102564102564 4708.205128205129 4356.410256410257 4383.589743589744 4726.666666666667 4061.538461538462 3938.9743589743593 4322.051282051282 4607.6923076923085 4396.410256410257 1614.0 1711.0 5.855 5.536007404327393 0.0 0.0 0.0 0.0  1  0  0  0  0  0  0  0  0  0  0  0  0  0 
5863 110.0 0.0 0.0 4323.589743589744 4076.410256410257 4399.48717948718 4502.051282051282 4483.076923076924 4708.717948717949 4344.102564102564 4381.538461538462 4727.179487179488 4061.538461538462 3939.48717948718 4327.179487179487 4612.307692307693 4397.435897435898 1613.0 1712.0 5.863 5.536007404327393 0.0 0.0 0.0 0.0  1  0  0  0  0  0  0  0  0  0  0  0  0  0 
5871 111.0 0.0 0.0 4318.461538461539 4069.23076923077 4393.333333333334 4502.564102564103 4483.076923076924 4711.794871794872 4336.923076923077 4382.564102564103 4727.179487179488 4061.538461538462 3938.461538461539 4323.076923076924 4614.871794871796 4396.410256410257 1614.0 1712.0 5.871 5.536007404327393 0.0 0.0 0.0 0.0  1  0  0  0  0  0  0  0  0  0  0  0  0  0 
5879 112.0 0.0 0.0 4316.923076923077 4079.48717948718 4396.410256410257 4498.461538461539 4478.461538461539 4705.641025641026 4335.8974358974365 4382.564102564103 4725.128205128206 4059.48717948718 3943.076923076924 4326.153846153847 4613.846153846154 4397.948717948719 1614.0 1710.0 5.879 5.536007404327393 0.0 0.0 0.0 0.0  1  0  0  0  0  0  0  0  0  0  0  0  0  0 
5887 113.0 0.0 0.0 4312.820512820514 4083.589743589744 4394.871794871796 4500.512820512821 4478.974358974359 4706.666666666667 4336.410256410257 4380.512820512821 4727.179487179488 4057.435897435898 3943.076923076924 4325.128205128206 4610.769230769231 4396.410256410257 1613.0 1713.0 5.887 5.536007404327393 0.0 0.0 0.0 0.0  1  0  0  0  0  0  0  0  0  0  0  0  0  0 
5894 114.0 0.0 0.0 4323.076923076924 4074.358974358975 4395.384615384616 4504.615384615385 4483.076923076924 4707.6923076923085 4332.820512820514 4380.000000000001 4728.717948717949 4059.48717948718 3941.0256410256416 4323.076923076924 4616.410256410257 4393.846153846154 1614.0 1711.0 5.894 5.536007404327393 0.0 0.0 0.0 0.0  1  0  0  0  0  0  0  0  0  0  0  0  0  0 
5902 115.0 0.0 0.0 4329.2307692307695 4074.358974358975 4391.794871794872 4503.589743589744 4484.615384615385 4706.666666666667 4327.179487179487 4380.512820512821 4727.179487179488 4063.589743589744 3942.564102564103 4323.076923076924 4617.948717948719 4393.333333333334 1612.0 1712.0 5.902 5.536007404327393 0.0 0.0 0.0 0.0  1  0  0  0  0  0  0  0  0  0  0  0  0  0 
5910 116.0 0.0 0.0 4330.769230769231 4079.48717948718 4387.6923076923085 4500.512820512821 4484.615384615385 4708.205128205129 4326.666666666667 4382.051282051282 4726.153846153847 4063.076923076924 3945.1282051282055 4323.589743589744 4611.794871794872 4395.8974358974365 1614.0 1712.0 5.91 5.536007404327393 0.0 0.0 0.0 0.0  1  0  0  0  0  0  0  0  0  0  0  0  0  0 
5918 117.0 0.0 0.0 4336.923076923077 4074.358974358975 4395.8974358974365 4503.589743589744 4483.076923076924 4706.153846153847 4327.179487179487 4382.051282051282 4727.179487179488 4060.0000000000005 3944.615384615385 4327.179487179487 4614.871794871796 4402.051282051282 1613.0 1711.0 5.918 5.536007404327393 0.0 0.0 0.0 0.0  1  0  0  0  0  0  0  0  0  0  0  0  0  0 
5926 118.0 0.0 0.0 4331.282051282052 4072.307692307693 4393.333333333334 4505.641025641026 4483.076923076924 4705.641025641026 4329.2307692307695 4383.589743589744 4727.6923076923085 4061.538461538462 3937.9487179487182 4319.48717948718 4617.948717948719 4401.538461538462 1614.0 1712.0 5.926 5.536007404327393 0.0 0.0 0.0 0.0  1  0  0  0  0  0  0  0  0  0  0  0  0  0 
5933 119.0 0.0 0.0 4327.6923076923085 4080.0000000000005 4392.820512820514 4505.128205128206 4480.000000000001 4703.076923076924 4332.820512820514 4381.538461538462 4727.179487179488 4065.6410256410263 3940.5128205128212 4323.076923076924 4620.000000000001 4401.538461538462 1613.0 1711.0 5.933 5.536007404327393 0.0 0.0 0.0 0.0  1  0  0  0  0  0  0  0  0  0  0  0  0  0 
5941 120.0 0.0 0.0 4314.358974358975 4077.9487179487187 4391.282051282052 4503.076923076924 4483.589743589744 4706.666666666667 4332.307692307693 4384.102564102564 4727.179487179488 4064.1025641025644 3942.564102564103 4322.564102564103 4612.307692307693 4395.8974358974365 1614.0 1712.0 5.941 5.536007404327393 0.0 0.0 0.0 0.0  1  0  0  0  0  0  0  0  0  0  0  0  0  0 
5949 121.0 0.0 0.0 4320.512820512821 4076.9230769230776 4404.102564102564 4502.564102564103 4480.512820512821 4704.615384615386 4325.128205128206 4383.589743589744 4726.666666666667 4062.0512820512827 3944.1025641025644 4329.743589743591 4616.410256410257 4398.461538461539 1613.0 1711.0 5.949 5.536007404327393 0.0 0.0 0.0 0.0  1  0  0  0  0  0  0  0  0  0  0  0  0  0 
5957 122.0 0.0 0.0 4317.435897435898 4076.9230769230776 4396.923076923077 4498.974358974359 4483.589743589744 4709.2307692307695 4331.794871794872 4382.564102564103 4725.641025641026 4061.0256410256416 3941.0256410256416 4323.076923076924 4616.410256410257 4395.384615384616 1613.0 1712.0 5.957 5.536007404327393 0.0 0.0 0.0 0.0  1  0  0  0  0  0  0  0  0  0  0  0  0  0 
5965 123.0 0.0 0.0 4330.256410256411 4076.410256410257 4401.538461538462 4496.410256410257 4481.025641025642 4704.615384615386 4342.051282051282 4380.512820512821 4724.615384615386 4061.538461538462 3945.6410256410263 4327.179487179487 4620.512820512821 4396.410256410257 1614.0 1711.0 5.965 5.536007404327393 0.0 0.0 0.0 0.0  1  0  0  0  0  0  0  0  0  0  0  0  0  0 
5973 124.0 0.0 0.0 4324.102564102564 4074.8717948717954 4393.333333333334 4499.48717948718 4482.564102564103 4707.6923076923085 4336.923076923077 4383.076923076924 4727.179487179488 4061.0256410256416 3944.1025641025644 4321.538461538462 4613.846153846154 4394.358974358975 1612.0 1713.0 5.973 5.536007404327393 0.0 0.0 0.0 0.0  1  0  0  0  0  0  0  0  0  0  0  0  0  0 
5980 125.0 0.0 0.0 4331.794871794872 4080.0000000000005 4400.000000000001 4502.564102564103 4481.025641025642 4704.615384615386 4321.025641025642 4380.512820512821 4728.205128205129 4061.538461538462 3942.564102564103 4326.153846153847 4612.820512820514 4400.512820512821 1614.0 1711.0 5.98 5.536007404327393 0.0 0.0 0.0 0.0  1  0  0  0  0  0  0  0  0  0  0  0  0  0 
5988 126.0 0.0 0.0 4327.6923076923085 4080.5128205128212 4394.871794871796 4500.512820512821 4483.589743589744 4707.179487179488 4316.410256410257 4381.538461538462 4727.6923076923085 4060.0000000000005 3940.0000000000005 4320.512820512821 4609.743589743591 4396.410256410257 1613.0 1712.0 5.988 5.536007404327393 0.0 0.0 0.0 0.0  1  0  0  0  0  0  0  0  0  0  0  0  0  0 
5996 127.0 0.0 0.0 4335.384615384616 4081.538461538462 4392.820512820514 4500.512820512821 4481.538461538462 4705.641025641026 4320.512820512821 4383.076923076924 4727.6923076923085 4059.48717948718 3941.0256410256416 4321.025641025642 4617.435897435898 4393.846153846154 1614.0 1712.0 5.996 5.536007404327393 0.0 0.0 0.0 0.0  1  0  0  0  0  0  0  0  0  0  0  0  0  0 
6004 128.0 0.0 0.0 4328.717948717949 4078.9743589743593 4387.179487179487 4504.615384615385 4484.102564102564 4708.717948717949 4321.025641025642 4382.564102564103 4729.2307692307695 4059.48717948718 3938.9743589743593 4319.48717948718 4615.384615384616 4395.384615384616 1613.0 1711.0 6.004 5.536007404327393 0.0 0.0 0.0 0.0  1  0  0  0  0  0  0  0  0  0  0  0  0  0 
6012 0.0 0.0 1.0 4325.641025641026 4076.410256410257 4396.410256410257 4503.076923076924 4482.564102564103 4707.179487179488 4320.512820512821 4382.051282051282 4727.6923076923085 4060.0000000000005 3939.48717948718 4324.102564102564 4610.256410256411 4400.000000000001 1613.0 1712.0 6.012 5.536007404327393 0.0 0.0 0.0 0.0  1  0  0  0  0  0  0  0  0  0  0  0  0  0 
6019 1.0 0.0 0.0 4327.179487179487 4076.9230769230776 4393.846153846154 4501.025641025642 4482.051282051282 4706.666666666667 4335.8974358974365 4384.615384615385 4727.179487179488 4061.538461538462 3940.0000000000005 4323.589743589744 4611.282051282052 4397.435897435898 1614.0 1711.0 6.019 5.536007404327393 0.0 0.0 0.0 0.0  1  0  0  0  0  0  0  0  0  0  0  0  0  0 
6027 2.0 0.0 0.0 4330.769230769231 4078.461538461539 4388.717948717949 4503.589743589744 4484.615384615385 4708.717948717949 4359.48717948718 4381.538461538462 4728.205128205129 4064.615384615385 3941.0256410256416 4320.512820512821 4615.384615384616 4396.923076923077 1613.0 1712.0 6.027 5.536007404327393 0.0 0.0 0.0 0.0  1  0  0  0  0  0  0  0  0  0  0  0  0  0 
6035 3.0 0.0 0.0 4327.6923076923085 4076.9230769230776 4393.846153846154 4505.128205128206 4485.128205128206 4712.307692307693 4364.102564102564 4378.974358974359 4726.666666666667 4063.589743589744 3944.1025641025644 4323.076923076924 4615.8974358974365 4400.512820512821 1613.0 1711.0 6.035 5.536007404327393 0.0 0.0 0.0 0.0  1  0  0  0  0  0  0  0  0  0  0  0  0  0 
6043 4.0 0.0 0.0 4320.512820512821 4080.0000000000005 4392.820512820514 4500.000000000001 4485.128205128206 4713.846153846154 4353.333333333334 4383.076923076924 4724.615384615386 4060.5128205128212 3941.0256410256416 4321.025641025642 4613.333333333334 4395.384615384616 1613.0 1712.0 6.043 5.536007404327393 0.0 0.0 0.0 0.0  1  0  0  0  0  0  0  0  0  0  0  0  0  0 
6052 5.0 0.0 0.0 4323.076923076924 4083.076923076924 4394.358974358975 4501.025641025642 4482.051282051282 4709.2307692307695 4348.205128205129 4382.564102564103 4725.641025641026 4062.564102564103 3939.48717948718 4323.076923076924 4614.871794871796 4390.256410256411 1613.0 1711.0 6.052 5.536007404327393 0.0 0.0 0.0 0.0  1  0  0  0  0  0  0  0  0  0  0  0  0  0 
6059 6.0 0.0 0.0 4314.871794871796 4077.435897435898 4391.794871794872 4505.641025641026 4484.102564102564 4710.769230769231 4347.179487179487 4382.051282051282 4727.179487179488 4064.1025641025644 3941.538461538462 4320.512820512821 4610.769230769231 4390.256410256411 1612.0 1712.0 6.059 6.005160808563232 0.0 0.0 0.0 0.0  1  0  0  0  0  0  0  0  0  0  0  0  0  0 
6066 7.0 0.0 0.0 4320.000000000001 4077.9487179487187 4401.025641025642 4504.615384615385 4483.589743589744 4709.2307692307695 4340.000000000001 4383.589743589744 4726.153846153847 4063.589743589744 3946.1538461538466 4325.641025641026 4615.8974358974365 4396.410256410257 1615.0 1711.0 6.066 6.005160808563232 0.0 0.0 0.0 0.0  1  0  0  0  0  0  0  0  0  0  0  0  0  0 
6074 8.0 0.0 0.0 4318.974358974359 4077.435897435898 4395.384615384616 4498.461538461539 4486.153846153847 4710.769230769231 4334.871794871796 4385.641025641026 4727.179487179488 4061.538461538462 3940.0000000000005 4318.974358974359 4613.333333333334 4391.282051282052 1613.0 1711.0 6.074 6.005160808563232 0.0 0.0 0.0 0.0  1  0  0  0  0  0  0  0  0  0  0  0  0  0 
6082 9.0 0.0 0.0 4328.205128205129 4073.333333333334 4396.410256410257 4502.051282051282 4483.589743589744 4704.615384615386 4335.384615384616 4380.000000000001 4729.2307692307695 4061.0256410256416 3939.48717948718 4324.615384615385 4616.410256410257 4396.410256410257 1613.0 1712.0 6.082 6.005160808563232 0.0 0.0 0.0 0.0  1  0  0  0  0  0  0  0  0  0  0  0  0  0 
6090 10.0 0.0 0.0 4320.000000000001 4070.7692307692314 4389.743589743591 4505.641025641026 4486.666666666667 4707.179487179488 4336.410256410257 4381.538461538462 4728.205128205129 4061.538461538462 3939.48717948718 4320.000000000001 4612.307692307693 4398.461538461539 1613.0 1711.0 6.09 6.036437511444092 0.0 0.0 0.0 0.0  1  0  0  0  0  0  0  0  0  0  0  0  0  0 
6098 11.0 0.0 0.0 4332.307692307693 4078.461538461539 4398.974358974359 4501.025641025642 4482.051282051282 4707.179487179488 4326.666666666667 4381.538461538462 4725.128205128206 4064.1025641025644 3941.0256410256416 4324.102564102564 4615.384615384616 4400.000000000001 1614.0 1712.0 6.098 6.036437511444092 0.0 0.0 0.0 0.0  1  0  0  0  0  0  0  0  0  0  0  0  0  0 
6106 12.0 0.0 0.0 4326.666666666667 4078.461538461539 4389.2307692307695 4500.512820512821 4483.589743589744 4711.794871794872 4317.435897435898 4382.051282051282 4726.666666666667 4062.564102564103 3937.435897435898 4320.512820512821 4609.743589743591 4393.846153846154 1613.0 1711.0 6.106 6.036437511444092 0.0 0.0 0.0 0.0  1  0  0  0  0  0  0  0  0  0  0  0  0  0 
6113 13.0 0.0 0.0 4326.666666666667 4077.9487179487187 4390.256410256411 4506.153846153847 4482.051282051282 4707.6923076923085 4317.435897435898 4381.025641025642 4727.6923076923085 4062.0512820512827 3940.0000000000005 4328.717948717949 4613.846153846154 4395.384615384616 1612.0 1712.0 6.113 6.036437511444092 0.0 0.0 0.0 0.0  1  0  0  0  0  0  0  0  0  0  0  0  0  0 
6121 14.0 0.0 0.0 4318.461538461539 4079.48717948718 4391.282051282052 4504.102564102564 4482.564102564103 4709.743589743591 4324.615384615385 4382.051282051282 4726.153846153847 4062.564102564103 3938.461538461539 4325.128205128206 4613.333333333334 4395.384615384616 1614.0 1711.0 6.121 6.036437511444092 0.0 0.0 0.0 0.0  1  0  0  0  0  0  0  0  0  0  0  0  0  0 
6129 15.0 0.0 0.0 4327.179487179487 4080.5128205128212 4398.461538461539 4501.025641025642 4482.051282051282 4709.743589743591 4328.205128205129 4381.025641025642 4724.102564102564 4061.0256410256416 3938.9743589743593 4323.076923076924 4614.358974358975 4397.948717948719 1613.0 1712.0 6.129 6.036437511444092 0.0 0.0 0.0 0.0  1  0  0  0  0  0  0  0  0  0  0  0  0  0 
6137 16.0 0.0 0.0 4325.128205128206 4077.435897435898 4389.743589743591 4505.128205128206 4483.589743589744 4712.307692307693 4337.435897435898 4381.025641025642 4724.615384615386 4061.538461538462 3940.5128205128212 4320.000000000001 4612.820512820514 4395.384615384616 1613.0 1712.0 6.137 6.036437511444092 0.0 0.0 0.0 0.0  1  0  0  0  0  0  0  0  0  0  0  0  0  0 
6145 17.0 0.0 0.0 4326.153846153847 4076.9230769230776 4392.307692307693 4504.102564102564 4481.025641025642 4709.743589743591 4346.153846153847 4381.538461538462 4726.666666666667 4064.615384615385 3941.538461538462 4322.051282051282 4613.333333333334 4396.410256410257 1613.0 1712.0 6.145 6.036437511444092 0.0 0.0 0.0 0.0  1  0  0  0  0  0  0  0  0  0  0  0  0  0 
6152 18.0 0.0 0.0 4328.205128205129 4075.3846153846157 4402.564102564103 4498.461538461539 4482.051282051282 4708.717948717949 4340.512820512821 4379.48717948718 4726.666666666667 4062.564102564103 3940.0000000000005 4323.076923076924 4613.333333333334 4400.512820512821 1614.0 1711.0 6.152 6.036437511444092 0.0 0.0 0.0 0.0  1  0  0  0  0  0  0  0  0  0  0  0  0  0 
6160 19.0 0.0 0.0 4326.153846153847 4075.3846153846157 4403.076923076924 4497.435897435898 4484.102564102564 4710.769230769231 4328.205128205129 4380.512820512821 4726.666666666667 4060.0000000000005 3938.9743589743593 4319.48717948718 4612.307692307693 4396.923076923077 1612.0 1711.0 6.16 6.036437511444092 0.0 0.0 0.0 0.0  1  0  0  0  0  0  0  0  0  0  0  0  0  0 
6168 20.0 0.0 0.0 4324.615384615385 4078.9743589743593 4397.948717948719 4502.564102564103 4481.538461538462 4710.256410256411 4323.076923076924 4382.564102564103 4725.128205128206 4061.538461538462 3940.5128205128212 4322.564102564103 4614.871794871796 4395.384615384616 1614.0 1712.0 6.168 6.036437511444092 0.0 0.0 0.0 0.0  1  0  0  0  0  0  0  0  0  0  0  0  0  0 
6176 21.0 0.0 0.0 4319.48717948718 4079.48717948718 4394.871794871796 4503.589743589744 4484.615384615385 4710.769230769231 4324.102564102564 4382.051282051282 4724.615384615386 4061.538461538462 3940.0000000000005 4322.564102564103 4612.307692307693 4396.410256410257 1613.0 1711.0 6.176 6.036437511444092 0.0 0.0 0.0 0.0  1  0  0  0  0  0  0  0  0  0  0  0  0  0 
6184 22.0 0.0 0.0 4328.717948717949 4079.48717948718 4404.615384615385 4502.564102564103 4486.153846153847 4709.2307692307695 4321.025641025642 4381.025641025642 4726.153846153847 4060.5128205128212 3942.0512820512827 4327.179487179487 4613.333333333334 4396.923076923077 1613.0 1713.0 6.184 6.036437511444092 0.0 0.0 0.0 0.0  1  0  0  0  0  0  0  0  0  0  0  0  0  0 
6192 23.0 0.0 0.0 4324.615384615385 4078.461538461539 4392.307692307693 4502.564102564103 4486.666666666667 4713.846153846154 4315.384615384616 4384.102564102564 4729.2307692307695 4061.0256410256416 3938.9743589743593 4321.025641025642 4611.282051282052 4391.282051282052 1613.0 1711.0 6.192 6.036437511444092 0.0 0.0 0.0 0.0  1  0  0  0  0  0  0  0  0  0  0  0  0  0 
6199 24.0 0.0 0.0 4328.717948717949 4081.0256410256416 4390.769230769231 4506.666666666667 4480.512820512821 4709.2307692307695 4308.205128205129 4381.538461538462 4727.6923076923085 4063.589743589744 3943.076923076924 4326.153846153847 4615.8974358974365 4396.410256410257 1613.0 1712.0 6.199 6.036437511444092 0.0 0.0 0.0 0.0  1  0  0  0  0  0  0  0  0  0  0  0  0  0 
6207 25.0 0.0 0.0 4323.076923076924 4077.435897435898 4388.205128205129 4505.641025641026 4482.564102564103 4708.205128205129 4311.794871794872 4378.461538461539 4725.128205128206 4063.589743589744 3941.538461538462 4322.051282051282 4611.794871794872 4396.410256410257 1613.0 1712.0 6.207 6.036437511444092 0.0 0.0 0.0 0.0  1  0  0  0  0  0  0  0  0  0  0  0  0  0 
6215 26.0 0.0 0.0 4332.820512820514 4075.8974358974365 4398.461538461539 4502.564102564103 4481.025641025642 4704.615384615386 4327.179487179487 4377.948717948719 4725.641025641026 4062.564102564103 3940.5128205128212 4325.641025641026 4614.871794871796 4398.461538461539 1613.0 1711.0 6.215 6.036437511444092 0.0 0.0 0.0 0.0  1  0  0  0  0  0  0  0  0  0  0  0  0  0 
6223 27.0 0.0 0.0 4324.102564102564 4077.435897435898 4390.256410256411 4505.128205128206 4484.102564102564 4710.256410256411 4338.461538461539 4383.076923076924 4727.6923076923085 4061.0256410256416 3938.461538461539 4318.461538461539 4613.333333333334 4396.410256410257 1614.0 1711.0 6.223 6.036437511444092 0.0 0.0 0.0 0.0  1  0  0  0  0  0  0  0  0  0  0  0  0  0 
6231 28.0 0.0 0.0 4327.6923076923085 4083.589743589744 4399.48717948718 4506.153846153847 4479.48717948718 4707.179487179488 4330.769230769231 4383.076923076924 4727.6923076923085 4062.564102564103 3943.589743589744 4325.641025641026 4620.000000000001 4400.512820512821 1613.0 1712.0 6.231 6.036437511444092 0.0 0.0 0.0 0.0  1  0  0  0  0  0  0  0  0  0  0  0  0  0 
6238 29.0 0.0 0.0 4322.051282051282 4078.461538461539 4397.948717948719 4500.512820512821 4481.025641025642 4710.256410256411 4323.076923076924 4381.025641025642 4727.179487179488 4064.1025641025644 3942.0512820512827 4322.564102564103 4615.8974358974365 4397.435897435898 1614.0 1712.0 6.238 6.036437511444092 0.0 0.0 0.0 0.0  1  0  0  0  0  0  0  0  0  0  0  0  0  0 
6246 30.0 0.0 0.0 4328.717948717949 4073.8461538461543 4398.974358974359 4498.974358974359 4478.974358974359 4709.2307692307695 4324.102564102564 4378.461538461539 4725.641025641026 4064.1025641025644 3941.538461538462 4324.615384615385 4612.820512820514 4396.410256410257 1613.0 1712.0 6.246 6.036437511444092 0.0 0.0 0.0 0.0  1  0  0  0  0  0  0  0  0  0  0  0  0  0 
6254 31.0 0.0 0.0 4321.025641025642 4076.9230769230776 4390.769230769231 4503.589743589744 4483.076923076924 4713.333333333334 4322.564102564103 4383.589743589744 4727.179487179488 4061.538461538462 3943.076923076924 4322.564102564103 4609.743589743591 4391.794871794872 1614.0 1712.0 6.254 6.036437511444092 0.0 0.0 0.0 0.0  1  0  0  0  0  0  0  0  0  0  0  0  0  0 
6262 32.0 0.0 0.0 4322.564102564103 4081.538461538462 4397.435897435898 4503.076923076924 4483.589743589744 4713.333333333334 4311.282051282052 4384.615384615385 4729.2307692307695 4062.564102564103 3945.1282051282055 4325.641025641026 4614.358974358975 4393.333333333334 1613.0 1712.0 6.262 6.036437511444092 0.0 0.0 0.0 0.0  1  0  0  0  0  0  0  0  0  0  0  0  0  0 
6270 33.0 0.0 0.0 4322.051282051282 4078.9743589743593 4396.923076923077 4500.000000000001 4483.076923076924 4713.333333333334 4309.2307692307695 4380.000000000001 4726.666666666667 4064.1025641025644 3942.0512820512827 4323.589743589744 4614.358974358975 4393.846153846154 1613.0 1711.0 6.27 6.036437511444092 0.0 0.0 0.0 0.0  1  0  0  0  0  0  0  0  0  0  0  0  0  0 
6278 34.0 0.0 0.0 4326.666666666667 4077.435897435898 4394.871794871796 4503.076923076924 4483.076923076924 4710.256410256411 4316.410256410257 4378.974358974359 4723.589743589744 4064.1025641025644 3937.9487179487182 4322.564102564103 4610.256410256411 4394.871794871796 1613.0 1712.0 6.278 6.036437511444092 0.0 0.0 0.0 0.0  1  0  0  0  0  0  0  0  0  0  0  0  0  0 
6285 35.0 0.0 0.0 4330.256410256411 4076.9230769230776 4397.435897435898 4504.102564102564 4483.589743589744 4709.2307692307695 4313.846153846154 4381.025641025642 4725.641025641026 4062.0512820512827 3938.9743589743593 4324.615384615385 4611.282051282052 4397.435897435898 1614.0 1711.0 6.285 6.036437511444092 0.0 0.0 0.0 0.0  1  0  0  0  0  0  0  0  0  0  0  0  0  0 
6293 36.0 0.0 0.0 4330.769230769231 4076.9230769230776 4396.410256410257 4499.48717948718 4484.102564102564 4711.282051282052 4306.153846153847 4382.564102564103 4728.205128205129 4060.0000000000005 3941.538461538462 4320.000000000001 4613.333333333334 4396.923076923077 1613.0 1712.0 6.293 6.036437511444092 0.0 0.0 0.0 0.0  1  0  0  0  0  0  0  0  0  0  0  0  0  0 
6301 37.0 0.0 0.0 4331.794871794872 4077.9487179487187 4398.974358974359 4499.48717948718 4482.051282051282 4711.282051282052 4312.307692307693 4382.051282051282 4727.6923076923085 4060.5128205128212 3943.076923076924 4319.48717948718 4614.358974358975 4399.48717948718 1613.0 1711.0 6.301 6.036437511444092 0.0 0.0 0.0 0.0  1  0  0  0  0  0  0  0  0  0  0  0  0  0 
6309 38.0 0.0 0.0 4323.076923076924 4074.358974358975 4394.871794871796 4502.564102564103 4486.153846153847 4713.846153846154 4323.589743589744 4383.589743589744 4727.6923076923085 4061.0256410256416 3939.48717948718 4317.948717948719 4609.743589743591 4396.923076923077 1613.0 1712.0 6.309 6.255375862121582 0.0 0.0 0.0 0.0  1  0  0  0  0  0  0  0  0  0  0  0  0  0 
6317 39.0 0.0 0.0 4328.717948717949 4074.358974358975 4398.461538461539 4502.051282051282 4483.589743589744 4708.205128205129 4328.205128205129 4381.538461538462 4728.717948717949 4060.5128205128212 3940.5128205128212 4324.615384615385 4612.820512820514 4398.974358974359 1615.0 1712.0 6.317 6.255375862121582 0.0 0.0 0.0 0.0  1  0  0  0  0  0  0  0  0  0  0  0  0  0 
6324 40.0 0.0 0.0 4319.48717948718 4076.9230769230776 4389.2307692307695 4497.948717948719 4485.641025641026 4711.794871794872 4331.282051282052 4381.538461538462 4727.6923076923085 4060.5128205128212 3938.9743589743593 4318.974358974359 4610.769230769231 4394.871794871796 1613.0 1711.0 6.324 6.255375862121582 0.0 0.0 0.0 0.0  1  0  0  0  0  0  0  0  0  0  0  0  0  0 
6332 41.0 0.0 0.0 4325.128205128206 4082.0512820512827 4401.538461538462 4501.538461538462 4484.615384615385 4710.769230769231 4332.307692307693 4381.025641025642 4725.128205128206 4063.076923076924 3942.564102564103 4324.102564102564 4615.8974358974365 4395.384615384616 1612.0 1713.0 6.332 6.255375862121582 0.0 0.0 0.0 0.0  1  0  0  0  0  0  0  0  0  0  0  0  0  0 
6340 42.0 0.0 0.0 4327.179487179487 4078.9743589743593 4392.307692307693 4505.641025641026 4485.641025641026 4712.307692307693 4336.410256410257 4382.564102564103 4724.102564102564 4062.0512820512827 3939.48717948718 4323.076923076924 4612.820512820514 4392.307692307693 1614.0 1711.0 6.34 6.255375862121582 0.0 0.0 0.0 0.0  1  0  0  0  0  0  0  0  0  0  0  0  0  0 
6348 43.0 0.0 0.0 4341.538461538462 4078.9743589743593 4391.794871794872 4502.564102564103 4480.512820512821 4708.717948717949 4340.000000000001 4378.974358974359 4725.641025641026 4060.5128205128212 3940.5128205128212 4330.256410256411 4615.384615384616 4397.948717948719 1613.0 1711.0 6.348 6.255375862121582 0.0 0.0 0.0 0.0  1  0  0  0  0  0  0  0  0  0  0  0  0  0 
6356 44.0 0.0 0.0 4324.102564102564 4077.9487179487187 4399.48717948718 4497.948717948719 4483.589743589744 4714.871794871796 4344.102564102564 4378.461538461539 4727.179487179488 4060.0000000000005 3937.435897435898 4320.000000000001 4610.256410256411 4394.871794871796 1614.0 1711.0 6.356 6.255375862121582 0.0 0.0 0.0 0.0  1  0  0  0  0  0  0  0  0  0  0  0  0  0 
6364 45.0 0.0 0.0 4320.512820512821 4078.461538461539 4416.923076923077 4501.538461538462 4481.538461538462 4710.256410256411 4340.000000000001 4380.000000000001 4727.179487179488 4062.0512820512827 3940.0000000000005 4318.461538461539 4613.846153846154 4393.846153846154 1613.0 1711.0 6.364 6.255375862121582 0.0 0.0 0.0 0.0  1  0  0  0  0  0  0  0  0  0  0  0  0  0 
6371 46.0 0.0 0.0 