1868 115.0 0.0 0.0 4500.512820512821 4069.23076923077 4402.051282051282 4512.820512820514 4489.743589743591 4723.076923076924 4409.743589743591 4384.102564102564 4722.564102564103 4064.615384615385 3932.820512820513 4319.48717948718 4608.717948717949 4393.333333333334 1613.0 1713.0 1.868 1.8140590190887451 0.0 0.0 0.0 0.0  1  0  0  0  0  0  0  0  0  0  0  0  0  0 
1876 116.0 0.0 0.0 4495.384615384616 4072.307692307693 4403.589743589744 4508.717948717949 4491.282051282052 4723.076923076924 4410.256410256411 4384.615384615385 4724.615384615386 4067.1794871794878 3935.3846153846157 4321.538461538462 4610.769230769231 4395.8974358974365 1613.0 1711.0 1.876 1.8140590190887451 0.0 0.0 0.0 0.0  1  0  0  0  0  0  0  0  0  0  0  0  0  0 
1884 117.0 0.0 0.0 4502.564102564103 4076.9230769230776 4405.641025641026 4507.6923076923085 4486.666666666667 4716.923076923077 4407.6923076923085 4382.051282051282 4728.205128205129 4068.717948717949 3935.3846153846157 4326.153846153847 4614.871794871796 4399.48717948718 1613.0 1712.0 1.884 1.8140590190887451 0.0 0.0 0.0 0.0  1  0  0  0  0  0  0  0  0  0  0  0  0  0 
1892 118.0 0.0 0.0 4510.256410256411 4073.8461538461543 4396.410256410257 4515.8974358974365 4484.615384615385 4714.871794871796 4409.2307692307695 4380.512820512821 4727.179487179488 4067.1794871794878 3934.8717948717954 4323.589743589744 4613.333333333334 4400.000000000001 1613.0 1712.0 1.892 1.8140590190887451 0.0 0.0 0.0 0.0  1  0  0  0  0  0  0  0  0  0  0  0  0  0 
1899 119.0 0.0 0.0 4523.076923076924 4076.9230769230776 4407.6923076923085 4517.948717948719 4482.051282051282 4709.743589743591 4420.000000000001 4379.48717948718 4725.128205128206 4068.205128205129 3940.0000000000005 4332.307692307693 4618.461538461539 4404.615384615385 1613.0 1712.0 1.899 1.8140590190887451 0.0 0.0 0.0 0.0  1  0  0  0  0  0  0  0  0  0  0  0  0  0 
1907 120.0 0.0 0.0 4517.948717948719 4080.0000000000005 4410.769230769231 4509.743589743591 4483.076923076924 4708.205128205129 4423.076923076924 4382.051282051282 4729.2307692307695 4069.7435897435903 3938.461538461539 4330.256410256411 4623.076923076924 4404.615384615385 1613.0 1712.0 1.907 1.8140590190887451 0.0 0.0 0.0 0.0  1  0  0  0  0  0  0  0  0  0  0  0  0  0 
1915 121.0 0.0 0.0 4530.256410256411 4078.9743589743593 4421.538461538462 4514.358974358975 4476.923076923077 4702.051282051282 4413.333333333334 4380.000000000001 4729.743589743591 4071.2820512820517 3941.0256410256416 4336.923076923077 4628.717948717949 4406.666666666667 1613.0 1712.0 1.915 1.8140590190887451 0.0 0.0 0.0 0.0  1  0  0  0  0  0  0  0  0  0  0  0  0  0 
1923 122.0 0.0 0.0 4528.717948717949 4073.333333333334 4428.717948717949 4521.538461538462 4474.871794871796 4701.538461538462 4409.2307692307695 4378.974358974359 4728.717948717949 4071.7948717948725 3943.076923076924 4336.410256410257 4625.641025641026 4402.051282051282 1614.0 1712.0 1.923 1.8140590190887451 0.0 0.0 0.0 0.0  1  0  0  0  0  0  0  0  0  0  0  0  0  0 
1931 123.0 0.0 0.0 4532.307692307693 4074.8717948717954 4446.666666666667 4516.410256410257 4471.282051282052 4696.410256410257 4405.641025641026 4376.923076923077 4726.666666666667 4070.2564102564106 3947.1794871794878 4343.076923076924 4628.717948717949 4405.128205128206 1614.0 1712.0 1.931 1.8766127824783325 0.0 0.0 0.0 0.0  1  0  0  0  0  0  0  0  0  0  0  0  0  0 
1939 124.0 0.0 0.0 4529.2307692307695 4073.333333333334 4440.000000000001 4513.333333333334 4474.871794871796 4698.974358974359 4396.410256410257 4380.000000000001 4725.641025641026 4068.717948717949 3947.1794871794878 4341.025641025642 4629.2307692307695 4404.102564102564 1613.0 1711.0 1.939 1.8766127824783325 0.0 0.0 0.0 0.0  1  0  0  0  0  0  0  0  0  0  0  0  0  0 
1946 125.0 0.0 0.0 4540.000000000001 4074.8717948717954 4433.333333333334 4521.538461538462 4473.846153846154 4697.948717948719 4389.743589743591 4379.48717948718 4728.205128205129 4070.7692307692314 3949.2307692307695 4347.179487179487 4631.794871794872 4404.102564102564 1613.0 1713.0 1.946 1.8766127824783325 0.0 0.0 0.0 0.0  1  0  0  0  0  0  0  0  0  0  0  0  0  0 
1954 126.0 0.0 0.0 4531.794871794872 4076.9230769230776 4430.256410256411 4522.051282051282 4472.820512820514 4701.025641025642 4398.461538461539 4378.461538461539 4729.743589743591 4068.717948717949 3946.666666666667 4348.205128205129 4629.2307692307695 4405.641025641026 1614.0 1712.0 1.954 1.8766127824783325 0.0 0.0 0.0 0.0  1  0  0  0  0  0  0  0  0  0  0  0  0  0 
1962 127.0 0.0 0.0 4523.076923076924 4076.9230769230776 4431.282051282052 4517.435897435898 4473.333333333334 4704.102564102564 4419.48717948718 4376.410256410257 4726.666666666667 4065.6410256410263 3943.589743589744 4345.641025641026 4625.641025641026 4408.205128205129 1613.0 1713.0 1.962 1.8766127824783325 0.0 0.0 0.0 0.0  1  0  0  0  0  0  0  0  0  0  0  0  0  0 
1970 128.0 0.0 0.0 4535.384615384616 4075.3846153846157 4429.743589743591 4520.512820512821 4471.282051282052 4698.461538461539 4440.000000000001 4375.384615384616 4730.256410256411 4070.7692307692314 3947.692307692308 4348.205128205129 4631.794871794872 4411.794871794872 1613.0 1712.0 1.97 1.8766127824783325 0.0 0.0 0.0 0.0  1  0  0  0  0  0  0  0  0  0  0  0  0  0 
1978 0.0 0.0 0.0 4539.48717948718 4074.8717948717954 4432.820512820514 4521.538461538462 4472.307692307693 4696.410256410257 4438.974358974359 4374.358974358975 4731.794871794872 4072.820512820513 3949.2307692307695 4349.2307692307695 4635.8974358974365 4412.307692307693 1613.0 1713.0 1.978 1.8766127824783325 0.0 0.0 0.0 0.0  1  0  0  0  0  0  0  0  0  0  0  0  0  0 
1985 1.0 0.0 0.0 4527.179487179488 4074.358974358975 4437.435897435898 4515.384615384616 4474.358974358975 4702.564102564103 4416.410256410257 4375.384615384616 4727.6923076923085 4067.692307692308 3946.1538461538466 4346.153846153847 4629.743589743591 4411.282051282052 1614.0 1711.0 1.985 1.8766127824783325 0.0 0.0 0.0 0.0  1  0  0  0  0  0  0  0  0  0  0  0  0  0 
1993 2.0 0.0 0.0 4524.615384615385 4071.7948717948725 4430.256410256411 4515.384615384616 4476.923076923077 4705.641025641026 4406.666666666667 4378.974358974359 4729.743589743591 4066.1538461538466 3942.564102564103 4340.512820512821 4625.128205128206 4406.666666666667 1613.0 1712.0 1.993 1.8766127824783325 0.0 0.0 0.0 0.0  1  0  0  0  0  0  0  0  0  0  0  0  0  0 
2001 3.0 0.0 0.0 4544.615384615385 4073.333333333334 4438.461538461539 4521.025641025642 4470.769230769231 4695.384615384616 4418.461538461539 4375.384615384616 4732.307692307693 4069.7435897435903 3948.717948717949 4347.6923076923085 4637.435897435898 4408.717948717949 1614.0 1711.0 2.001 1.8766127824783325 0.0 0.0 0.0 0.0  1  0  0  0  0  0  0  0  0  0  0  0  0  0 
2009 4.0 0.0 0.0 4543.589743589744 4076.410256410257 4456.410256410257 4519.48717948718 4465.128205128206 4690.256410256411 4423.589743589744 4374.871794871796 4730.256410256411 4072.307692307693 3954.358974358975 4351.794871794872 4639.48717948718 4410.256410256411 1613.0 1711.0 2.009 1.8766127824783325 0.0 0.0 0.0 0.0  1  0  0  0  0  0  0  0  0  0  0  0  0  0 
2017 5.0 0.0 0.0 4552.820512820514 4076.410256410257 4481.538461538462 4520.512820512821 4456.410256410257 4680.000000000001 4409.743589743591 4373.846153846154 4730.769230769231 4072.820512820513 3959.48717948718 4367.179487179487 4642.564102564103 4416.410256410257 1613.0 1712.0 2.017 1.8766127824783325 0.0 0.0 0.0 0.0  1  0  0  0  0  0  0  0  0  0  0  0  0  0 
2025 6.0 0.0 0.0 4556.410256410257 4071.7948717948725 4482.564102564103 4530.256410256411 4455.384615384616 4674.871794871796 4409.2307692307695 4371.282051282052 4735.384615384616 4072.307692307693 3958.9743589743593 4371.282051282052 4647.179487179488 4418.974358974359 1613.0 1711.0 2.025 1.8766127824783325 0.0 0.0 0.0 0.0  1  0  0  0  0  0  0  0  0  0  0  0  0  0 
2032 7.0 0.0 0.0 4560.000000000001 4074.358974358975 4485.128205128206 4532.307692307693 4454.358974358975 4672.820512820514 4411.794871794872 4368.205128205129 4732.820512820514 4071.7948717948725 3959.48717948718 4375.8974358974365 4652.307692307693 4418.461538461539 1612.0 1712.0 2.032 1.8766127824783325 0.0 0.0 0.0 0.0  1  0  0  0  0  0  0  0  0  0  0  0  0  0 
2040 8.0 0.0 0.0 4546.666666666667 4071.2820512820517 4470.256410256411 4523.589743589744 4460.512820512821 4682.051282051282 4408.205128205129 4373.846153846154 4731.282051282052 4070.7692307692314 3955.3846153846157 4370.256410256411 4644.102564102564 4412.307692307693 1613.0 1712.0 2.04 1.8766127824783325 0.0 0.0 0.0 0.0  1  0  0  0  0  0  0  0  0  0  0  0  0  0 
2048 9.0 0.0 0.0 4535.384615384616 4067.692307692308 4455.384615384616 4522.051282051282 4469.743589743591 4696.410256410257 4415.8974358974365 4376.410256410257 4728.205128205129 4069.23076923077 3947.1794871794878 4359.48717948718 4631.794871794872 4409.2307692307695 1613.0 1712.0 2.048 1.8766127824783325 0.0 0.0 0.0 0.0  1  0  0  0  0  0  0  0  0  0  0  0  0  0 
2056 10.0 0.0 0.0 4506.153846153847 4068.717948717949 4425.128205128206 4522.564102564103 4481.538461538462 4716.923076923077 4428.205128205129 4377.948717948719 4725.128205128206 4068.205128205129 3935.8974358974365 4332.820512820514 4615.384615384616 4403.076923076924 1613.0 1712.0 2.056 2.0017201900482178 0.0 0.0 0.0 0.0  1  0  0  0  0  0  0  0  0  0  0  0  0  0 
2064 11.0 0.0 0.0 4491.794871794872 4073.333333333334 4405.641025641026 4517.435897435898 4488.205128205129 4728.717948717949 4429.2307692307695 4381.538461538462 4722.564102564103 4067.692307692308 3930.7692307692314 4320.512820512821 4606.666666666667 4396.410256410257 1614.0 1712.0 2.064 2.0017201900482178 0.0 0.0 0.0 0.0  1  0  0  0  0  0  0  0  0  0  0  0  0  0 
2071 12.0 0.0 0.0 4468.205128205129 4069.23076923077 4376.923076923077 4512.820512820514 4502.564102564103 4746.153846153847 4431.282051282052 4386.666666666667 4722.564102564103 4065.1282051282055 3922.564102564103 4305.641025641026 4594.358974358975 4385.641025641026 1614.0 1711.0 2.071 2.0017201900482178 0.0 0.0 0.0 0.0  1  0  0  0  0  0  0  0  0  0  0  0  0  0 
2079 13.0 0.0 0.0 4445.128205128206 4066.666666666667 4360.000000000001 4509.743589743591 4512.820512820514 4762.051282051282 4432.820512820514 4389.2307692307695 4717.435897435898 4061.0256410256416 3913.8461538461543 4286.666666666667 4580.000000000001 4376.923076923077 1612.0 1712.0 2.079 2.0017201900482178 0.0 0.0 0.0 0.0  1  0  0  0  0  0  0  0  0  0  0  0  0  0 
2086 14.0 0.0 0.0 4415.384615384616 4065.6410256410263 4346.666666666667 4502.564102564103 4520.512820512821 4777.435897435898 4434.358974358975 4394.358974358975 4713.333333333334 4059.48717948718 3904.615384615385 4265.128205128206 4564.615384615385 4365.128205128206 1614.0 1712.0 2.086 2.0329971313476562 0.0 0.0 0.0 0.0  1  0  0  0  0  0  0  0  0  0  0  0  0  0 
2095 15.0 0.0 0.0 4394.358974358975 4065.6410256410263 4331.794871794872 4496.923076923077 4530.256410256411 4792.820512820514 4437.948717948719 4397.435897435898 4712.307692307693 4061.538461538462 3898.9743589743593 4252.820512820514 4554.358974358975 4352.820512820514 1613.0 1711.0 2.095 2.0329971313476562 0.0 0.0 0.0 0.0  1  0  0  0  0  0  0  0  0  0  0  0  0  0 
2103 16.0 0.0 0.0 4369.2307692307695 4067.1794871794878 4308.717948717949 4496.410256410257 4542.564102564103 4811.794871794872 4434.358974358975 4399.48717948718 4710.256410256411 4058.461538461539 3891.7948717948725 4237.435897435898 4541.538461538462 4341.025641025642 1613.0 1712.0 2.103 2.0329971313476562 0.0 0.0 0.0 0.0  1  0  0  0  0  0  0  0  0  0  0  0  0  0 
2111 17.0 0.0 0.0 4353.846153846154 4066.666666666667 4301.538461538462 4492.307692307693 4547.179487179488 4815.384615384616 4434.358974358975 4401.025641025642 4707.6923076923085 4054.8717948717954 3889.2307692307695 4227.6923076923085 4534.871794871796 4335.384615384616 1613.0 1710.0 2.111 2.0329971313476562 0.0 0.0 0.0 0.0  1  0  0  0  0  0  0  0  0  0  0  0  0  0 
2118 18.0 0.0 0.0 4395.8974358974365 4067.1794871794878 4339.48717948718 4491.282051282052 4529.743589743591 4787.179487179488 4442.564102564103 4395.384615384616 4711.282051282052 4058.9743589743593 3904.615384615385 4257.948717948719 4556.923076923077 4348.205128205129 1613.0 1712.0 2.118 2.0329971313476562 0.0 0.0 0.0 0.0  1  0  0  0  0  0  0  0  0  0  0  0  0  0 
2126 19.0 0.0 0.0 4466.153846153847 4070.7692307692314 4387.179487179487 4497.948717948719 4503.589743589744 4744.615384615386 4431.282051282052 4389.2307692307695 4720.000000000001 4065.1282051282055 3925.6410256410263 4298.974358974359 4591.282051282052 4371.282051282052 1614.0 1711.0 2.126 2.0329971313476562 0.0 0.0 0.0 0.0  1  0  0  0  0  0  0  0  0  0  0  0  0  0 
2134 20.0 0.0 0.0 4503.589743589744 4072.820512820513 4402.051282051282 4506.666666666667 4493.333333333334 4723.076923076924 4413.333333333334 4385.641025641026 4723.589743589744 4066.666666666667 3933.333333333334 4315.8974358974365 4607.179487179488 4388.205128205129 1613.0 1712.0 2.134 2.0329971313476562 0.0 0.0 0.0 0.0  1  0  0  0  0  0  0  0  0  0  0  0  0  0 
2142 21.0 0.0 0.0 4483.589743589744 4068.717948717949 4375.8974358974365 4506.153846153847 4503.589743589744 4735.384615384616 4414.871794871796 4386.153846153847 4722.564102564103 4065.1282051282055 3925.6410256410263 4301.025641025642 4597.435897435898 4386.666666666667 1613.0 1712.0 2.142 2.0329971313476562 0.0 0.0 0.0 0.0  1  0  0  0  0  0  0  0  0  0  0  0  0  0 
2150 22.0 0.0 0.0 4486.153846153847 4069.7435897435903 4373.846153846154 4505.641025641026 4501.025641025642 4740.512820512821 4420.000000000001 4385.128205128206 4718.974358974359 4064.615384615385 3927.1794871794878 4304.102564102564 4596.410256410257 4389.743589743591 1613.0 1713.0 2.15 2.0329971313476562 0.0 0.0 0.0 0.0  1  0  0  0  0  0  0  0  0  0  0  0  0  0 
2158 23.0 0.0 0.0 4498.974358974359 4071.7948717948725 4380.512820512821 4509.743589743591 4493.846153846154 4731.282051282052 4425.641025641026 4387.179487179487 4723.589743589744 4065.6410256410263 3927.692307692308 4309.743589743591 4604.615384615385 4394.871794871796 1613.0 1711.0 2.158 2.0329971313476562 0.0 0.0 0.0 0.0  1  0  0  0  0  0  0  0  0  0  0  0  0  0 
2165 24.0 0.0 0.0 4509.743589743591 4073.8461538461543 4394.871794871796 4513.846153846154 4489.2307692307695 4719.48717948718 4433.333333333334 4382.051282051282 4726.666666666667 4068.717948717949 3932.307692307693 4322.051282051282 4616.410256410257 4403.076923076924 1613.0 1712.0 2.165 2.0329971313476562 0.0 0.0 0.0 0.0  1  0  0  0  0  0  0  0  0  0  0  0  0  0 
2173 25.0 0.0 0.0 4502.051282051282 4072.307692307693 4396.410256410257 4512.307692307693 4487.6923076923085 4720.000000000001 4432.307692307693 4380.000000000001 4725.641025641026 4067.1794871794878 3937.435897435898 4325.641025641026 4618.461538461539 4402.564102564103 1614.0 1712.0 2.173 2.0329971313476562 0.0 0.0 0.0 0.0  1  0  0  0  0  0  0  0  0  0  0  0  0  0 
2181 26.0 0.0 0.0 4517.948717948719 4073.8461538461543 4410.256410256411 4511.794871794872 4480.512820512821 4711.794871794872 4430.256410256411 4379.48717948718 4725.641025641026 4065.6410256410263 3941.0256410256416 4336.923076923077 4623.589743589744 4402.051282051282 1613.0 1711.0 2.181 2.1268277168273926 0.0 0.0 0.0 0.0  1  0  0  0  0  0  0  0  0  0  0  0  0  0 
2189 27.0 0.0 0.0 4525.641025641026 4072.307692307693 4412.307692307693 4513.846153846154 4481.538461538462 4707.6923076923085 4433.333333333334 4379.48717948718 4731.282051282052 4068.717948717949 3938.9743589743593 4335.8974358974365 4624.615384615385 4397.948717948719 1613.0 1712.0 2.189 2.1268277168273926 0.0 0.0 0.0 0.0  1  0  0  0  0  0  0  0  0  0  0  0  0  0 
2197 28.0 0.0 0.0 4535.384615384616 4074.358974358975 4424.102564102564 4515.384615384616 4474.871794871796 4700.512820512821 4424.615384615385 4376.923076923077 4731.282051282052 4068.205128205129 3946.1538461538466 4339.48717948718 4630.256410256411 4402.564102564103 1614.0 1710.0 2.197 2.1268277168273926 0.0 0.0 0.0 0.0  1  0  0  0  0  0  0  0  0  0  0  0  0  0 
2204 29.0 0.0 0.0 4537.435897435898 4074.8717948717954 4433.333333333334 4513.333333333334 4468.205128205129 4696.410256410257 4420.512820512821 4377.435897435898 4730.769230769231 4066.666666666667 3951.2820512820517 4344.615384615385 4634.871794871796 4408.717948717949 1613.0 1712.0 2.204 2.1268277168273926 0.0 0.0 0.0 0.0  1  0  0  0  0  0  0  0  0  0  0  0  0  0 
2212 30.0 0.0 0.0 4546.153846153847 4075.8974358974365 4448.717948717949 4514.358974358975 4467.6923076923085 4691.794871794872 4430.769230769231 4376.923076923077 4730.769230769231 4069.7435897435903 3948.717948717949 4352.307692307693 4638.461538461539 4410.769230769231 1614.0 1711.0 2.212 2.1268277168273926 0.0 0.0 0.0 0.0  1  0  0  0  0  0  0  0  0  0  0  0  0  0 
2220 31.0 0.0 0.0 4543.589743589744 4072.820512820513 4454.871794871796 4516.923076923077 4470.256410256411 4690.256410256411 4430.256410256411 4376.923076923077 4730.256410256411 4071.2820512820517 3950.2564102564106 4354.871794871796 4638.974358974359 4410.769230769231 1614.0 1711.0 2.22 2.1268277168273926 0.0 0.0 0.0 0.0  1  0  0  0  0  0  0  0  0  0  0  0  0  0 
2228 32.0 0.0 0.0 4537.948717948719 4072.820512820513 4453.333333333334 4516.923076923077 4467.6923076923085 4688.717948717949 4417.948717948719 4376.923076923077 4729.2307692307695 4068.717948717949 3954.358974358975 4362.564102564103 4639.48717948718 4415.8974358974365 1614.0 1712.0 2.228 2.1268277168273926 0.0 0.0 0.0 0.0  1  0  0  0  0  0  0  0  0  0  0  0  0  0 
2236 33.0 0.0 0.0 4536.410256410257 4073.8461538461543 4461.538461538462 4521.025641025642 4464.615384615385 4688.717948717949 4413.333333333334 4375.384615384616 4730.256410256411 4069.23076923077 3952.820512820513 4365.641025641026 4637.948717948719 4417.948717948719 1613.0 1712.0 2.236 2.1268277168273926 0.0 0.0 0.0 0.0  1  0  0  0  0  0  0  0  0  0  0  0  0  0 
2244 34.0 0.0 0.0 4539.48717948718 4070.2564102564106 4473.333333333334 4529.2307692307695 4464.615384615385 4689.743589743591 4414.871794871796 4374.871794871796 4730.769230769231 4071.7948717948725 3949.2307692307695 4354.358974358975 4635.8974358974365 4413.846153846154 1614.0 1712.0 2.244 2.1268277168273926 0.0 0.0 0.0 0.0  1  0  0  0  0  0  0  0  0  0  0  0  0  0 
2250 35.0 0.0 0.0 4556.410256410257 4068.717948717949 4471.282051282052 4533.846153846154 4460.512820512821 4686.666666666667 4418.974358974359 4371.282051282052 4731.282051282052 4070.7692307692314 3952.820512820513 4355.8974358974365 4643.076923076924 4416.923076923077 1613.0 1712.0 2.25 2.1268277168273926 0.0 0.0 0.0 0.0  1  0  0  0  0  0  0  0  0  0  0  0  0  0 
2259 36.0 0.0 0.0 4562.564102564103 4070.7692307692314 4454.871794871796 4533.846153846154 4457.435897435898 4683.589743589744 4422.051282051282 4370.769230769231 4733.846153846154 4069.7435897435903 3955.3846153846157 4363.076923076924 4646.666666666667 4421.025641025642 1614.0 1713.0 2.259 2.1268277168273926 0.0 0.0 0.0 0.0  1  0  0  0  0  0  0  0  0  0  0  0  0  0 
2267 37.0 0.0 0.0 4571.794871794872 4073.8461538461543 4462.564102564103 4536.410256410257 4454.871794871796 4675.384615384616 4418.974358974359 4370.769230769231 4732.820512820514 4071.7948717948725 3956.9230769230776 4370.256410256411 4648.717948717949 4426.153846153847 1613.0 1711.0 2.267 2.1268277168273926 0.0 0.0 0.0 0.0  1  0  0  0  0  0  0  0  0  0  0  0  0  0 
2275 38.0 0.0 0.0 4568.205128205129 4071.2820512820517 4462.564102564103 4535.8974358974365 4456.410256410257 4675.8974358974365 4432.307692307693 4371.282051282052 4731.794871794872 4072.820512820513 3955.3846153846157 4364.615384615385 4646.666666666667 4423.589743589744 1613.0 1712.0 2.275 2.1268277168273926 0.0 0.0 0.0 0.0  1  0  0  0  0  0  0  0  0  0  0  0  0  0 
2283 39.0 0.0 0.0 4567.6923076923085 4073.333333333334 4472.307692307693 4534.871794871796 4454.871794871796 4676.410256410257 4461.025641025642 4367.6923076923085 4731.282051282052 4071.7948717948725 3961.0256410256416 4368.205128205129 4650.769230769231 4422.564102564103 1614.0 1711.0 2.283 2.1268277168273926 0.0 0.0 0.0 0.0  1  0  0  0  0  0  0  0  0  0  0  0  0  0 
2290 40.0 0.0 0.0 4545.128205128206 4071.7948717948725 4483.076923076924 4533.846153846154 4458.974358974359 4683.076923076924 4471.282051282052 4369.2307692307695 4731.794871794872 4070.7692307692314 3961.0256410256416 4364.615384615385 4646.153846153847 4417.948717948719 1613.0 1712.0 2.29 2.1268277168273926 0.0 0.0 0.0 0.0  1  0  0  0  0  0  0  0  0  0  0  0  0  0 
2298 41.0 0.0 0.0 4537.948717948719 4073.333333333334 4504.102564102564 4531.794871794872 4457.948717948719 4684.615384615386 4465.641025641026 4370.769230769231 4730.256410256411 4070.7692307692314 3959.48717948718 4368.717948717949 4645.128205128206 4419.48717948718 1614.0 1711.0 2.298 2.1268277168273926 0.0 0.0 0.0 0.0  1  0  0  0  0  0  0  0  0  0  0  0  0  0 
2306 42.0 0.0 0.0 4524.615384615385 4070.7692307692314 4505.128205128206 4528.717948717949 4458.461538461539 4688.205128205129 4469.743589743591 4371.282051282052 4731.282051282052 4069.23076923077 3957.9487179487182 4364.615384615385 4642.564102564103 4417.948717948719 1613.0 1711.0 2.306 2.2519352436065674 0.0 0.0 0.0 0.0  1  0  0  0  0  0  0  0  0  0  0  0  0  0 
2314 43.0 0.0 0.0 4528.717948717949 4069.23076923077 4515.384615384616 4530.256410256411 4457.435897435898 4681.538461538462 4468.205128205129 4365.641025641026 4731.794871794872 4071.2820512820517 3961.538461538462 4369.743589743591 4645.641025641026 4422.051282051282 1613.0 1712.0 2.314 2.2519352436065674 0.0 0.0 0.0 0.0  1  0  0  0  0  0  0  0  0  0  0  0  0  0 
2322 44.0 0.0 0.0 4533.846153846154 4069.23076923077 4511.794871794872 4531.794871794872 4458.974358974359 4681.538461538462 4454.871794871796 4366.153846153847 4733.846153846154 4071.7948717948725 3959.48717948718 4369.743589743591 4647.179487179488 4424.615384615385 1613.0 1711.0 2.322 2.2519352436065674 0.0 0.0 0.0 0.0  1  0  0  0  0  0  0  0  0  0  0  0  0  0 
2330 45.0 0.0 0.0 4550.769230769231 4070.2564102564106 4502.051282051282 4531.794871794872 4456.410256410257 4681.538461538462 4453.846153846154 4369.743589743591 4733.333333333334 4071.2820512820517 3958.9743589743593 4373.333333333334 4649.2307692307695 4427.6923076923085 1614.0 1712.0 2.33 2.2519352436065674 0.0 0.0 0.0 0.0  1  0  0  0  0  0  0  0  0  0  0  0  0  0 
2337 46.0 0.0 0.0 4554.871794871796 4067.692307692308 4478.461538461539 4534.358974358975 4458.974358974359 4686.666666666667 4464.615384615385 4372.820512820514 4731.282051282052 4072.820512820513 3956.410256410257 4369.743589743591 4645.128205128206 4425.641025641026 1613.0 1712.0 2.337 2.2519352436065674 0.0 0.0 0.0 0.0  1  0  0  0  0  0  0  0  0  0  0  0  0  0 
2344 47.0 0.0 0.0 4555.8974358974365 4070.2564102564106 4457.948717948719 4537.435897435898 4464.102564102564 4692.307692307693 4455.384615384616 4373.846153846154 4730.256410256411 4071.7948717948725 3951.7948717948725 4364.615384615385 4641.538461538462 4424.615384615385 1613.0 1712.0 2.344 2.2519352436065674 0.0 0.0 0.0 0.0  1  0  0  0  0  0  0  0  0  0  0  0  0  0 
2353 48.0 0.0 0.0 4548.717948717949 4074.8717948717954 4441.025641025642 4535.8974358974365 4469.2307692307695 4697.948717948719 4440.512820512821 4374.358974358975 4731.282051282052 4068.717948717949 3949.2307692307695 4357.948717948719 4636.923076923077 4421.025641025642 1613.0 1712.0 2.353 2.2519352436065674 0.0 0.0 0.0 0.0  1  0  0  0  0  0  0  0  0  0  0  0  0  0 
2361 49.0 0.0 0.0 4541.025641025642 4074.358974358975 4430.769230769231 4531.282051282052 4472.307692307693 4702.051282051282 4452.820512820514 4376.923076923077 4728.717948717949 4067.1794871794878 3947.1794871794878 4348.717948717949 4631.282051282052 4410.256410256411 1613.0 1712.0 2.361 2.2519352436065674 0.0 0.0 0.0 0.0  1  0  0  0  0  0  0  0  0  0  0  0  0  0 
2369 50.0 0.0 0.0 4532.820512820514 4073.8461538461543 4431.282051282052 4529.2307692307695 4471.794871794872 4707.6923076923085 4474.871794871796 4378.974358974359 4727.179487179488 4067.692307692308 3943.076923076924 4346.666666666667 4630.256410256411 4403.076923076924 1613.0 1711.0 2.369 2.2519352436065674 0.0 0.0 0.0 0.0  1  0  0  0  0  0  0  0  0  0  0  0  0  0 
2376 51.0 0.0 0.0 4509.743589743591 4075.3846153846157 4432.307692307693 4522.051282051282 4476.410256410257 4715.8974358974365 4474.358974358975 4377.948717948719 4728.205128205129 4066.1538461538466 3938.461538461539 4345.641025641026 4625.128205128206 4400.000000000001 1613.0 1712.0 2.376 2.2519352436065674 0.0 0.0 0.0 0.0  1  0  0  0  0  0  0  0  0  0  0  0  0  0 
2384 52.0 0.0 0.0 4495.8974358974365 4074.358974358975 4443.589743589744 4513.333333333334 4480.000000000001 4716.923076923077 4466.153846153847 4375.8974358974365 4726.666666666667 4066.666666666667 3942.0512820512827 4346.153846153847 4620.512820512821 4400.000000000001 1613.0 1711.0 2.384 2.2519352436065674 0.0 0.0 0.0 0.0  1  0  0  0  0  0  0  0  0  0  0  0  0  0 
2392 53.0 0.0 0.0 4478.461538461539 4067.1794871794878 4437.948717948719 4510.256410256411 4483.589743589744 4721.538461538462 4468.205128205129 4380.512820512821 4726.153846153847 4066.666666666667 3939.48717948718 4335.8974358974365 4614.358974358975 4393.846153846154 1614.0 1711.0 2.392 2.2519352436065674 0.0 0.0 0.0 0.0  1  0  0  0  0  0  0  0  0  0  0  0  0  0 
2400 54.0 0.0 0.0 4476.923076923077 4066.666666666667 4435.8974358974365 4514.358974358975 4481.538461538462 4722.051282051282 4461.538461538462 4381.538461538462 4726.153846153847 4066.1538461538466 3938.461538461539 4338.461538461539 4615.8974358974365 4393.846153846154 1613.0 1712.0 2.4 2.2519352436065674 0.0 0.0 0.0 0.0  1  0  0  0  0  0  0  0  0  0  0  0  0  0 
2408 55.0 0.0 0.0 4475.384615384616 4067.1794871794878 4430.256410256411 4513.333333333334 4485.641025641026 4723.589743589744 4445.128205128206 4382.051282051282 4727.179487179488 4065.1282051282055 3936.9230769230776 4333.333333333334 4611.794871794872 4392.820512820514 1614.0 1712.0 2.408 2.2519352436065674 0.0 0.0 0.0 0.0  1  0  0  0  0  0  0  0  0  0  0  0  0  0 
2416 56.0 0.0 0.0 4488.717948717949 4068.205128205129 4434.358974358975 4509.743589743591 4482.564102564103 4718.974358974359 4434.358974358975 4380.512820512821 4724.615384615386 4065.6410256410263 3938.461538461539 4334.871794871796 4611.282051282052 4397.948717948719 1613.0 1711.0 2.416 2.2519352436065674 0.0 0.0 0.0 0.0  1  0  0  0  0  0  0  0  0  0  0  0  0  0 
2423 57.0 0.0 0.0 4483.589743589744 4067.1794871794878 4415.8974358974365 4511.282051282052 4483.589743589744 4721.025641025642 4426.153846153847 4382.051282051282 4726.153846153847 4067.1794871794878 3935.8974358974365 4331.794871794872 4608.205128205129 4395.8974358974365 1613.0 1713.0 2.423 2.2519352436065674 0.0 0.0 0.0 0.0  1  0  0  0  0  0  0  0  0  0  0  0  0  0 
2431 58.0 0.0 0.0 4498.461538461539 4069.7435897435903 4411.282051282052 4517.948717948719 4484.102564102564 4719.48717948718 4418.461538461539 4379.48717948718 4726.153846153847 4067.1794871794878 3937.435897435898 4338.461538461539 4613.333333333334 4393.846153846154 1614.0 1711.0 2.431 2.2519352436065674 0.0 0.0 0.0 0.0  1  0  0  0  0  0  0  0  0  0  0  0  0  0 
2439 59.0 0.0 0.0 4504.615384615385 4071.7948717948725 4411.794871794872 4515.8974358974365 4486.666666666667 4718.974358974359 4423.076923076924 4380.512820512821 4724.102564102564 4065.1282051282055 3936.9230769230776 4332.820512820514 4616.923076923077 4392.307692307693 1613.0 1712.0 2.439 2.2519352436065674 0.0 0.0 0.0 0.0  1  0  0  0  0  0  0  0  0  0  0  0  0  0 
2447 60.0 0.0 0.0 4507.6923076923085 4080.0000000000005 4418.974358974359 4511.794871794872 4486.153846153847 4718.461538461539 4427.179487179487 4383.589743589744 4723.076923076924 4064.615384615385 3935.8974358974365 4329.743589743591 4617.435897435898 4397.435897435898 1615.0 1712.0 2.447 2.2519352436065674 0.0 0.0 0.0 0.0  1  0  0  0  0  0  0  0  0  0  0  0  0  0 
2455 61.0 0.0 0.0 4502.051282051282 4078.9743589743593 4409.743589743591 4516.410256410257 4487.6923076923085 4724.615384615386 4429.743589743591 4385.128205128206 4726.153846153847 4065.1282051282055 3934.8717948717954 4323.589743589744 4610.256410256411 4395.8974358974365 1613.0 1712.0 2.455 2.2519352436065674 0.0 0.0 0.0 0.0  1  0  0  0  0  0  0  0  0  0  0  0  0  0 
2462 62.0 0.0 0.0 4507.6923076923085 4074.358974358975 4414.358974358975 4521.538461538462 4483.589743589744 4723.076923076924 4435.8974358974365 4382.564102564103 4725.128205128206 4064.615384615385 3936.410256410257 4326.153846153847 4612.820512820514 4396.923076923077 1614.0 1712.0 2.462 2.4083197116851807 0.0 0.0 0.0 0.0  1  0  0  0  0  0  0  0  0  0  0  0  0  0 
2470 63.0 0.0 0.0 4500.512820512821 4076.410256410257 4421.538461538462 4518.461538461539 4484.615384615385 4721.538461538462 4432.307692307693 4381.538461538462 4723.076923076924 4063.076923076924 3936.9230769230776 4323.589743589744 4613.333333333334 4398.461538461539 1613.0 1711.0 2.47 2.4083197116851807 0.0 0.0 0.0 0.0  1  0  0  0  0  0  0  0  0  0  0  0  0  0 
2478 64.0 0.0 0.0 4490.769230769231 4080.0000000000005 4423.589743589744 4514.871794871796 4490.769230769231 4726.153846153847 4419.48717948718 4381.538461538462 4724.102564102564 4065.1282051282055 3935.8974358974365 4320.512820512821 4608.205128205129 4394.358974358975 1614.0 1711.0 2.478 2.4083197116851807 0.0 0.0 0.0 0.0  1  0  0  0  0  0  0  0  0  0  0  0  0  0 
2486 65.0 0.0 0.0 4485.641025641026 4073.8461538461543 4419.48717948718 4519.48717948718 4489.743589743591 4730.256410256411 4417.948717948719 4383.076923076924 4723.589743589744 4067.1794871794878 3935.3846153846157 4326.153846153847 4606.666666666667 4390.769230769231 1613.0 1711.0 2.486 2.4083197116851807 0.0 0.0 0.0 0.0  1  0  0  0  0  0  0  0  0  0  0  0  0  0 
2494 66.0 0.0 0.0 4485.128205128206 4068.205128205129 4416.923076923077 4521.025641025642 4485.128205128206 4727.179487179488 4422.564102564103 4384.615384615385 4724.102564102564 4065.6410256410263 3935.8974358974365 4329.743589743591 4608.717948717949 4391.282051282052 1613.0 1711.0 2.494 2.4083197116851807 0.0 0.0 0.0 0.0  1  0  0  0  0  0  0  0  0  0  0  0  0  0 
2502 67.0 0.0 0.0 4490.769230769231 4070.7692307692314 4425.641025641026 4515.384615384616 4485.641025641026 4724.615384615386 4416.410256410257 4380.512820512821 4724.615384615386 4064.1025641025644 3936.9230769230776 4332.820512820514 4612.820512820514 4393.333333333334 1613.0 1711.0 2.502 2.4083197116851807 0.0 0.0 0.0 0.0  1  0  0  0  0  0  0  0  0  0  0  0  0  0 
2509 68.0 0.0 0.0 4488.717948717949 4074.8717948717954 4423.589743589744 4511.282051282052 4489.743589743591 4730.256410256411 4410.256410256411 4378.974358974359 4724.615384615386 4065.1282051282055 3932.307692307693 4327.6923076923085 4612.307692307693 4390.769230769231 1613.0 1713.0 2.509 2.4083197116851807 0.0 0.0 0.0 0.0  1  0  0  0  0  0  0  0  0  0  0  0  0  0 
2517 69.0 0.0 0.0 4495.384615384616 4076.410256410257 4422.051282051282 4516.923076923077 4487.179487179488 4726.666666666667 4407.6923076923085 4378.974358974359 4723.589743589744 4066.666666666667 3934.8717948717954 4331.794871794872 4613.333333333334 4394.871794871796 1614.0 1711.0 2.517 2.4083197116851807 0.0 0.0 0.0 0.0  1  0  0  0  0  0  0  0  0  0  0  0  0  0 
2525 70.0 0.0 0.0 4495.384615384616 4072.820512820513 4412.820512820514 4520.512820512821 4486.153846153847 4722.564102564103 4403.076923076924 4382.051282051282 4727.179487179488 4067.692307692308 3937.435897435898 4328.717948717949 4611.794871794872 4396.923076923077 1612.0 1712.0 2.525 2.4083197116851807 0.0 0.0 0.0 0.0  1  0  0  0  0  0  0  0  0  0  0  0  0  0 
2533 71.0 0.0 0.0 4514.871794871796 4077.435897435898 4423.076923076924 4517.435897435898 4481.025641025642 4715.8974358974365 4394.358974358975 4383.076923076924 4726.666666666667 4068.205128205129 3937.9487179487182 4330.769230769231 4618.461538461539 4401.538461538462 1614.0 1711.0 2.533 2.4083197116851807 0.0 0.0 0.0 0.0  1  0  0  0  0  0  0  0  0  0  0  0  0  0 
2541 72.0 0.0 0.0 4518.974358974359 4081.0256410256416 4420.512820512821 4517.435897435898 4484.102564102564 4717.435897435898 4385.641025641026 4381.538461538462 4725.128205128206 4065.1282051282055 3932.820512820513 4324.615384615385 4618.461538461539 4403.076923076924 1612.0 1712.0 2.541 2.4083197116851807 0.0 0.0 0.0 0.0  1  0  0  0  0  0  0  0  0  0  0  0  0  0 
2549 73.0 0.0 0.0 4524.102564102564 4080.5128205128212 4424.102564102564 4524.102564102564 4482.051282051282 4713.846153846154 4375.384615384616 4375.8974358974365 4727.179487179488 4064.1025641025644 3934.8717948717954 4329.2307692307695 4621.538461538462 4405.641025641026 1613.0 1712.0 2.549 2.4083197116851807 0.0 0.0 0.0 0.0  1  0  0  0  0  0  0  0  0  0  0  0  0  0 
2556 74.0 0.0 0.0 4509.743589743591 4071.7948717948725 4416.923076923077 4522.564102564103 4483.589743589744 4720.000000000001 4372.307692307693 4380.512820512821 4728.717948717949 4065.1282051282055 3933.8461538461543 4325.128205128206 4616.410256410257 4397.435897435898 1613.0 1711.0 2.556 2.502150297164917 0.0 0.0 0.0 0.0  1  0  0  0  0  0  0  0  0  0  0  0  0  0 
2564 75.0 0.0 0.0 4510.256410256411 4070.7692307692314 4418.974358974359 4514.358974358975 4485.641025641026 4725.128205128206 4375.384615384616 4383.076923076924 4722.051282051282 4065.6410256410263 3932.820512820513 4326.666666666667 4611.794871794872 4394.871794871796 1613.0 1712.0 2.564 2.502150297164917 0.0 0.0 0.0 0.0  1  0  0  0  0  0  0  0  0  0  0  0  0  0 
2572 76.0 0.0 0.0 4496.410256410257 4071.7948717948725 4407.6923076923085 4514.871794871796 4491.794871794872 4732.307692307693 4371.794871794872 4382.051282051282 4720.512820512821 4065.1282051282055 3929.7435897435903 4324.615384615385 4607.179487179488 4392.307692307693 1614.0 1712.0 2.572 2.502150297164917 0.0 0.0 0.0 0.0  1  0  0  0  0  0  0  0  0  0  0  0  0  0 
2580 77.0 0.0 0.0 4481.538461538462 4073.333333333334 4401.025641025642 4518.461538461539 4493.333333333334 4736.410256410257 4358.461538461539 4382.051282051282 4722.564102564103 4063.076923076924 3930.7692307692314 4325.128205128206 4605.641025641026 4387.179487179487 1614.0 1712.0 2.58 2.502150297164917 0.0 0.0 0.0 0.0  1  0  0  0  0  0  0  0  0  0  0  0  0  0 
2588 78.0 0.0 0.0 4462.564102564103 4071.7948717948725 4394.358974358975 4511.282051282052 4496.923076923077 4743.589743589744 4353.333333333334 4385.128205128206 4724.102564102564 4062.564102564103 3929.7435897435903 4318.974358974359 4598.461538461539 4379.48717948718 1614.0 1712.0 2.588 2.5334272384643555 0.0 0.0 0.0 0.0  1  0  0  0  0  0  0  0  0  0  0  0  0  0 
2595 79.0 0.0 0.0 4457.435897435898 4076.9230769230776 4387.179487179487 4508.205128205129 4504.615384615385 4754.871794871796 4359.48717948718 4385.128205128206 4723.076923076924 4064.615384615385 3924.1025641025644 4307.6923076923085 4590.769230769231 4376.410256410257 1613.0 1713.0 2.595 2.5334272384643555 0.0 0.0 0.0 0.0  1  0  0  0  0  0  0  0  0  0  0  0  0  0 
2603 80.0 0.0 0.0 4447.6923076923085 4080.0000000000005 4367.6923076923085 4513.846153846154 4511.794871794872 4768.205128205129 4369.743589743591 4387.6923076923085 4721.025641025642 4064.1025641025644 3916.410256410257 4289.2307692307695 4584.615384615385 4369.743589743591 1614.0 1711.0 2.603 2.5334272384643555 0.0 0.0 0.0 0.0  1  0  0  0  0  0  0  0  0  0  0  0  0  0 
2611 81.0 0.0 0.0 4444.615384615385 4076.9230769230776 4363.076923076924 4511.794871794872 4513.846153846154 4771.794871794872 4380.000000000001 4391.794871794872 4719.48717948718 4062.0512820512827 3911.7948717948725 4278.461538461539 4582.564102564103 4367.179487179487 1613.0 1712.0 2.611 2.5334272384643555 0.0 0.0 0.0 0.0  1  0  0  0  0  0  0  0  0  0  0  0  0  0 
2619 82.0 0.0 0.0 4461.025641025642 4073.8461538461543 4385.641025641026 4506.153846153847 4510.256410256411 4758.461538461539 4382.564102564103 4387.6923076923085 4720.000000000001 4063.589743589744 3914.358974358975 4287.179487179487 4586.153846153847 4378.461538461539 1614.0 1712.0 2.619 2.5334272384643555 0.0 0.0 0.0 0.0  1  0  0  0  0  0  0  0  0  0  0  0  0  0 
2632 83.0 0.0 0.0 4469.743589743591 4071.7948717948725 4387.6923076923085 4508.205128205129 4514.871794871796 4755.384615384616 4376.923076923077 4389.2307692307695 4722.564102564103 4063.589743589744 3917.435897435898 4283.589743589744 4585.128205128206 4381.538461538462 1612.0 1711.0 2.632 2.5334272384643555 0.0 0.0 0.0 0.0  1  0  0  0  0  0  0  0  0  0  0  0  0  0 
2635 84.0 0.0 0.0 4467.179487179487 4070.2564102564106 4377.435897435898 4513.333333333334 4513.846153846154 4759.48717948718 4373.846153846154 4391.794871794872 4722.051282051282 4060.0000000000005 3919.48717948718 4285.641025641026 4586.666666666667 4377.948717948719 1613.0 1712.0 2.635 2.5334272384643555 0.0 0.0 0.0 0.0  1  0  0  0  0  0  0  0  0  0  0  0  0  0 
2642 85.0 0.0 0.0 4453.846153846154 4071.2820512820517 4369.743589743591 4512.307692307693 4510.769230769231 4758.974358974359 4375.384615384616 4392.307692307693 4722.051282051282 4060.0000000000005 3916.9230769230776 4289.2307692307695 4584.102564102564 4376.410256410257 1613.0 1711.0 2.642 2.5334272384643555 0.0 0.0 0.0 0.0  1  0  0  0  0  0  0  0  0  0  0  0  0  0 
2650 86.0 0.0 0.0 4457.948717948719 4077.9487179487187 4377.435897435898 4509.743589743591 4508.205128205129 4750.769230769231 4370.769230769231 4389.2307692307695 4722.051282051282 4066.1538461538466 3921.538461538462 4295.8974358974365 4586.153846153847 4380.000000000001 1612.0 1712.0 2.65 2.5334272384643555 0.0 0.0 0.0 0.0  1  0  0  0  0  0  0  0  0  0  0  0  0  0 
2658 87.0 0.0 0.0 4454.358974358975 4077.9487179487187 4362.051282051282 4510.769230769231 4512.307692307693 4754.358974358975 4366.153846153847 4392.307692307693 4724.615384615386 4066.1538461538466 3920.0000000000005 4287.6923076923085 4586.153846153847 4371.282051282052 1613.0 1711.0 2.658 2.5334272384643555 0.0 0.0 0.0 0.0  1  0  0  0  0  0  0  0  0  0  0  0  0  0 
2665 88.0 0.0 0.0 4474.871794871796 4076.9230769230776 4369.743589743591 4513.333333333334 4504.102564102564 4745.641025641026 4365.128205128206 4389.2307692307695 4725.128205128206 4063.076923076924 3920.5128205128212 4300.000000000001 4596.923076923077 4373.846153846154 1613.0 1712.0 2.665 2.5334272384643555 0.0 0.0 0.0 0.0  1  0  0  0  0  0  0  0  0  0  0  0  0  0 
2674 89.0 0.0 0.0 4481.538461538462 4074.358974358975 4379.48717948718 4508.205128205129 4500.512820512821 4738.461538461539 4363.589743589744 4386.153846153847 4723.589743589744 4062.564102564103 3924.1025641025644 4304.615384615385 4597.435897435898 4379.48717948718 1613.0 1711.0 2.674 2.5334272384643555 0.0 0.0 0.0 0.0  1  0  0  0  0  0  0  0  0  0  0  0  0  0 
2681 90.0 0.0 0.0 4502.051282051282 4071.7948717948725 4402.564102564103 4505.641025641026 4492.307692307693 4729.743589743591 4360.000000000001 4385.128205128206 4722.564102564103 4064.1025641025644 3932.820512820513 4312.307692307693 4604.102564102564 4389.2307692307695 1612.0 1712.0 2.681 2.5334272384643555 0.0 0.0 0.0 0.0  1  0  0  0  0  0  0  0  0  0  0  0  0  0 
2689 91.0 0.0 0.0 4536.923076923077 4064.615384615385 4430.256410256411 4506.666666666667 4470.769230769231 4701.025641025642 4357.948717948719 4380.000000000001 4733.846153846154 4068.205128205129 3944.1025641025644 4339.48717948718 4633.333333333334 4408.717948717949 1614.0 1711.0 2.689 2.5334272384643555 0.0 0.0 0.0 0.0  1  0  0  0  0  0  0  0  0  0  0  0  0  0 
2697 92.0 0.0 0.0 4561.538461538462 4066.666666666667 4455.384615384616 4507.6923076923085 4453.333333333334 4670.256410256411 4355.384615384616 4370.256410256411 4740.512820512821 4071.2820512820517 3955.3846153846157 4369.743589743591 4659.48717948718 4426.666666666667 1612.0 1712.0 2.697 2.5334272384643555 0.0 0.0 0.0 0.0  1  0  0  0  0  0  0  0  0  0  0  0  0  0 
2705 93.0 0.0 0.0 4521.538461538462 4069.7435897435903 4435.8974358974365 4509.2307692307695 4468.717948717949 4688.717948717949 4362.051282051282 4374.871794871796 4732.307692307693 4066.666666666667 3948.205128205129 4352.820512820514 4637.435897435898 4413.846153846154 1614.0 1712.0 2.705 2.5334272384643555 0.0 0.0 0.0 0.0  1  0  0  0  0  0  0  0  0  0  0  0  0  0 
2713 94.0 0.0 0.0 4496.410256410257 4071.2820512820517 4415.384615384616 4513.333333333334 4484.102564102564 4713.846153846154 4369.743589743591 4384.102564102564 4725.641025641026 4063.589743589744 3937.9487179487182 4336.410256410257 4614.871794871796 4401.025641025642 1613.0 1711.0 2.713 2.5334272384643555 0.0 0.0 0.0 0.0  1  0  0  0  0  0  0  0  0  0  0  0  0  0 
2721 95.0 0.0 0.0 4504.102564102564 4070.7692307692314 4410.769230769231 4515.384615384616 4483.076923076924 4714.871794871796 4365.128205128206 4384.615384615385 4728.717948717949 4067.692307692308 3938.461538461539 4340.512820512821 4618.461538461539 4401.538461538462 1614.0 1713.0 2.721 2.5334272384643555 0.0 0.0 0.0 0.0  1  0  0  0  0  0  0  0  0  0  0  0  0  0 
2728 96.0 0.0 0.0 4511.794871794872 4073.333333333334 4412.820512820514 4512.307692307693 4481.025641025642 4711.282051282052 4357.435897435898 4380.512820512821 4729.2307692307695 4067.692307692308 3938.9743589743593 4339.48717948718 4619.48717948718 4398.974358974359 1614.0 1711.0 2.728 2.5334272384643555 0.0 0.0 0.0 0.0  1  0  0  0  0  0  0  0  0  0  0  0  0  0 
2736 97.0 0.0 0.0 4508.205128205129 4072.307692307693 4413.333333333334 4509.2307692307695 4483.589743589744 4714.358974358975 4364.102564102564 4380.512820512821 4726.666666666667 4063.589743589744 3934.358974358975 4329.2307692307695 4611.282051282052 4395.8974358974365 1614.0 1712.0 2.736 2.5334272384643555 0.0 0.0 0.0 0.0  1  0  0  0  0  0  0  0  0  0  0  0  0  0 
2744 98.0 0.0 0.0 4514.358974358975 4068.205128205129 4419.48717948718 4508.717948717949 4483.076923076924 4711.282051282052 4372.307692307693 4382.564102564103 4726.666666666667 4066.666666666667 3935.3846153846157 4332.307692307693 4615.384615384616 4400.512820512821 1614.0 1711.0 2.744 2.5334272384643555 0.0 0.0 0.0 0.0  1  0  0  0  0  0  0  0  0  0  0  0  0  0 
2752 99.0 0.0 0.0 4526.153846153847 4066.1538461538466 4427.179487179487 4514.358974358975 4478.974358974359 4704.615384615386 4370.256410256411 4381.025641025642 4726.153846153847 4068.717948717949 3939.48717948718 4343.076923076924 4623.076923076924 4403.076923076924 1613.0 1712.0 2.752 2.5334272384643555 0.0 0.0 0.0 0.0  1  0  0  0  0  0  0  0  0  0  0  0  0  0 
2760 100.0 0.0 0.0 4532.307692307693 4066.666666666667 4438.974358974359 4515.8974358974365 4468.717948717949 4690.769230769231 4367.6923076923085 4375.384615384616 4729.2307692307695 4065.1282051282055 3944.615384615385 4350.256410256411 4629.2307692307695 4404.102564102564 1614.0 1711.0 2.76 2.5334272384643555 0.0 0.0 0.0 0.0  1  0  0  0  0  0  0  0  0  0  0  0  0  0 
2766 101.0 0.0 0.0 4557.948717948719 4071.7948717948725 4471.794871794872 4520.512820512821 4449.743589743591 4663.076923076924 4362.051282051282 4368.717948717949 4731.282051282052 4066.1538461538466 3959.48717948718 4375.8974358974365 4650.256410256411 4418.974358974359 1614.0 1711.0 2.766 2.5334272384643555 0.0 0.0 0.0 0.0  1  0  0  0  0  0  0  0  0  0  0  0  0  0 
2775 102.0 0.0 0.0 4584.615384615385 4073.8461538461543 4500.512820512821 4529.2307692307695 4431.794871794872 4632.820512820514 4353.333333333334 4367.6923076923085 4736.410256410257 4072.820512820513 3976.410256410257 4406.153846153847 4674.871794871796 4436.410256410257 1614.0 1711.0 2.775 2.5334272384643555 0.0 0.0 0.0 0.0  1  0  0  0  0  0  0  0  0  0  0  0  0  0 
2783 103.0 0.0 0.0 4580.000000000001 4069.7435897435903 4493.333333333334 4540.512820512821 4442.564102564103 4647.6923076923085 4354.871794871796 4368.717948717949 4728.717948717949 4067.692307692308 3969.2307692307695 4401.538461538462 4654.871794871796 4427.179487179487 1612.0 1711.0 2.783 2.5334272384643555 0.0 0.0 0.0 0.0  1  0  0  0  0  0  0  0  0  0  0  0  0  0 
2790 104.0 0.0 0.0 4616.923076923077 4067.692307692308 4528.205128205129 4535.384615384616 4413.846153846154 4612.820512820514 4355.8974358974365 4361.025641025642 4742.051282051282 4074.358974358975 3988.205128205129 4429.743589743591 4692.820512820514 4450.256410256411 1614.0 1712.0 2.79 2.5334272384643555 0.0 0.0 0.0 0.0  1  0  0  0  0  0  0  0  0  0  0  0  0  0 
2798 105.0 0.0 0.0 4654.358974358975 4074.358974358975 4554.871794871796 4536.923076923077 4397.948717948719 4583.076923076924 4350.769230769231 4354.358974358975 4746.666666666667 4081.0256410256416 4001.538461538462 4455.8974358974365 4718.974358974359 4466.666666666667 1613.0 1713.0 2.798 2.5334272384643555 0.0 0.0 0.0 0.0  1  0  0  0  0  0  0  0  0  0  0  0  0  0 
2806 106.0 0.0 0.0 4561.025641025642 4074.8717948717954 4478.974358974359 4543.589743589744 4447.179487179487 4653.333333333334 4360.000000000001 4366.666666666667 4725.641025641026 4067.1794871794878 3964.615384615385 4393.846153846154 4642.051282051282 4421.538461538462 1613.0 1711.0 2.806 2.5334272384643555 0.0 0.0 0.0 0.0  1  0  0  0  0  0  0  0  0  0  0  0  0  0 
2814 107.0 0.0 0.0 4401.025641025642 4070.2564102564106 4424.102564102564 4545.641025641026 4485.641025641026 4717.948717948719 4377.948717948719 4374.358974358975 4707.6923076923085 4055.3846153846157 3937.9487179487182 4341.025641025642 4583.076923076924 4387.6923076923085 1613.0 1712.0 2.814 2.5334272384643555 0.0 0.0 0.0 0.0  1  0  0  0  0  0  0  0  0  0  0  0  0  0 
2822 108.0 0.0 0.0 4314.358974358975 4067.1794871794878 4416.923076923077 4532.307692307693 4487.6923076923085 4729.2307692307695 4384.102564102564 4377.435897435898 4707.179487179488 4056.410256410257 3935.3846153846157 4330.769230769231 4578.461538461539 4383.589743589744 1613.0 1711.0 2.822 2.5334272384643555 0.0 0.0 0.0 0.0  1  0  0  0  0  0  0  0  0  0  0  0  0  0 
2830 109.0 0.0 0.0 4344.102564102564 4076.9230769230776 4448.717948717949 4520.512820512821 4466.666666666667 4695.384615384616 4381.025641025642 4373.333333333334 4714.871794871796 4063.076923076924 3950.2564102564106 4357.948717948719 4608.717948717949 4400.512820512821 1613.0 1712.0 2.83 2.5334272384643555 0.0 0.0 0.0 0.0  1  0  0  0  0  0  0  0  0  0  0  0  0  0 
2838 110.0 0.0 0.0 4334.871794871796 4074.8717948717954 4434.871794871796 4522.051282051282 4477.435897435898 4707.6923076923085 4385.128205128206 4373.846153846154 4710.256410256411 4061.0256410256416 3941.0256410256416 4343.589743589744 4592.307692307693 4389.743589743591 1614.0 1711.0 2.838 2.5334272384643555 0.0 0.0 0.0 0.0  1  0  0  0  0  0  0  0  0  0  0  0  0  0 
2846 111.0 0.0 0.0 4338.974358974359 4069.7435897435903 4464.102564102564 4520.512820512821 4464.102564102564 4688.717948717949 4385.641025641026 4366.666666666667 4716.923076923077 4065.6410256410263 3950.7692307692314 4363.589743589744 4613.846153846154 4406.153846153847 1613.0 1712.0 2.846 2.5334272384643555 0.0 0.0 0.0 0.0  1  0  0  0  0  0  0  0  0  0  0  0  0  0 
2853 112.0 0.0 0.0 4323.076923076924 4069.23076923077 4458.461538461539 4517.948717948719 4477.948717948719 4707.179487179488 4392.307692307693 4368.205128205129 4707.6923076923085 4060.5128205128212 3943.589743589744 4352.820512820514 4591.794871794872 4391.282051282052 1614.0 1711.0 2.853 2.5334272384643555 0.0 0.0 0.0 0.0  1  0  0  0  0  0  0  0  0  0  0  0  0  0 
2861 113.0 0.0 0.0 4351.282051282052 4074.8717948717954 4464.615384615385 4517.435897435898 4462.564102564103 4691.282051282052 4395.384615384616 4366.666666666667 4709.743589743591 4060.0000000000005 3953.8461538461543 4371.282051282052 4605.128205128206 4397.435897435898 1612.0 1711.0 2.861 2.5334272384643555 0.0 0.0 0.0 0.0  1  0  0  0  0  0  0  0  0  0  0  0  0  0 
2868 114.0 0.0 0.0 4353.333333333334 4066.666666666667 4464.102564102564 4527.179487179488 4462.564102564103 4688.717948717949 4389.2307692307695 4365.128205128206 4707.6923076923085 4058.9743589743593 3953.333333333334 4376.923076923077 4601.538461538462 4395.384615384616 1613.0 1713.0 2.868 2.5334272384643555 0.0 0.0 0.0 0.0  1  0  0  0  0  0  0  0  0  0  0  0  0  0 
2877 115.0 0.0 0.0 4355.8974358974365 4061.538461538462 4483.589743589744 4523.589743589744 4466.666666666667 4689.2307692307695 4383.589743589744 4365.128205128206 4705.641025641026 4058.9743589743593 3953.333333333334 4381.538461538462 4593.846153846154 4395.384615384616 1614.0 1711.0 2.877 2.5334272384643555 0.0 0.0 0.0 0.0  1  0  0  0  0  0  0  0  0  0  0  0  0  0 
2884 116.0 0.0 0.0 4357.948717948719 4067.1794871794878 4491.282051282052 4520.000000000001 4463.589743589744 4687.179487179488 4387.6923076923085 4365.128205128206 4706.153846153847 4059.48717948718 3956.9230769230776 4390.256410256411 4599.48717948718 4402.564102564103 1613.0 1713.0 2.884 2.5334272384643555 0.0 0.0 0.0 0.0  1  0  0  0  0  0  0  0  0  0  0  0  0  0 
2892 117.0 0.0 0.0 4344.102564102564 4065.6410256410263 4460.000000000001 4527.179487179488 4469.2307692307695 4696.410256410257 4387.6923076923085 4368.717948717949 4707.179487179488 4057.9487179487182 3950.7692307692314 4377.948717948719 4595.8974358974365 4398.974358974359 1614.0 1712.0 2.892 2.5334272384643555 0.0 0.0 0.0 0.0  1  0  0  0  0  0  0  0  0  0  0  0  0  0 
2899 118.0 0.0 0.0 4346.153846153847 4065.1282051282055 4473.846153846154 4537.948717948719 4466.153846153847 4687.6923076923085 4378.461538461539 4366.153846153847 4707.179487179488 4058.9743589743593 3957.435897435898 4382.564102564103 4603.589743589744 4402.564102564103 1612.0 1712.0 2.899 2.5334272384643555 0.0 0.0 0.0 0.0  1  0  0  0  0  0  0  0  0  0  0  0  0  0 
2907 119.0 0.0 0.0 4335.8974358974365 4068.205128205129 4488.717948717949 4535.384615384616 4469.743589743591 4692.820512820514 4375.384615384616 4366.153846153847 4707.179487179488 4058.9743589743593 3957.435897435898 4373.846153846154 4595.8974358974365 4398.974358974359 1613.0 1712.0 2.907 2.5334272384643555 0.0 0.0 0.0 0.0  1  0  0  0  0  0  0  0  0  0  0  0  0  0 
2916 120.0 0.0 0.0 4347.179487179487 4073.8461538461543 4480.000000000001 4526.666666666667 4467.179487179487 4695.8974358974365 4380.000000000001 4367.179487179487 4709.743589743591 4060.0000000000005 3954.358974358975 4369.743589743591 4600.000000000001 4405.128205128206 1613.0 1712.0 2.916 2.5334272384643555 0.0 0.0 0.0 0.0  1  0  0  0  0  0  0  0  0  0  0  0  0  0 
2924 121.0 0.0 0.0 4337.435897435898 4072.307692307693 4441.025641025642 4526.153846153847 4475.8974358974365 4703.589743589744 4385.128205128206 4373.846153846154 4713.846153846154 4061.0256410256416 3946.1538461538466 4349.743589743591 4602.051282051282 4398.974358974359 1613.0 1711.0 2.924 2.5334272384643555 0.0 0.0 0.0 0.0  1  0  0  0  0  0  0  0  0  0  0  0  0  0 
2932 122.0 0.0 0.0 4341.538461538462 4071.2820512820517 4436.410256410257 4530.769230769231 4476.410256410257 4703.589743589744 4380.512820512821 4376.923076923077 4717.948717948719 4062.564102564103 3948.205128205129 4347.179487179487 4609.2307692307695 4395.384615384616 1612.0 1711.0 2.932 2.5334272384643555 0.0 0.0 0.0 0.0  1  0  0  0  0  0  0  0  0  0  0  0  0  0 
2939 123.0 0.0 0.0 4328.717948717949 4069.23076923077 4434.871794871796 4521.538461538462 4477.948717948719 4709.2307692307695 4373.846153846154 4377.435897435898 4719.48717948718 4063.589743589744 3944.615384615385 4340.512820512821 4604.615384615385 4395.8974358974365 1614.0 1711.0 2.939 2.5334272384643555 0.0 0.0 0.0 0.0  1  0  0  0  0  0  0  0  0  0  0  0  0  0 
2947 124.0 0.0 0.0 4326.666666666667 4074.8717948717954 4435.384615384616 4507.179487179488 4476.923076923077 4709.743589743591 4369.743589743591 4372.820512820514 4717.435897435898 4064.615384615385 3944.615384615385 4343.589743589744 4607.179487179488 4402.564102564103 1613.0 1711.0 2.947 2.5334272384643555 0.0 0.0 0.0 0.0  1  0  0  0  0  0  0  0  0  0  0  0  0  0 
2954 125.0 0.0 0.0 4315.8974358974365 4074.358974358975 4413.846153846154 4509.743589743591 4483.076923076924 4716.410256410257 4374.871794871796 4374.358974358975 4721.025641025642 4065.1282051282055 3944.615384615385 4340.000000000001 4604.615384615385 4393.333333333334 1613.0 1712.0 2.954 2.5334272384643555 0.0 0.0 0.0 0.0  1  0  0  0  0  0  0  0  0  0  0  0  0  0 
2963 126.0 0.0 0.0 4316.410256410257 4070.2564102564106 4413.846153846154 4517.435897435898 4483.076923076924 4713.846153846154 4377.435897435898 4378.974358974359 4725.641025641026 4065.6410256410263 3946.666666666667 4340.000000000001 4607.179487179488 4389.2307692307695 1613.0 1711.0 2.963 2.5334272384643555 0.0 0.0 0.0 0.0  1  0  0  0  0  0  0  0  0  0  0  0  0  0 
2971 127.0 0.0 0.0 4306.153846153847 4071.2820512820517 4419.48717948718 4509.743589743591 4482.564102564103 4711.282051282052 4370.769230769231 4381.025641025642 4725.641025641026 4065.1282051282055 3943.076923076924 4335.384615384616 4609.2307692307695 4394.358974358975 1613.0 1713.0 2.971 2.5334272384643555 0.0 0.0 0.0 0.0  1  0  0  0  0  0  0  0  0  0  0  0  0  0 
2978 128.0 0.0 0.0 4309.743589743591 4078.9743589743593 4428.717948717949 4496.923076923077 4482.564102564103 4712.820512820514 4369.2307692307695 4380.000000000001 4723.589743589744 4064.615384615385 3941.538461538462 4332.307692307693 4609.2307692307695 4398.461538461539 1614.0 1711.0 2.978 2.5334272384643555 0.0 0.0 0.0 0.0  1  0  0  0  0  0  0  0  0  0  0  0  0  0 
2986 0.0 0.0 0.0 4318.974358974359 4077.9487179487187 4421.025641025642 4502.051282051282 4484.102564102564 4715.8974358974365 4376.923076923077 4381.025641025642 4724.615384615386 4062.0512820512827 3943.076923076924 4330.256410256411 4610.256410256411 4398.461538461539 1612.0 1712.0 2.986 2.5334272384643555 0.0 0.0 0.0 0.0  1  0  0  0  0  0  0  0  0  0  0  0  0  0 
2994 1.0 0.0 0.0 4325.641025641026 4073.8461538461543 4402.564102564103 4509.743589743591 4483.589743589744 4713.846153846154 4374.871794871796 4383.076923076924 4724.102564102564 4062.564102564103 3941.538461538462 4327.6923076923085 4613.333333333334 4398.461538461539 1613.0 1712.0 2.994 2.5334272384643555 0.0 0.0 0.0 0.0  1  0  0  0  0  0  0  0  0  0  0  0  0  0 
3001 2.0 0.0 0.0 4327.179487179487 4075.3846153846157 4398.461538461539 4505.128205128206 4482.564102564103 4712.820512820514 4364.615384615385 4383.589743589744 4724.615384615386 4066.666666666667 3941.0256410256416 4326.153846153847 4612.307692307693 4401.025641025642 1614.0 1712.0 3.001 2.5334272384643555 0.0 0.0 0.0 0.0  1  0  0  0  0  0  0  0  0  0  0  0  0  0 
3010 3.0 0.0 0.0 4322.051282051282 4078.461538461539 4395.8974358974365 4502.051282051282 4486.153846153847 4716.410256410257 4367.179487179487 4383.076923076924 4727.179487179488 4065.6410256410263 3940.5128205128212 4317.435897435898 4608.717948717949 4396.410256410257 1614.0 1711.0 3.01 2.5334272384643555 0.0 0.0 0.0 0.0  1  0  0  0  0  0  0  0  0  0  0  0  0  0 
3018 4.0 0.0 0.0 4324.615384615385 4081.0256410256416 4395.384615384616 4510.769230769231 4484.615384615385 4711.282051282052 4375.384615384616 4380.000000000001 4729.2307692307695 4063.589743589744 3941.0256410256416 4320.000000000001 4617.435897435898 4394.871794871796 1612.0 1712.0 3.018 2.5334272384643555 0.0 0.0 0.0 0.0  1  0  0  0  0  0  0  0  0  0  0  0  0  0 
3026 5.0 0.0 0.0 4314.358974358975 4076.9230769230776 4394.871794871796 4508.717948717949 4483.589743589744 4712.820512820514 4378.461538461539 4381.025641025642 4729.2307692307695 4067.692307692308 3939.48717948718 4319.48717948718 4614.871794871796 4391.794871794872 1614.0 1712.0 3.026 2.5334272384643555 0.0 0.0 0.0 0.0  1  0  0  0  0  0  0  0  0  0  0  0  0  0 
3032 6.0 0.0 0.0 4315.8974358974365 4075.3846153846157 4413.846153846154 4498.461538461539 4482.051282051282 4711.794871794872 4377.948717948719 4380.512820512821 4727.6923076923085 4068.717948717949 3942.0512820512827 4323.076923076924 4612.820512820514 4394.871794871796 1613.0 1711.0 3.032 2.5334272384643555 0.0 0.0 0.0 0.0  1  0  0  0  0  0  0  0  0  0  0  0  0  0 
3041 7.0 0.0 0.0 4303.076923076924 4074.8717948717954 4401.025641025642 4500.000000000001 4489.2307692307695 4715.384615384616 4377.948717948719 4383.589743589744 4730.256410256411 4063.589743589744 3937.9487179487182 4314.358974358975 4609.2307692307695 4391.794871794872 1613.0 1712.0 3.041 2.5334272384643555 0.0 0.0 0.0 0.0  1  0  0  0  0  0  0  0  0  0  0  0  0  0 
3049 8.0 0.0 0.0 4308.205128205129 4077.9487179487187 4395.384615384616 4507.179487179488 4484.102564102564 4711.282051282052 4374.871794871796 4383.076923076924 4730.769230769231 4065.1282051282055 3940.0000000000005 4321.538461538462 4614.871794871796 4393.333333333334 1613.0 1711.0 3.049 2.5334272384643555 0.0 0.0 0.0 0.0  1  0  0  0  0  0  0  0  0  0  0  0  0  0 
3057 9.0 0.0 0.0 4301.025641025642 4075.8974358974365 4393.333333333334 4500.000000000001 4483.076923076924 4716.410256410257 4367.179487179487 4384.102564102564 4729.2307692307695 4067.1794871794878 3939.48717948718 4317.435897435898 4610.769230769231 4392.820512820514 1612.0 1712.0 3.057 3.002580404281616 0.0 0.0 0.0 0.0  1  0  0  0  0  0  0  0  0  0  0  0  0  0 
3065 10.0 0.0 0.0 4310.769230769231 4078.9743589743593 4403.589743589744 4492.820512820514 4484.102564102564 4713.846153846154 4355.8974358974365 4383.076923076924 4728.205128205129 4066.1538461538466 3937.9487179487182 4316.410256410257 4615.384615384616 4398.461538461539 1614.0 1711.0 3.065 3.002580404281616 0.0 0.0 0.0 0.0  1  0  0  0  0  0  0  0  0  0  0  0  0  0 
3071 11.0 0.0 0.0 4307.179487179487 4077.9487179487187 4383.589743589744 4497.948717948719 4491.282051282052 4718.461538461539 4356.410256410257 4386.153846153847 4731.794871794872 4066.1538461538466 3932.820512820513 4306.666666666667 4615.8974358974365 4394.358974358975 1613.0 1711.0 3.071 3.002580404281616 0.0 0.0 0.0 0.0  1  0  0  0  0  0  0  0  0  0  0  0  0  0 
3080 12.0 0.0 0.0 4312.820512820514 4078.9743589743593 4375.8974358974365 4498.974358974359 4488.205128205129 4717.948717948719 4368.205128205129 4384.102564102564 4733.333333333334 4067.692307692308 3936.9230769230776 4311.794871794872 4618.974358974359 4394.871794871796 1613.0 1712.0 3.08 3.002580404281616 0.0 0.0 0.0 0.0  1  0  0  0  0  0  0  0  0  0  0  0  0  0 
3088 13.0 0.0 1.0 4310.256410256411 4077.435897435898 4377.435897435898 4491.282051282052 4486.153846153847 4720.000000000001 4378.461538461539 4382.051282051282 4731.282051282052 4064.615384615385 3935.8974358974365 4308.717948717949 4613.333333333334 4395.384615384616 1613.0 1711.0 3.088 3.0338573455810547 0.0 0.0 0.0 0.0  1  0  0  0  0  0  0  0  0  0  0  0  0  0 
3096 14.0 0.0 0.0 4318.461538461539 4077.435897435898 4384.615384615385 4488.205128205129 4489.743589743591 4719.48717948718 4373.846153846154 4383.076923076924 4730.769230769231 4065.6410256410263 3934.8717948717954 4306.666666666667 4613.333333333334 4397.948717948719 1613.0 1712.0 3.096 3.0338573455810547 0.0 0.0 0.0 0.0  1  0  0  0  0  0  0  0  0  0  0  0  0  0 
3104 15.0 0.0 0.0 4314.358974358975 4078.9743589743593 4370.769230769231 4491.794871794872 4496.410256410257 4724.102564102564 4373.846153846154 4386.666666666667 4734.358974358975 4069.23076923077 3935.8974358974365 4305.128205128206 4616.923076923077 4397.435897435898 1614.0 1712.0 3.104 3.0338573455810547 0.0 0.0 0.0 0.0  1  0  0  0  0  0  0  0  0  0  0  0  0  0 
3112 16.0 0.0 0.0 4309.2307692307695 4081.538461538462 4368.717948717949 4492.307692307693 4492.307692307693 4721.538461538462 4381.538461538462 4386.153846153847 4734.871794871796 4067.1794871794878 3934.358974358975 4308.717948717949 4617.435897435898 4397.435897435898 1614.0 1712.0 3.112 3.0338573455810547 0.0 0.0 0.0 0.0  1  0  0  0  0  0  0  0  0  0  0  0  0  0 
3118 17.0 0.0 0.0 4316.923076923077 4077.9487179487187 4386.666666666667 4492.307692307693 4484.615384615385 4714.358974358975 4376.410256410257 4383.076923076924 4727.179487179488 4062.564102564103 3936.410256410257 4313.846153846154 4612.820512820514 4395.384615384616 1614.0 1712.0 3.118 3.0338573455810547 0.0 0.0 0.0 0.0  1  0  0  0  0  0  0  0  0  0  0  0  0  0 
3127 18.0 0.0 0.0 4319.48717948718 4074.358974358975 4386.666666666667 4493.333333333334 4487.6923076923085 4715.384615384616 4367.179487179487 4384.102564102564 4725.128205128206 4065.1282051282055 3940.5128205128212 4312.307692307693 4608.717948717949 4389.743589743591 1613.0 1713.0 3.127 3.0338573455810547 0.0 0.0 0.0 0.0  1  0  0  0  0  0  0  0  0  0  0  0  0  0 
3134 19.0 0.0 0.0 4310.256410256411 4078.9743589743593 4370.256410256411 4496.410256410257 4490.769230769231 4720.000000000001 4373.333333333334 4387.179487179487 4731.794871794872 4069.7435897435903 3937.435897435898 4307.6923076923085 4612.820512820514 4390.769230769231 1614.0 1711.0 3.134 3.0338573455810547 0.0 0.0 0.0 0.0  1  0  0  0  0  0  0  0  0  0  0  0  0  0 
3143 20.0 0.0 0.0 4295.8974358974365 4081.0256410256416 4353.333333333334 4491.282051282052 4493.846153846154 4725.641025641026 4381.538461538462 4392.307692307693 4737.948717948719 4067.692307692308 3928.717948717949 4293.333333333334 4613.333333333334 4388.205128205129 1613.0 1712.0 3.143 3.0338573455810547 0.0 0.0 0.0 0.0  1  0  0  0  0  0  0  0  0  0  0  0  0  0 
3151 21.0 0.0 0.0 4305.641025641026 4081.0256410256416 4363.589743589744 4484.615384615385 4492.820512820514 4722.564102564103 4377.948717948719 4391.282051282052 4738.461538461539 4066.1538461538466 3933.8461538461543 4294.871794871796 4619.48717948718 4388.205128205129 1615.0 1711.0 3.151 3.0338573455810547 0.0 0.0 0.0 0.0  1  0  0  0  0  0  0  0  0  0  0  0  0  0 
3157 22.0 0.0 0.0 4306.153846153847 4080.5128205128212 4364.102564102564 4489.743589743591 4495.8974358974365 4722.564102564103 4367.6923076923085 4388.717948717949 4738.461538461539 4068.717948717949 3936.9230769230776 4295.8974358974365 4615.8974358974365 4386.666666666667 1613.0 1711.0 3.157 3.0338573455810547 0.0 0.0 0.0 0.0  1  0  0  0  0  0  0  0  0  0  0  0  0  0 
3165 23.0 0.0 0.0 4322.051282051282 4083.076923076924 4375.8974358974365 4500.000000000001 4489.743589743591 4712.820512820514 4357.435897435898 4385.641025641026 4736.410256410257 4069.23076923077 3936.9230769230776 4307.6923076923085 4618.461538461539 4395.8974358974365 1613.0 1712.0 3.165 3.0338573455810547 0.0 0.0 0.0 0.0  1  0  0  0  0  0  0  0  0  0  0  0  0  0 
3173 24.0 0.0 0.0 4318.461538461539 4078.9743589743593 4381.538461538462 4497.435897435898 4489.2307692307695 4711.282051282052 4353.846153846154 4386.153846153847 4732.820512820514 4065.6410256410263 3934.358974358975 4307.179487179487 4613.333333333334 4395.8974358974365 1613.0 1711.0 3.173 3.0338573455810547 0.0 0.0 0.0 0.0  1  0  0  0  0  0  0  0  0  0  0  0  0  0 
3181 25.0 0.0 0.0 4318.974358974359 4079.48717948718 4387.6923076923085 4495.8974358974365 4487.179487179488 4709.2307692307695 4357.948717948719 4384.102564102564 4731.794871794872 4064.615384615385 3939.48717948718 4312.307692307693 4613.333333333334 4396.923076923077 1613.0 1712.0 3.181 3.127687931060791 0.0 0.0 0.0 0.0  1  0  0  0  0  0  0  0  0  0  0  0  0  0 
3190 26.0 0.0 0.0 4310.769230769231 4078.9743589743593 4361.538461538462 4506.153846153847 4491.282051282052 4715.8974358974365 4363.589743589744 4388.717948717949 4734.871794871796 4064.615384615385 3937.435897435898 4303.076923076924 4610.769230769231 4393.333333333334 1613.0 1711.0 3.19 3.127687931060791 0.0 0.0 0.0 0.0  1  0  0  0  0  0  0  0  0  0  0  0  0  0 
3197 27.0 0.0 0.0 4326.153846153847 4085.6410256410263 4359.48717948718 4506.666666666667 4488.205128205129 4713.846153846154 4357.435897435898 4388.717948717949 4735.384615384616 4066.1538461538466 3935.3846153846157 4303.589743589744 4621.025641025642 4395.8974358974365 1613.0 1711.0 3.197 3.127687931060791 0.0 0.0 0.0 0.0  1  0  0  0  0  0  0  0  0  0  0  0  0  0 
3205 28.0 0.0 0.0 4324.615384615385 4088.205128205129 4371.794871794872 4493.846153846154 4488.717948717949 4717.435897435898 4353.846153846154 4383.589743589744 4733.333333333334 4067.1794871794878 3932.307692307693 4296.923076923077 4620.000000000001 4394.871794871796 1613.0 1711.0 3.205 3.127687931060791 0.0 0.0 0.0 0.0  1  0  0  0  0  0  0  0  0  0  0  0  0  0 
3212 29.0 0.0 0.0 4324.102564102564 4082.0512820512827 4389.743589743591 4488.717948717949 4486.666666666667 4714.871794871796 4370.256410256411 4378.974358974359 4731.282051282052 4067.1794871794878 3936.9230769230776 4303.076923076924 4616.923076923077 4397.948717948719 1613.0 1712.0 3.212 3.127687931060791 0.0 0.0 0.0 0.0  1  0  0  0  0  0  0  0  0  0  0  0  0  0 
3220 30.0 0.0 0.0 4313.333333333334 4071.2820512820517 4382.051282051282 4491.794871794872 4486.666666666667 4716.410256410257 4391.282051282052 4383.589743589744 4732.307692307693 4065.6410256410263 3937.435897435898 4309.2307692307695 4615.8974358974365 4397.948717948719 1613.0 1711.0 3.22 3.127687931060791 0.0 0.0 0.0 0.0  1  0  0  0  0  0  0  0  0  0  0  0  0  0 
3228 31.0 0.0 0.0 4310.256410256411 4074.358974358975 4381.025641025642 4487.6923076923085 4487.6923076923085 4716.923076923077 4384.102564102564 4385.641025641026 4733.846153846154 4066.666666666667 3936.9230769230776 4314.871794871796 4621.538461538462 4397.435897435898 1613.0 1712.0 3.228 3.127687931060791 0.0 0.0 0.0 0.0  1  0  0  0  0  0  0  0  0  0  0  0  0  0 
3237 32.0 0.0 0.0 4304.615384615385 4078.9743589743593 4382.051282051282 4483.589743589744 4490.256410256411 4718.974358974359 4367.6923076923085 4382.564102564103 4732.820512820514 4068.205128205129 3936.410256410257 4314.358974358975 4621.025641025642 4395.8974358974365 1613.0 1711.0 3.237 3.127687931060791 0.0 0.0 0.0 0.0  1  0  0  0  0  0  0  0  0  0  0  0  0  0 
3243 33.0 0.0 0.0 4302.564102564103 4077.9487179487187 4378.461538461539 4488.717948717949 4488.205128205129 4719.48717948718 4372.307692307693 4384.102564102564 4732.307692307693 4067.1794871794878 3935.8974358974365 4314.358974358975 4617.948717948719 4394.358974358975 1614.0 1712.0 3.243 3.127687931060791 0.0 0.0 0.0 0.0  1  0  0  0  0  0  0  0  0  0  0  0  0  0 
3251 34.0 0.0 0.0 4312.307692307693 4083.076923076924 4370.769230769231 4495.8974358974365 4485.641025641026 4719.48717948718 4376.923076923077 4386.666666666667 4733.333333333334 4066.1538461538466 3936.410256410257 4314.358974358975 4620.512820512821 4392.820512820514 1614.0 1712.0 3.251 3.127687931060791 0.0 0.0 0.0 0.0  1  0  0  0  0  0  0  0  0  0  0  0  0  0 
3260 35.0 0.0 0.0 4322.051282051282 4085.6410256410263 4357.948717948719 4495.384615384616 4487.6923076923085 4718.974358974359 4362.564102564103 4386.153846153847 4734.871794871796 4065.6410256410263 3932.820512820513 4303.589743589744 4617.948717948719 4389.2307692307695 1614.0 1713.0 3.26 3.127687931060791 0.0 0.0 0.0 0.0  1  0  0  0  0  0  0  0  0  0  0  0  0  0 
3267 36.0 0.0 0.0 4335.384615384616 4082.564102564103 4364.615384615385 4497.435897435898 4487.6923076923085 4712.307692307693 4346.666666666667 4385.128205128206 4732.307692307693 4064.615384615385 3932.820512820513 4305.641025641026 4618.974358974359 4393.333333333334 1614.0 1712.0 3.267 3.127687931060791 0.0 0.0 0.0 0.0  1  0  0  0  0  0  0  0  0  0  0  0  0  0 
3275 37.0 0.0 0.0 4336.923076923077 4081.538461538462 4375.8974358974365 4498.461538461539 4488.205128205129 4709.2307692307695 4347.179487179487 4385.128205128206 4728.717948717949 4062.0512820512827 3932.307692307693 4307.179487179487 4616.410256410257 4392.307692307693 1614.0 1713.0 3.275 3.127687931060791 0.0 0.0 0.0 0.0  1  0  0  0  0  0  0  0  0  0  0  0  0  0 
3284 38.0 0.0 0.0 4344.615384615385 4083.076923076924 4391.794871794872 4498.461538461539 4482.564102564103 4704.102564102564 4357.948717948719 4377.948717948719 4727.6923076923085 4063.076923076924 3936.410256410257 4316.923076923077 4617.435897435898 4395.384615384616 1614.0 1711.0 3.284 3.127687931060791 0.0 0.0 0.0 0.0  1  0  0  0  0  0  0  0  0  0  0  0  0  0 
3290 39.0 0.0 0.0 4332.820512820514 4073.8461538461543 4381.025641025642 4498.974358974359 4483.589743589744 4709.2307692307695 4375.8974358974365 4382.051282051282 4728.205128205129 4063.076923076924 3934.8717948717954 4313.333333333334 4611.282051282052 4396.923076923077 1613.0 1712.0 3.29 3.127687931060791 0.0 0.0 0.0 0.0  1  0  0  0  0  0  0  0  0  0  0  0  0  0 
3298 40.0 0.0 0.0 4330.256410256411 4073.8461538461543 4388.205128205129 4499.48717948718 4482.564102564103 4707.6923076923085 4389.2307692307695 4386.153846153847 4726.666666666667 4063.076923076924 3936.9230769230776 4317.435897435898 4616.923076923077 4404.102564102564 1614.0 1711.0 3.298 3.127687931060791 0.0 0.0 0.0 0.0  1  0  0  0  0  0  0  0  0  0  0  0  0  0 
3306 41.0 0.0 0.0 4305.128205128206 4081.0256410256416 4388.717948717949 4493.333333333334 4486.666666666667 4713.333333333334 4386.153846153847 4384.615384615385 4727.6923076923085 4064.1025641025644 3936.410256410257 4309.2307692307695 4612.820512820514 4398.974358974359 1613.0 1711.0 3.306 3.252795457839966 0.0 0.0 0.0 0.0  1  0  0  0  0  0  0  0  0  0  0  0  0  0 
3315 42.0 0.0 0.0 4306.153846153847 4082.564102564103 4390.769230769231 4493.333333333334 4484.615384615385 4712.820512820514 4374.871794871796 4382.051282051282 4731.794871794872 4067.1794871794878 3940.5128205128212 4312.820512820514 4613.846153846154 4395.8974358974365 1613.0 1712.0 3.315 3.252795457839966 0.0 0.0 0.0 0.0  1  0  0  0  0  0  0  0  0  0  0  0  0  0 
3323 43.0 0.0 0.0 4309.2307692307695 4076.9230769230776 4376.923076923077 4500.000000000001 4489.743589743591 4718.461538461539 4375.8974358974365 4387.6923076923085 4734.871794871796 4065.1282051282055 3938.461538461539 4310.256410256411 4610.769230769231 4391.794871794872 1614.0 1711.0 3.323 3.252795457839966 0.0 0.0 0.0 0.0  1  0  0  0  0  0  0  0  0  0  0  0  0  0 
3329 44.0 0.0 0.0 4321.025641025642 4084.615384615385 4377.948717948719 4500.512820512821 4486.666666666667 4712.820512820514 4385.641025641026 4386.666666666667 4732.820512820514 4065.6410256410263 3938.461538461539 4313.846153846154 4614.871794871796 4395.384615384616 1613.0 1711.0 3.329 3.252795457839966 0.0 0.0 0.0 0.0  1  0  0  0  0  0  0  0  0  0  0  0  0  0 
3338 45.0 0.0 0.0 4321.538461538462 4085.6410256410263 4370.769230769231 4495.8974358974365 4486.153846153847 4712.820512820514 4390.256410256411 4383.076923076924 4731.282051282052 4066.666666666667 3937.435897435898 4305.641025641026 4614.358974358975 4391.794871794872 1613.0 1711.0 3.338 3.252795457839966 0.0 0.0 0.0 0.0  1  0  0  0  0  0  0  0  0  0  0  0  0  0 
3346 46.0 0.0 0.0 4339.48717948718 4078.461538461539 4370.769230769231 4501.025641025642 4485.641025641026 4711.794871794872 4385.128205128206 4380.000000000001 4729.2307692307695 4064.1025641025644 3939.48717948718 4305.128205128206 4617.435897435898 4388.717948717949 1613.0 1712.0 3.346 3.252795457839966 0.0 0.0 0.0 0.0  1  0  0  0  0  0  0  0  0  0  0  0  0  0 
3354 47.0 0.0 0.0 4340.512820512821 4076.410256410257 4368.717948717949 4508.717948717949 4487.179487179488 4711.794871794872 4384.615384615385 4382.051282051282 4729.2307692307695 4061.538461538462 3938.461538461539 4308.717948717949 4617.948717948719 4388.205128205129 1613.0 1711.0 3.354 3.252795457839966 0.0 0.0 0.0 0.0  1  0  0  0  0  0  0  0  0  0  0  0  0  0 
3362 48.0 0.0 0.0 4330.769230769231 4083.076923076924 4375.384615384616 4502.051282051282 4486.666666666667 4708.717948717949 4396.923076923077 4384.615384615385 4728.717948717949 4063.076923076924 3935.8974358974365 4311.794871794872 4615.8974358974365 4393.846153846154 1613.0 1712.0 3.362 3.252795457839966 0.0 0.0 0.0 0.0  1  0  0  0  0  0  0  0  0  0  0  0  0  0 
3369 49.0 0.0 0.0 4323.589743589744 4079.48717948718 4381.538461538462 4494.871794871796 4486.666666666667 4709.2307692307695 4410.256410256411 4384.615384615385 4728.205128205129 4065.1282051282055 3935.3846153846157 4311.282051282052 4614.871794871796 4396.923076923077 1613.0 1711.0 3.369 3.252795457839966 0.0 0.0 0.0 0.0  1  0  0  0  0  0  0  0  0  0  0  0  0  0 
3376 50.0 0.0 0.0 4320.000000000001 4074.8717948717954 4383.076923076924 4495.8974358974365 4486.666666666667 4713.846153846154 4409.743589743591 4384.615384615385 4728.205128205129 4064.615384615385 3937.435897435898 4313.846153846154 4615.8974358974365 4396.923076923077 1612.0 1712.0 3.376 3.252795457839966 0.0 0.0 0.0 0.0  1  0  0  0  0  0  0  0  0  0  0  0  0  0 
3384 51.0 0.0 0.0 4316.923076923077 4080.5128205128212 4388.717948717949 4495.8974358974365 4484.102564102564 4713.846153846154 4393.333333333334 4384.102564102564 4728.717948717949 4064.1025641025644 3940.0000000000005 4322.051282051282 4618.461538461539 4401.538461538462 1614.0 1712.0 3.384 3.252795457839966 0.0 0.0 0.0 0.0  1  0  0  0  0  0  0  0  0  0  0  0  0  0 
3393 52.0 0.0 0.0 4307.6923076923085 4079.48717948718 4386.153846153847 4491.794871794872 4486.153846153847 4715.8974358974365 4378.974358974359 4383.589743589744 4728.205128205129 4063.589743589744 3936.410256410257 4318.461538461539 4611.282051282052 4399.48717948718 1612.0 1711.0 3.393 3.252795457839966 0.0 0.0 0.0 0.0  1  0  0  0  0  0  0  0  0  0  0  0  0  0 
3401 53.0 0.0 0.0 4317.948717948719 4074.358974358975 4391.794871794872 4494.358974358975 4484.615384615385 4713.333333333334 4373.333333333334 4381.025641025642 4727.6923076923085 4064.1025641025644 3937.9487179487182 4320.512820512821 4613.333333333334 4398.461538461539 1614.0 1712.0 3.401 3.252795457839966 0.0 0.0 0.0 0.0  1  0  0  0  0  0  0  0  0  0  0  0  0  0 
3409 54.0 0.0 0.0 4322.564102564103 4076.9230769230776 4388.205128205129 4494.871794871796 4486.666666666667 4714.358974358975 4371.794871794872 4383.076923076924 4728.205128205129 4065.1282051282055 3936.410256410257 4315.8974358974365 4613.333333333334 4395.8974358974365 1613.0 1711.0 3.409 3.252795457839966 0.0 0.0 0.0 0.0  1  0  0  0  0  0  0  0  0  0  0  0  0  0 
3417 55.0 0.0 0.0 4333.333333333334 4083.589743589744 4393.333333333334 4494.871794871796 4483.076923076924 4708.205128205129 4376.923076923077 4380.000000000001 4727.179487179488 4065.6410256410263 3938.9743589743593 4320.000000000001 4613.846153846154 4395.8974358974365 1613.0 1712.0 3.417 3.252795457839966 0.0 0.0 0.0 0.0  1  0  0  0  0  0  0  0  0  0  0  0  0  0 
3424 56.0 0.0 0.0 4329.2307692307695 4076.9230769230776 4384.102564102564 4498.461538461539 4486.153846153847 4711.282051282052 4390.256410256411 4379.48717948718 4726.153846153847 4065.6410256410263 3937.9487179487182 4312.820512820514 4605.128205128206 4388.205128205129 1614.0 1711.0 3.424 3.252795457839966 0.0 0.0 0.0 0.0  1  0  0  0  0  0  0  0  0  0  0  0  0  0 
3431 57.0 0.0 0.0 4343.076923076924 4077.9487179487187 4394.871794871796 4500.512820512821 4483.589743589744 4706.666666666667 4392.307692307693 4380.512820512821 4724.102564102564 4064.615384615385 3940.0000000000005 4320.000000000001 4610.769230769231 4393.333333333334 1613.0 1712.0 3.431 3.3779029846191406 0.0 0.0 0.0 0.0  1  0  0  0  0  0  0  0  0  0  0  0  0  0 
3440 58.0 0.0 0.0 4335.384615384616 4082.564102564103 4390.256410256411 4499.48717948718 4485.128205128206 4708.205128205129 4388.205128205129 4383.076923076924 4723.076923076924 4061.0256410256416 3939.48717948718 4316.410256410257 4608.717948717949 4395.384615384616 1614.0 1712.0 3.44 3.3779029846191406 0.0 0.0 0.0 0.0  1  0  0  0  0  0  0  0  0  0  0  0  0  0 
3447 59.0 0.0 0.0 4336.923076923077 4081.0256410256416 4394.358974358975 4502.051282051282 4481.538461538462 4707.179487179488 4388.717948717949 4381.025641025642 4724.102564102564 4061.538461538462 3942.0512820512827 4323.076923076924 4609.2307692307695 4397.435897435898 1613.0 1712.0 3.447 3.3779029846191406 0.0 0.0 0.0 0.0  1  0  0  0  0  0  0  0  0  0  0  0  0  0 
3455 60.0 0.0 0.0 4325.128205128206 4073.333333333334 4392.820512820514 4504.102564102564 4483.589743589744 4713.333333333334 4389.2307692307695 4383.076923076924 4727.179487179488 4063.589743589744 3938.9743589743593 4321.025641025642 4606.153846153847 4393.846153846154 1614.0 1711.0 3.455 3.3779029846191406 0.0 0.0 0.0 0.0  1  0  0  0  0  0  0  0  0  0  0  0  0  0 
3462 61.0 0.0 0.0 4327.6923076923085 4074.8717948717954 4398.461538461539 4501.025641025642 4483.076923076924 4706.153846153847 4383.076923076924 4382.051282051282 4728.205128205129 4062.564102564103 3940.5128205128212 4321.538461538462 4611.794871794872 4398.461538461539 1613.0 1712.0 3.462 3.3779029846191406 0.0 0.0 0.0 0.0  1  0  0  0  0  0  0  0  0  0  0  0  0  0 
3470 62.0 0.0 0.0 4324.102564102564 4075.8974358974365 4391.794871794872 4497.435897435898 4485.641025641026 4707.179487179488 4379.48717948718 4380.000000000001 4727.179487179488 4062.564102564103 3941.0256410256416 4318.974358974359 4610.769230769231 4397.948717948719 1614.0 1712.0 3.47 3.3779029846191406 0.0 0.0 0.0 0.0  1  0  0  0  0  0  0  0  0  0  0  0  0  0 
3479 63.0 0.0 0.0 4327.179487179487 4077.435897435898 4391.282051282052 4502.051282051282 4483.589743589744 4712.307692307693 4377.948717948719 4379.48717948718 4725.128205128206 4064.615384615385 3941.538461538462 4324.102564102564 4608.717948717949 4395.384615384616 1613.0 1711.0 3.479 3.3779029846191406 0.0 0.0 0.0 0.0  1  0  0  0  0  0  0  0  0  0  0  0  0  0 
3486 64.0 0.0 2.0 4324.615384615385 4078.9743589743593 4387.6923076923085 4508.717948717949 4481.538461538462 4712.307692307693 4378.974358974359 4380.000000000001 4725.128205128206 4063.076923076924 3941.538461538462 4321.538461538462 4608.717948717949 4394.358974358975 1613.0 1712.0 3.486 3.3779029846191406 0.0 0.0 0.0 0.0  1  0  0  0  0  0  0  0  0  0  0  0  0  0 
3494 65.0 0.0 0.0 4325.128205128206 4077.9487179487187 4385.641025641026 4506.153846153847 4483.076923076924 4707.179487179488 4377.948717948719 4381.538461538462 4727.179487179488 4062.0512820512827 3941.538461538462 4315.8974358974365 4613.333333333334 4396.923076923077 1613.0 1711.0 3.494 3.3779029846191406 0.0 0.0 0.0 0.0  1  0  0  0  0  0  0  0  0  0  0  0  0  0 
3503 66.0 0.0 0.0 4328.205128205129 4075.3846153846157 4384.102564102564 4503.589743589744 4487.6923076923085 4709.743589743591 4371.794871794872 4382.051282051282 4728.717948717949 4063.076923076924 3938.9743589743593 4315.384615384616 4617.435897435898 4394.871794871796 1612.0 1712.0 3.503 3.3779029846191406 0.0 0.0 0.0 0.0  1  0  0  0  0  0  0  0  0  0  0  0  0  0 
3509 67.0 0.0 0.0 4325.128205128206 4078.9743589743593 4377.948717948719 4505.128205128206 4489.2307692307695 4714.871794871796 4363.589743589744 4380.512820512821 4727.6923076923085 4062.564102564103 3936.410256410257 4311.282051282052 4612.307692307693 4390.256410256411 1614.0 1711.0 3.509 3.3779029846191406 0.0 0.0 0.0 0.0  1  0  0  0  0  0  0  0  0  0  0  0  0  0 
3517 68.0 0.0 0.0 4325.128205128206 4083.589743589744 4385.128205128206 4505.128205128206 4484.102564102564 4709.743589743591 4357.948717948719 4380.000000000001 4727.6923076923085 4061.538461538462 3941.0256410256416 4312.820512820514 4613.333333333334 4395.8974358974365 1613.0 1711.0 3.517 3.3779029846191406 0.0 0.0 0.0 0.0  1  0  0  0  0  0  0  0  0  0  0  0  0  0 
3526 69.0 0.0 0.0 4315.384615384616 4077.435897435898 4387.179487179487 4500.000000000001 4484.102564102564 4711.794871794872 4360.512820512821 4386.153846153847 4728.717948717949 4063.589743589744 3939.48717948718 4309.743589743591 4613.846153846154 4394.871794871796 1613.0 1711.0 3.526 3.3779029846191406 0.0 0.0 0.0 0.0  1  0  0  0  0  0  0  0  0  0  0  0  0  0 
3533 70.0 0.0 0.0 4317.435897435898 4075.3846153846157 4391.282051282052 4499.48717948718 4483.589743589744 4712.820512820514 4365.128205128206 4384.615384615385 4729.2307692307695 4066.1538461538466 3937.435897435898 4316.923076923077 4618.461538461539 4394.358974358975 1613.0 1711.0 3.533 3.3779029846191406 0.0 0.0 0.0 0.0  1  0  0  0  0  0  0  0  0  0  0  0  0  0 
3542 71.0 0.0 0.0 4307.6923076923085 4078.461538461539 4386.153846153847 4496.410256410257 4488.205128205129 4714.358974358975 4365.128205128206 4379.48717948718 4729.2307692307695 4065.1282051282055 3934.8717948717954 4315.8974358974365 4612.307692307693 4392.820512820514 1613.0 1712.0 3.542 3.3779029846191406 0.0 0.0 0.0 0.0  1  0  0  0  0  0  0  0  0  0  0  0  0  0 
3548 72.0 0.0 0.0 4317.435897435898 4082.564102564103 4395.8974358974365 4493.333333333334 4485.128205128206 4708.717948717949 4364.615384615385 4377.948717948719 4727.179487179488 4064.615384615385 3940.5128205128212 4321.538461538462 4615.8974358974365 4398.461538461539 1613.0 1712.0 3.548 3.3779029846191406 0.0 0.0 0.0 0.0  1  0  0  0  0  0  0  0  0  0  0  0  0  0 
3556 73.0 0.0 0.0 4318.974358974359 4078.461538461539 4387.6923076923085 4496.923076923077 4487.179487179488 4715.384615384616 4372.307692307693 4385.128205128206 4726.666666666667 4064.1025641025644 3939.48717948718 4317.948717948719 4612.820512820514 4394.358974358975 1613.0 1711.0 3.556 3.5030105113983154 0.0 0.0 0.0 0.0  1  0  0  0  0  0  0  0  0  0  0  0  0  0 
3564 74.0 0.0 0.0 4330.256410256411 4080.0000000000005 4391.794871794872 4500.512820512821 4483.076923076924 4711.794871794872 4369.2307692307695 4383.589743589744 4727.6923076923085 4064.1025641025644 3941.0256410256416 4327.179487179487 4613.846153846154 4396.410256410257 1613.0 1712.0 3.564 3.5030105113983154 0.0 0.0 0.0 0.0  1  0  0  0  0  0  0  0  0  0  0  0  0  0 
3572 75.0 0.0 0.0 4325.128205128206 4080.0000000000005 4386.153846153847 4497.435897435898 4486.153846153847 4712.307692307693 4365.641025641026 4378.974358974359 4728.717948717949 4063.076923076924 3938.461538461539 4321.025641025642 4609.743589743591 4395.8974358974365 1613.0 1713.0 3.572 3.5030105113983154 0.0 0.0 0.0 0.0  1  0  0  0  0  0  0  0  0  0  0  0  0  0 
3580 76.0 0.0 0.0 4334.871794871796 4078.9743589743593 4387.6923076923085 4498.974358974359 4484.615384615385 4709.743589743591 4371.794871794872 4378.461538461539 4726.153846153847 4063.076923076924 3940.0000000000005 4321.538461538462 4616.923076923077 4395.8974358974365 1614.0 1711.0 3.58 3.5030105113983154 0.0 0.0 0.0 0.0  1  0  0  0  0  0  0  0  0  0  0  0  0  0 
3589 77.0 0.0 1.0 4329.2307692307695 4075.8974358974365 4379.48717948718 4503.589743589744 4486.153846153847 4712.820512820514 4373.846153846154 4384.615384615385 4724.615384615386 4062.564102564103 3938.461538461539 4320.512820512821 4613.333333333334 4390.769230769231 1613.0 1712.0 3.589 3.534287214279175 0.0 0.0 0.0 0.0  1  0  0  0  0  0  0  0  0  0  0  0  0  0 
3595 78.0 0.0 0.0 4331.282051282052 4079.48717948718 4390.769230769231 4500.512820512821 4484.102564102564 4709.2307692307695 4365.641025641026 4384.102564102564 4725.128205128206 4062.0512820512827 3938.461538461539 4324.615384615385 4609.2307692307695 4394.358974358975 1613.0 1712.0 3.595 3.534287214279175 0.0 0.0 0.0 0.0  1  0  0  0  0  0  0  0  0  0  0  0  0  0 
3604 79.0 0.0 0.0 4326.666666666667 4080.5128205128212 4394.871794871796 4497.948717948719 4483.076923076924 4709.743589743591 4364.615384615385 4379.48717948718 4725.128205128206 4062.0512820512827 3937.435897435898 4317.435897435898 4610.256410256411 4395.8974358974365 1613.0 1712.0 3.604 3.534287214279175 0.0 0.0 0.0 0.0  1  0  0  0  0  0  0  0  0  0  0  0  0  0 
3611 80.0 0.0 0.0 4326.153846153847 4079.48717948718 4395.8974358974365 4501.538461538462 4481.538461538462 4709.743589743591 4369.743589743591 4378.461538461539 4724.615384615386 4061.538461538462 3939.48717948718 4316.410256410257 4613.846153846154 4394.871794871796 1614.0 1712.0 3.611 3.534287214279175 0.0 0.0 0.0 0.0  1  0  0  0  0  0  0  0  0  0  0  0  0  0 
3619 81.0 0.0 1.0 4322.051282051282 4081.0256410256416 4396.923076923077 4501.025641025642 4483.589743589744 4710.256410256411 4372.307692307693 4381.538461538462 4723.589743589744 4062.0512820512827 3940.5128205128212 4321.025641025642 4611.794871794872 4395.384615384616 1613.0 1712.0 3.619 3.534287214279175 0.0 0.0 0.0 0.0  1  0  0  0  0  0  0  0  0  0  0  0  0  0 
3628 82.0 0.0 0.0 4321.538461538462 4083.076923076924 4396.410256410257 4499.48717948718 4485.128205128206 4710.769230769231 4366.666666666667 4382.051282051282 4722.051282051282 4062.0512820512827 3938.461538461539 4324.102564102564 4609.743589743591 4397.948717948719 1614.0 1712.0 3.628 3.534287214279175 0.0 0.0 0.0 0.0  1  0  0  0  0  0  0  0  0  0  0  0  0  0 
3634 83.0 0.0 0.0 4330.256410256411 4078.461538461539 4398.974358974359 4508.717948717949 4481.025641025642 4706.666666666667 4360.000000000001 4378.974358974359 4722.564102564103 4061.538461538462 3940.5128205128212 4328.205128205129 4612.820512820514 4400.000000000001 1613.0 1712.0 3.634 3.534287214279175 0.0 0.0 0.0 0.0  1  0  0  0  0  0  0  0  0  0  0  0  0  0 
3643 84.0 0.0 0.0 4329.743589743591 4073.333333333334 4400.000000000001 4510.769230769231 4480.512820512821 4703.589743589744 4363.076923076924 4381.538461538462 4724.102564102564 4061.538461538462 3941.538461538462 4326.666666666667 4608.717948717949 4396.410256410257 1614.0 1712.0 3.643 3.534287214279175 0.0 0.0 0.0 0.0  1  0  0  0  0  0  0  0  0  0  0  0  0  0 
3650 85.0 0.0 1.0 4333.333333333334 4079.48717948718 4408.717948717949 4506.153846153847 4478.461538461539 4702.051282051282 4363.076923076924 4378.974358974359 4722.051282051282 4062.0512820512827 3943.589743589744 4331.794871794872 4608.717948717949 4398.974358974359 1614.0 1711.0 3.65 3.534287214279175 0.0 0.0 0.0 0.0  1  0  0  0  0  0  0  0  0  0  0  0  0  0 
3659 86.0 0.0 0.0 4330.769230769231 4079.48717948718 4404.102564102564 4508.717948717949 4479.48717948718 4707.6923076923085 4349.743589743591 4375.8974358974365 4720.512820512821 4061.0256410256416 3941.0256410256416 4330.769230769231 4606.153846153847 4397.435897435898 1614.0 1711.0 3.659 3.534287214279175 0.0 0.0 0.0 0.0  1  0  0  0  0  0  0  0  0  0  0  0  0  0 
3666 87.0 0.0 0.0 4342.051282051282 4074.8717948717954 4413.333333333334 4515.8974358974365 4476.923076923077 4702.051282051282 4339.48717948718 4374.358974358975 4720.000000000001 4062.564102564103 3946.1538461538466 4338.974358974359 4610.769230769231 4397.948717948719 1613.0 1712.0 3.666 3.534287214279175 0.0 0.0 0.0 0.0  1  0  0  0  0  0  0  0  0  0  0  0  0  0 
3674 88.0 0.0 0.0 4330.769230769231 4074.8717948717954 4410.256410256411 4511.794871794872 4480.512820512821 4702.051282051282 4344.102564102564 4378.461538461539 4720.000000000001 4061.538461538462 3946.1538461538466 4331.794871794872 4607.6923076923085 4394.358974358975 1613.0 1711.0 3.674 3.534287214279175 0.0 0.0 0.0 0.0  1  0  0  0  0  0  0  0  0  0  0  0  0  0 
3681 89.0 0.0 1.0 4331.794871794872 4081.538461538462 4415.384615384616 4509.2307692307695 4480.512820512821 4701.025641025642 4345.128205128206 4374.358974358975 4721.025641025642 4060.5128205128212 3945.1282051282055 4333.333333333334 4608.717948717949 4396.410256410257 1613.0 1711.0 3.681 3.534287214279175 0.0 0.0 0.0 0.0  1  0  0  0  0  0  0  0  0  0  0  0  0  0 
3689 90.0 0.0 0.0 4324.102564102564 4076.9230769230776 4407.179487179487 4514.358974358975 4483.076923076924 4707.179487179488 4335.8974358974365 4373.333333333334 4721.025641025642 4059.48717948718 3943.076923076924 4331.282051282052 4603.076923076924 4392.307692307693 1613.0 1712.0 3.689 3.534287214279175 0.0 0.0 0.0 0.0  1  0  0  0  0  0  0  0  0  0  0  0  0  0 
3697 91.0 0.0 0.0 4332.307692307693 4075.3846153846157 4412.307692307693 4514.358974358975 4480.000000000001 4702.564102564103 4330.256410256411 4375.8974358974365 4717.948717948719 4060.0000000000005 3946.666666666667 4341.538461538462 4609.743589743591 4396.410256410257 1612.0 1712.0 3.697 3.534287214279175 0.0 0.0 0.0 0.0  1  0  0  0  0  0  0  0  0  0  0  0  0  0 
3705 92.0 0.0 0.0 4328.205128205129 4076.9230769230776 4409.2307692307695 4510.256410256411 4483.076923076924 4706.666666666667 4341.025641025642 4378.974358974359 4718.974358974359 4061.538461538462 3941.0256410256416 4335.8974358974365 4609.2307692307695 4395.384615384616 1613.0 1711.0 3.705 3.534287214279175 0.0 0.0 0.0 0.0  1  0  0  0  0  0  0  0  0  0  0  0  0  0 
3713 93.0 0.0 1.0 4337.948717948719 4077.435897435898 4413.846153846154 4510.256410256411 4477.435897435898 4705.128205128206 4353.333333333334 4374.871794871796 4721.025641025642 4064.1025641025644 3941.0256410256416 4336.410256410257 4608.205128205129 4395.8974358974365 1613.0 1712.0 3.713 3.534287214279175 0.0 0.0 0.0 0.0  1  0  0  0  0  0  0  0  0  0  0  0  0  0 
3720 94.0 0.0 0.0 4333.333333333334 4075.3846153846157 4405.641025641026 4512.307692307693 4475.8974358974365 4708.205128205129 4361.025641025642 4373.846153846154 4720.000000000001 4061.538461538462 3943.589743589744 4332.307692307693 4602.564102564103 4394.358974358975 1613.0 1712.0 3.72 3.534287214279175 0.0 0.0 0.0 0.0  1  0  0  0  0  0  0  0  0  0  0  0  0  0 
3728 95.0 0.0 0.0 4332.820512820514 4078.461538461539 4408.717948717949 4509.743589743591 4478.974358974359 4708.205128205129 4363.589743589744 4376.410256410257 4720.512820512821 4060.0000000000005 3943.076923076924 4332.820512820514 4607.6923076923085 4397.435897435898 1614.0 1710.0 3.728 3.534287214279175 0.0 0.0 0.0 0.0  1  0  0  0  0  0  0  0  0  0  0  0  0  0 
3736 96.0 0.0 0.0 4329.2307692307695 4077.9487179487187 4410.256410256411 4506.666666666667 4484.102564102564 4709.2307692307695 4362.564102564103 4378.974358974359 4721.538461538462 4061.538461538462 3938.461538461539 4331.282051282052 4608.717948717949 4398.461538461539 1612.0 1712.0 3.736 3.534287214279175 0.0 0.0 0.0 0.0  1  0  0  0  0  0  0  0  0  0  0  0  0  0 
3745 97.0 0.0 1.0 4328.205128205129 4076.410256410257 4411.794871794872 4505.641025641026 4481.025641025642 4710.769230769231 4358.974358974359 4378.974358974359 4720.512820512821 4061.538461538462 3940.5128205128212 4328.205128205129 4606.153846153847 4396.923076923077 1614.0 1711.0 3.745 3.534287214279175 0.0 0.0 0.0 0.0  1  0  0  0  0  0  0  0  0  0  0  0  0  0 
3753 98.0 0.0 0.0 4324.102564102564 4076.410256410257 4411.282051282052 4506.153846153847 4478.461538461539 4711.794871794872 4358.461538461539 4379.48717948718 4721.538461538462 4058.9743589743593 3944.1025641025644 4326.666666666667 4608.717948717949 4397.948717948719 1613.0 1712.0 3.753 3.534287214279175 0.0 0.0 0.0 0.0  1  0  0  0  0  0  0  0  0  0  0  0  0  0 
3760 99.0 0.0 0.0 4321.025641025642 4074.8717948717954 4406.666666666667 4504.615384615385 4483.076923076924 4711.282051282052 4355.8974358974365 4381.025641025642 4722.564102564103 4059.48717948718 3940.5128205128212 4326.153846153847 4610.256410256411 4397.948717948719 1614.0 1712.0 3.76 3.534287214279175 0.0 0.0 0.0 0.0  1  0  0  0  0  0  0  0  0  0  0  0  0  0 
3767 100.0 0.0 0.0 4324.615384615385 4073.333333333334 4405.128205128206 4503.076923076924 4483.589743589744 4711.282051282052 4348.205128205129 4381.538461538462 4723.076923076924 4060.5128205128212 3940.0000000000005 4330.256410256411 4612.307692307693 4395.8974358974365 1613.0 1712.0 3.767 3.534287214279175 0.0 0.0 0.0 0.0  1  0  0  0  0  0  0  0  0  0  0  0  0  0 
3775 101.0 0.0 1.0 4318.974358974359 4075.3846153846157 4394.358974358975 4503.076923076924 4485.128205128206 4715.384615384616 4342.051282051282 4382.051282051282 4725.128205128206 4061.0256410256416 3939.48717948718 4324.615384615385 4609.2307692307695 4388.717948717949 1614.0 1711.0 3.775 3.534287214279175 0.0 0.0 0.0 0.0  1  0  0  0  0  0  0  0  0  0  0  0  0  0 
3783 102.0 0.0 0.0 4329.743589743591 4079.48717948718 4397.435897435898 4506.666666666667 4484.102564102564 4708.717948717949 4345.128205128206 4380.000000000001 4725.128205128206 4062.564102564103 3938.9743589743593 4325.641025641026 4613.333333333334 4391.282051282052 1613.0 1712.0 3.783 3.534287214279175 0.0 0.0 0.0 0.0  1  0  0  0  0  0  0  0  0  0  0  0  0  0 
3791 103.0 0.0 0.0 4328.205128205129 4078.461538461539 4389.2307692307695 4506.153846153847 4485.641025641026 4711.282051282052 4351.282051282052 4381.538461538462 4723.589743589744 4062.564102564103 3935.8974358974365 4318.461538461539 4609.743589743591 4390.256410256411 1614.0 1713.0 3.791 3.534287214279175 0.0 0.0 0.0 0.0  1  0  0  0  0  0  0  0  0  0  0  0  0  0 
3799 104.0 0.0 0.0 4333.846153846154 4080.0000000000005 4390.769230769231 4505.641025641026 4482.564102564103 4710.769230769231 4347.179487179487 4381.025641025642 4726.153846153847 4062.0512820512827 3941.0256410256416 4323.589743589744 4613.846153846154 4394.358974358975 1613.0 1711.0 3.799 3.534287214279175 0.0 0.0 0.0 0.0  1  0  0  0  0  0  0  0  0  0  0  0  0  0 
3806 105.0 0.0 1.0 4324.102564102564 4079.48717948718 4385.641025641026 4507.179487179488 4486.153846153847 4711.282051282052 4340.512820512821 4381.538461538462 4729.2307692307695 4061.0256410256416 3938.461538461539 4318.974358974359 4612.307692307693 4395.8974358974365 1613.0 1712.0 3.806 3.753225564956665 0.0 0.0 0.0 0.0  1  0  0  0  0  0  0  0  0  0  0  0  0  0 
3814 106.0 0.0 0.0 4328.205128205129 4078.461538461539 4400.000000000001 4506.666666666667 4480.512820512821 4705.128205128206 4340.512820512821 4378.461538461539 4725.128205128206 4062.0512820512827 3938.461538461539 4322.564102564103 4614.358974358975 4399.48717948718 1614.0 1711.0 3.814 3.753225564956665 0.0 0.0 0.0 0.0  1  0  0  0  0  0  0  0  0  0  0  0  0  0 
3822 107.0 0.0 0.0 4315.384615384616 4072.820512820513 4398.461538461539 4503.589743589744 4481.025641025642 4713.333333333334 4347.179487179487 4381.538461538462 4722.051282051282 4063.076923076924 3940.5128205128212 4317.435897435898 4609.2307692307695 4394.358974358975 1613.0 1712.0 3.822 3.753225564956665 0.0 0.0 0.0 0.0  1  0  0  0  0  0  0  0  0  0  0  0  0  0 
3830 108.0 0.0 0.0 4314.871794871796 4076.9230769230776 4403.076923076924 4502.564102564103 4483.589743589744 4713.846153846154 4344.615384615385 4382.564102564103 4724.615384615386 4064.615384615385 3944.1025641025644 4326.153846153847 4611.282051282052 4397.948717948719 1614.0 1711.0 3.83 3.753225564956665 0.0 0.0 0.0 0.0  1  0  0  0  0  0  0  0  0  0  0  0  0  0 
3838 109.0 0.0 1.0 4301.025641025642 4077.9487179487187 4398.461538461539 4502.564102564103 4487.6923076923085 4712.820512820514 4336.923076923077 4382.051282051282 4726.153846153847 4063.589743589744 3941.0256410256416 4322.564102564103 4608.205128205129 4396.923076923077 1613.0 1711.0 3.838 3.753225564956665 0.0 0.0 0.0 0.0  1  0  0  0  0  0  0  0  0  0  0  0  0  0 
3846 110.0 0.0 0.0 4303.589743589744 4077.9487179487187 4400.512820512821 4500.512820512821 4483.076923076924 4711.794871794872 4328.717948717949 4378.461538461539 4725.128205128206 4061.0256410256416 3943.076923076924 4323.076923076924 4612.307692307693 4397.435897435898 1613.0 1712.0 3.846 3.753225564956665 0.0 0.0 0.0 0.0  1  0  0  0  0  0  0  0  0  0  0  0  0  0 
3853 111.0 0.0 0.0 4305.641025641026 4076.9230769230776 4389.2307692307695 4499.48717948718 4486.153846153847 4718.461538461539 4321.538461538462 4381.025641025642 4726.666666666667 4061.0256410256416 3943.589743589744 4320.000000000001 4614.358974358975 4394.871794871796 1612.0 1711.0 3.853 3.753225564956665 0.0 0.0 0.0 0.0  1  0  0  0  0  0  0  0  0  0  0  0  0  0 
3861 112.0 0.0 0.0 4312.820512820514 4080.0000000000005 4381.025641025642 4498.461538461539 4487.179487179488 4717.948717948719 4320.000000000001 4385.641025641026 4729.743589743591 4062.564102564103 3941.538461538462 4315.8974358974365 4615.384615384616 4391.282051282052 1613.0 1712.0 3.861 3.753225564956665 0.0 0.0 0.0 0.0  1  0  0  0  0  0  0  0  0  0  0  0  0  0 
3869 113.0 0.0 1.0 