7085 122.0 0.0 0.0 4144.615384615385 4080.0000000000005 4269.2307692307695 4494.871794871796 4479.48717948718 4684.102564102564 4350.769230769231 4382.564102564103 4728.717948717949 4065.6410256410263 3943.589743589744 4300.512820512821 4612.820512820514 4394.358974358975 1613.0 1711.0 7.085 7.03729772567749 0.0 0.0 0.0 0.0  1  0  0  0  0  0  0  0  0  0  0  0  0  0 
7092 123.0 0.0 0.0 4138.461538461539 4079.48717948718 4263.589743589744 4494.358974358975 4482.051282051282 4683.589743589744 4354.871794871796 4383.076923076924 4729.743589743591 4060.5128205128212 3943.076923076924 4295.384615384616 4612.307692307693 4392.307692307693 1612.0 1711.0 7.092 7.03729772567749 0.0 0.0 0.0 0.0  1  0  0  0  0  0  0  0  0  0  0  0  0  0 
7100 124.0 0.0 0.0 4139.48717948718 4078.461538461539 4271.282051282052 4494.358974358975 4479.48717948718 4681.025641025642 4345.128205128206 4382.564102564103 4727.179487179488 4057.9487179487182 3943.076923076924 4301.025641025642 4612.307692307693 4393.846153846154 1614.0 1711.0 7.1 7.03729772567749 0.0 0.0 0.0 0.0  1  0  0  0  0  0  0  0  0  0  0  0  0  0 
7108 125.0 0.0 0.0 4136.410256410257 4076.410256410257 4280.512820512821 4493.333333333334 4479.48717948718 4684.615384615386 4332.307692307693 4383.076923076924 4725.128205128206 4060.5128205128212 3943.076923076924 4305.128205128206 4612.307692307693 4394.871794871796 1613.0 1711.0 7.108 7.03729772567749 0.0 0.0 0.0 0.0  1  0  0  0  0  0  0  0  0  0  0  0  0  0 
7116 126.0 0.0 0.0 4138.461538461539 4074.8717948717954 4282.564102564103 4493.846153846154 4478.974358974359 4685.128205128206 4320.512820512821 4381.025641025642 4725.641025641026 4062.564102564103 3944.1025641025644 4303.076923076924 4610.769230769231 4397.948717948719 1613.0 1712.0 7.116 7.03729772567749 0.0 0.0 0.0 0.0  1  0  0  0  0  0  0  0  0  0  0  0  0  0 
7124 127.0 0.0 0.0 4138.974358974359 4072.820512820513 4271.794871794872 4494.358974358975 4478.461538461539 4682.564102564103 4315.384615384616 4378.974358974359 4726.153846153847 4061.538461538462 3941.538461538462 4302.564102564103 4607.6923076923085 4398.461538461539 1613.0 1710.0 7.124 7.03729772567749 0.0 0.0 0.0 0.0  1  0  0  0  0  0  0  0  0  0  0  0  0  0 
7132 128.0 0.0 0.0 4136.410256410257 4074.358974358975 4262.564102564103 4492.820512820514 4480.512820512821 4682.051282051282 4320.512820512821 4383.076923076924 4726.666666666667 4062.0512820512827 3937.435897435898 4302.051282051282 4606.666666666667 4396.410256410257 1613.0 1713.0 7.132 7.03729772567749 0.0 0.0 0.0 0.0  1  0  0  0  0  0  0  0  0  0  0  0  0  0 
7139 0.0 0.0 0.0 4143.589743589744 4078.9743589743593 4266.153846153847 4496.923076923077 4479.48717948718 4681.538461538462 4329.743589743591 4384.102564102564 4727.179487179488 4063.589743589744 3940.5128205128212 4305.128205128206 4612.820512820514 4396.923076923077 1614.0 1711.0 7.139 7.03729772567749 0.0 0.0 0.0 0.0  1  0  0  0  0  0  0  0  0  0  0  0  0  0 
7147 1.0 0.0 0.0 4138.461538461539 4080.0000000000005 4256.410256410257 4497.435897435898 4483.076923076924 4685.128205128206 4344.102564102564 4382.564102564103 4727.179487179488 4061.0256410256416 3940.0000000000005 4302.564102564103 4610.769230769231 4391.794871794872 1612.0 1712.0 7.147 7.03729772567749 0.0 0.0 0.0 0.0  1  0  0  0  0  0  0  0  0  0  0  0  0  0 
7155 2.0 0.0 0.0 4140.512820512821 4080.5128205128212 4263.589743589744 4493.333333333334 4482.564102564103 4680.000000000001 4354.871794871796 4380.000000000001 4724.102564102564 4060.5128205128212 3940.0000000000005 4306.153846153847 4611.282051282052 4392.307692307693 1614.0 1712.0 7.155 7.03729772567749 0.0 0.0 0.0 0.0  1  0  0  0  0  0  0  0  0  0  0  0  0  0 
7163 3.0 0.0 0.0 4134.871794871796 4077.435897435898 4266.666666666667 4490.256410256411 4482.564102564103 4684.102564102564 4356.410256410257 4382.564102564103 4723.589743589744 4063.076923076924 3938.9743589743593 4303.589743589744 4609.2307692307695 4389.2307692307695 1613.0 1711.0 7.163 7.03729772567749 0.0 0.0 0.0 0.0  1  0  0  0  0  0  0  0  0  0  0  0  0  0 
7171 4.0 0.0 0.0 4142.564102564103 4078.9743589743593 4273.333333333334 4493.333333333334 4478.974358974359 4683.589743589744 4351.794871794872 4378.461538461539 4723.589743589744 4064.1025641025644 3941.0256410256416 4313.846153846154 4613.846153846154 4390.769230769231 1614.0 1711.0 7.171 7.03729772567749 0.0 0.0 0.0 0.0  1  0  0  0  0  0  0  0  0  0  0  0  0  0 
7178 5.0 0.0 0.0 4130.256410256411 4076.410256410257 4266.666666666667 4492.307692307693 4483.076923076924 4685.641025641026 4348.717948717949 4378.974358974359 4723.589743589744 4062.0512820512827 3939.48717948718 4307.179487179487 4609.743589743591 4391.282051282052 1613.0 1711.0 7.178 7.131128311157227 0.0 0.0 0.0 0.0  1  0  0  0  0  0  0  0  0  0  0  0  0  0 
7186 6.0 0.0 0.0 4136.923076923077 4078.461538461539 4276.923076923077 4490.769230769231 4475.8974358974365 4678.974358974359 4343.076923076924 4380.000000000001 4726.153846153847 4062.0512820512827 3943.589743589744 4305.128205128206 4612.820512820514 4399.48717948718 1614.0 1712.0 7.186 7.131128311157227 0.0 0.0 0.0 0.0  1  0  0  0  0  0  0  0  0  0  0  0  0  0 
7194 7.0 0.0 0.0 4131.794871794872 4072.820512820513 4267.179487179487 4490.769230769231 4475.8974358974365 4685.128205128206 4349.743589743591 4383.076923076924 4728.205128205129 4064.615384615385 3941.538461538462 4303.076923076924 4609.743589743591 4395.8974358974365 1613.0 1711.0 7.194 7.131128311157227 0.0 0.0 0.0 0.0  1  0  0  0  0  0  0  0  0  0  0  0  0  0 
7202 8.0 0.0 0.0 4135.384615384616 4073.333333333334 4270.769230769231 4495.384615384616 4478.974358974359 4684.102564102564 4360.000000000001 4382.051282051282 4726.666666666667 4064.1025641025644 3941.538461538462 4308.717948717949 4610.769230769231 4393.333333333334 1613.0 1712.0 7.202 7.131128311157227 0.0 0.0 0.0 0.0  1  0  0  0  0  0  0  0  0  0  0  0  0  0 
7210 9.0 0.0 0.0 4132.307692307693 4078.9743589743593 4273.846153846154 4496.410256410257 4484.615384615385 4683.076923076924 4356.923076923077 4383.589743589744 4725.128205128206 4061.0256410256416 3943.589743589744 4298.974358974359 4610.256410256411 4395.384615384616 1613.0 1711.0 7.21 7.131128311157227 0.0 0.0 0.0 0.0  1  0  0  0  0  0  0  0  0  0  0  0  0  0 
7218 10.0 0.0 0.0 4143.076923076924 4081.0256410256416 4280.512820512821 4494.871794871796 4480.512820512821 4681.025641025642 4346.153846153847 4383.076923076924 4725.641025641026 4060.0000000000005 3944.615384615385 4304.102564102564 4615.8974358974365 4401.025641025642 1613.0 1712.0 7.218 7.131128311157227 0.0 0.0 0.0 0.0  1  0  0  0  0  0  0  0  0  0  0  0  0  0 
7225 11.0 0.0 0.0 4139.48717948718 4072.820512820513 4270.256410256411 4496.410256410257 4480.512820512821 4687.179487179488 4343.076923076924 4382.051282051282 4726.153846153847 4061.0256410256416 3938.9743589743593 4306.666666666667 4612.820512820514 4394.358974358975 1614.0 1711.0 7.225 7.131128311157227 0.0 0.0 0.0 0.0  1  0  0  0  0  0  0  0  0  0  0  0  0  0 
7233 12.0 0.0 0.0 4144.615384615385 4075.8974358974365 4270.769230769231 4497.435897435898 4482.564102564103 4685.128205128206 4343.076923076924 4378.461538461539 4727.179487179488 4061.538461538462 3941.538461538462 4301.025641025642 4613.333333333334 4390.769230769231 1612.0 1712.0 7.233 7.131128311157227 0.0 0.0 0.0 0.0  1  0  0  0  0  0  0  0  0  0  0  0  0  0 
7241 13.0 0.0 0.0 4144.102564102564 4084.1025641025644 4274.871794871796 4494.871794871796 4483.589743589744 4681.538461538462 4345.128205128206 4377.435897435898 4727.179487179488 4060.0000000000005 3945.6410256410263 4296.923076923077 4614.871794871796 4392.820512820514 1613.0 1712.0 7.241 7.131128311157227 0.0 0.0 0.0 0.0  1  0  0  0  0  0  0  0  0  0  0  0  0  0 
7249 14.0 0.0 0.0 4141.538461538462 4081.538461538462 4272.820512820514 4493.846153846154 4484.102564102564 4682.051282051282 4352.307692307693 4382.051282051282 4724.615384615386 4061.0256410256416 3943.589743589744 4298.974358974359 4611.282051282052 4393.846153846154 1613.0 1711.0 7.249 7.131128311157227 0.0 0.0 0.0 0.0  1  0  0  0  0  0  0  0  0  0  0  0  0  0 
7257 15.0 0.0 0.0 4144.615384615385 4076.9230769230776 4265.128205128206 4496.923076923077 4483.076923076924 4683.076923076924 4364.102564102564 4382.564102564103 4724.615384615386 4063.589743589744 3940.5128205128212 4302.051282051282 4611.282051282052 4393.333333333334 1613.0 1712.0 7.257 7.131128311157227 0.0 0.0 0.0 0.0  1  0  0  0  0  0  0  0  0  0  0  0  0  0 
7264 16.0 0.0 0.0 4137.435897435898 4080.0000000000005 4264.102564102564 4495.8974358974365 4482.564102564103 4684.615384615386 4367.6923076923085 4381.025641025642 4725.641025641026 4062.0512820512827 3940.0000000000005 4300.000000000001 4612.307692307693 4392.820512820514 1613.0 1712.0 7.264 7.131128311157227 0.0 0.0 0.0 0.0  1  0  0  0  0  0  0  0  0  0  0  0  0  0 
7272 17.0 0.0 0.0 4133.333333333334 4082.564102564103 4285.128205128206 4493.846153846154 4477.435897435898 4680.512820512821 4364.102564102564 4382.051282051282 4726.153846153847 4062.0512820512827 3946.1538461538466 4307.179487179487 4615.384615384616 4398.974358974359 1613.0 1711.0 7.272 7.131128311157227 0.0 0.0 0.0 0.0  1  0  0  0  0  0  0  0  0  0  0  0  0  0 
7280 18.0 0.0 0.0 4131.794871794872 4072.307692307693 4280.000000000001 4492.820512820514 4477.948717948719 4682.051282051282 4370.256410256411 4387.6923076923085 4729.2307692307695 4064.1025641025644 3944.615384615385 4305.641025641026 4612.307692307693 4398.461538461539 1614.0 1711.0 7.28 7.131128311157227 0.0 0.0 0.0 0.0  1  0  0  0  0  0  0  0  0  0  0  0  0  0 
7288 19.0 0.0 0.0 4146.666666666667 4072.307692307693 4269.74358974359 4494.871794871796 4478.974358974359 4680.512820512821 4375.384615384616 4382.564102564103 4729.2307692307695 4063.589743589744 3940.0000000000005 4310.769230769231 4613.846153846154 4397.435897435898 1612.0 1712.0 7.288 7.131128311157227 0.0 0.0 0.0 0.0  1  0  0  0  0  0  0  0  0  0  0  0  0  0 
7296 20.0 0.0 0.0 4137.435897435898 4080.0000000000005 4260.512820512821 4495.8974358974365 4483.589743589744 4686.153846153847 4367.179487179487 4378.974358974359 4726.666666666667 4061.538461538462 3935.8974358974365 4304.102564102564 4608.205128205129 4392.820512820514 1613.0 1711.0 7.296 7.131128311157227 0.0 0.0 0.0 0.0  1  0  0  0  0  0  0  0  0  0  0  0  0  0 
7304 21.0 0.0 0.0 4143.589743589744 4085.6410256410263 4274.871794871796 4495.8974358974365 4478.461538461539 4683.076923076924 4355.384615384616 4377.948717948719 4724.102564102564 4060.5128205128212 3941.0256410256416 4305.128205128206 4614.358974358975 4397.948717948719 1613.0 1712.0 7.304 7.2562360763549805 0.0 0.0 0.0 0.0  1  0  0  0  0  0  0  0  0  0  0  0  0  0 
7311 22.0 0.0 0.0 4137.948717948719 4075.8974358974365 4264.615384615385 4493.846153846154 4480.512820512821 4685.128205128206 4357.948717948719 4381.025641025642 4726.153846153847 4058.461538461539 3938.9743589743593 4302.564102564103 4611.282051282052 4394.358974358975 1614.0 1711.0 7.311 7.2562360763549805 0.0 0.0 0.0 0.0  1  0  0  0  0  0  0  0  0  0  0  0  0  0 
7319 23.0 0.0 0.0 4141.025641025642 4076.9230769230776 4268.717948717949 4496.410256410257 4481.538461538462 4681.025641025642 4370.769230769231 4378.461538461539 4726.153846153847 4061.0256410256416 3939.48717948718 4313.333333333334 4611.282051282052 4393.846153846154 1612.0 1712.0 7.319 7.2562360763549805 0.0 0.0 0.0 0.0  1  0  0  0  0  0  0  0  0  0  0  0  0  0 
7327 24.0 0.0 0.0 4131.794871794872 4081.538461538462 4270.256410256411 4496.923076923077 4483.589743589744 4686.153846153847 4383.076923076924 4377.948717948719 4724.615384615386 4064.615384615385 3939.48717948718 4307.6923076923085 4611.794871794872 4394.871794871796 1614.0 1712.0 7.327 7.2562360763549805 0.0 0.0 0.0 0.0  1  0  0  0  0  0  0  0  0  0  0  0  0  0 
7335 25.0 0.0 0.0 4143.076923076924 4081.0256410256416 4276.923076923077 4494.871794871796 4478.461538461539 4684.615384615386 4384.102564102564 4377.435897435898 4723.076923076924 4061.538461538462 3941.0256410256416 4307.179487179487 4615.8974358974365 4399.48717948718 1614.0 1711.0 7.335 7.2562360763549805 0.0 0.0 0.0 0.0  1  0  0  0  0  0  0  0  0  0  0  0  0  0 
7343 26.0 0.0 0.0 4136.923076923077 4073.333333333334 4267.6923076923085 4494.358974358975 4481.025641025642 4686.666666666667 4389.743589743591 4381.538461538462 4725.128205128206 4058.9743589743593 3939.48717948718 4309.2307692307695 4609.743589743591 4394.871794871796 1614.0 1712.0 7.343 7.2562360763549805 0.0 0.0 0.0 0.0  1  0  0  0  0  0  0  0  0  0  0  0  0  0 
7350 27.0 0.0 0.0 4134.871794871796 4078.461538461539 4269.2307692307695 4495.384615384616 4480.512820512821 4686.666666666667 4391.794871794872 4383.589743589744 4725.128205128206 4061.0256410256416 3943.076923076924 4312.307692307693 4611.282051282052 4392.820512820514 1614.0 1711.0 7.35 7.2562360763549805 0.0 0.0 0.0 0.0  1  0  0  0  0  0  0  0  0  0  0  0  0  0 
7358 28.0 0.0 0.0 4135.384615384616 4079.48717948718 4268.205128205129 4493.846153846154 4482.051282051282 4685.641025641026 4378.974358974359 4382.051282051282 4725.128205128206 4063.076923076924 3946.1538461538466 4301.538461538462 4612.307692307693 4393.333333333334 1613.0 1712.0 7.358 7.2562360763549805 0.0 0.0 0.0 0.0  1  0  0  0  0  0  0  0  0  0  0  0  0  0 
7366 29.0 0.0 0.0 4137.948717948719 4072.307692307693 4273.333333333334 4492.307692307693 4484.102564102564 4682.051282051282 4365.128205128206 4381.538461538462 4726.666666666667 4063.589743589744 3944.615384615385 4301.025641025642 4611.282051282052 4395.8974358974365 1613.0 1711.0 7.366 7.2562360763549805 0.0 0.0 0.0 0.0  1  0  0  0  0  0  0  0  0  0  0  0  0  0 
7374 30.0 0.0 0.0 4133.846153846154 4072.307692307693 4276.923076923077 4494.871794871796 4482.564102564103 4685.128205128206 4372.307692307693 4383.076923076924 4727.179487179488 4063.076923076924 3942.0512820512827 4307.179487179487 4610.256410256411 4397.435897435898 1613.0 1712.0 7.374 7.2562360763549805 0.0 0.0 0.0 0.0  1  0  0  0  0  0  0  0  0  0  0  0  0  0 
7382 31.0 0.0 0.0 4132.820512820514 4081.538461538462 4273.333333333334 4495.8974358974365 4481.025641025642 4690.256410256411 4383.076923076924 4382.564102564103 4724.615384615386 4063.076923076924 3941.0256410256416 4302.051282051282 4607.179487179488 4395.8974358974365 1613.0 1711.0 7.382 7.2562360763549805 0.0 0.0 0.0 0.0  1  0  0  0  0  0  0  0  0  0  0  0  0  0 
7390 32.0 0.0 0.0 4137.948717948719 4082.564102564103 4270.769230769231 4493.846153846154 4482.564102564103 4685.128205128206 4377.948717948719 4378.461538461539 4727.179487179488 4063.076923076924 3943.589743589744 4304.615384615385 4609.2307692307695 4396.410256410257 1614.0 1711.0 7.39 7.2562360763549805 0.0 0.0 0.0 0.0  1  0  0  0  0  0  0  0  0  0  0  0  0  0 
7397 33.0 0.0 0.0 4137.948717948719 4075.3846153846157 4266.153846153847 4492.307692307693 4484.102564102564 4684.615384615386 4372.820512820514 4380.512820512821 4729.743589743591 4062.564102564103 3942.0512820512827 4304.615384615385 4610.256410256411 4394.871794871796 1613.0 1711.0 7.397 7.2562360763549805 0.0 0.0 0.0 0.0  1  0  0  0  0  0  0  0  0  0  0  0  0  0 
7405 34.0 0.0 0.0 4147.179487179487 4077.435897435898 4275.384615384616 4496.923076923077 4477.435897435898 4686.153846153847 4375.8974358974365 4382.564102564103 4726.153846153847 4064.1025641025644 3942.0512820512827 4304.102564102564 4612.820512820514 4395.384615384616 1613.0 1712.0 7.405 7.2562360763549805 0.0 0.0 0.0 0.0  1  0  0  0  0  0  0  0  0  0  0  0  0  0 
7413 35.0 0.0 0.0 4139.48717948718 4080.0000000000005 4274.358974358975 4497.435897435898 4479.48717948718 4686.666666666667 4381.025641025642 4385.128205128206 4724.615384615386 4064.615384615385 3941.0256410256416 4295.8974358974365 4608.717948717949 4393.846153846154 1613.0 1711.0 7.413 7.2562360763549805 0.0 0.0 0.0 0.0  1  0  0  0  0  0  0  0  0  0  0  0  0  0 
7421 36.0 0.0 0.0 4142.051282051282 4080.0000000000005 4278.974358974359 4494.871794871796 4480.512820512821 4678.974358974359 4384.615384615385 4380.512820512821 4727.179487179488 4064.615384615385 3943.589743589744 4304.102564102564 4614.871794871796 4400.512820512821 1613.0 1711.0 7.421 7.2562360763549805 0.0 0.0 0.0 0.0  1  0  0  0  0  0  0  0  0  0  0  0  0  0 
7429 37.0 0.0 0.0 4133.846153846154 4073.333333333334 4266.666666666667 4494.358974358975 4483.076923076924 4685.128205128206 4390.769230769231 4380.512820512821 4727.179487179488 4063.076923076924 3941.0256410256416 4301.025641025642 4609.743589743591 4396.410256410257 1613.0 1711.0 7.429 7.381343364715576 0.0 0.0 0.0 0.0  1  0  0  0  0  0  0  0  0  0  0  0  0  0 
7436 38.0 0.0 0.0 4140.512820512821 4077.9487179487187 4274.358974358975 4497.948717948719 4479.48717948718 4684.615384615386 4383.589743589744 4380.512820512821 4725.641025641026 4063.076923076924 3943.589743589744 4302.051282051282 4610.769230769231 4397.948717948719 1613.0 1712.0 7.436 7.381343364715576 0.0 0.0 0.0 0.0  1  0  0  0  0  0  0  0  0  0  0  0  0  0 
7444 39.0 0.0 0.0 4131.282051282052 4080.5128205128212 4271.794871794872 4496.410256410257 4483.589743589744 4685.128205128206 4373.333333333334 4384.615384615385 4727.179487179488 4062.0512820512827 3942.564102564103 4296.410256410257 4611.282051282052 4396.410256410257 1614.0 1711.0 7.444 7.381343364715576 0.0 0.0 0.0 0.0  1  0  0  0  0  0  0  0  0  0  0  0  0  0 
7452 40.0 0.0 0.0 4141.025641025642 4076.9230769230776 4274.871794871796 4494.871794871796 4480.512820512821 4682.564102564103 4374.358974358975 4383.589743589744 4724.615384615386 4062.0512820512827 3943.076923076924 4304.102564102564 4614.358974358975 4396.410256410257 1612.0 1712.0 7.452 7.381343364715576 0.0 0.0 0.0 0.0  1  0  0  0  0  0  0  0  0  0  0  0  0  0 
7460 41.0 0.0 0.0 4139.48717948718 4070.2564102564106 4264.102564102564 4494.871794871796 4481.025641025642 4686.153846153847 4377.948717948719 4383.076923076924 4725.128205128206 4062.564102564103 3940.0000000000005 4305.128205128206 4608.717948717949 4392.820512820514 1614.0 1711.0 7.46 7.381343364715576 0.0 0.0 0.0 0.0  1  0  0  0  0  0  0  0  0  0  0  0  0  0 
7468 42.0 0.0 0.0 4146.666666666667 4078.9743589743593 4270.769230769231 4494.871794871796 4479.48717948718 4683.076923076924 4373.846153846154 4382.051282051282 4729.2307692307695 4062.564102564103 3939.48717948718 4308.717948717949 4610.256410256411 4396.410256410257 1612.0 1711.0 7.468 7.381343364715576 0.0 0.0 0.0 0.0  1  0  0  0  0  0  0  0  0  0  0  0  0  0 
7476 43.0 0.0 0.0 4139.48717948718 4081.538461538462 4271.794871794872 4492.820512820514 4481.025641025642 4685.641025641026 4376.410256410257 4384.102564102564 4727.6923076923085 4062.564102564103 3937.9487179487182 4305.128205128206 4606.666666666667 4396.923076923077 1614.0 1712.0 7.476 7.381343364715576 0.0 0.0 0.0 0.0  1  0  0  0  0  0  0  0  0  0  0  0  0  0 
7483 44.0 0.0 0.0 4143.076923076924 4077.435897435898 4267.179487179487 4493.846153846154 4480.000000000001 4684.102564102564 4382.564102564103 4383.076923076924 4724.615384615386 4062.564102564103 3939.48717948718 4307.6923076923085 4607.179487179488 4396.410256410257 1614.0 1711.0 7.483 7.381343364715576 0.0 0.0 0.0 0.0  1  0  0  0  0  0  0  0  0  0  0  0  0  0 
7491 45.0 0.0 0.0 4139.48717948718 4075.3846153846157 4257.435897435898 4494.871794871796 4481.538461538462 4686.153846153847 4388.717948717949 4381.025641025642 4725.641025641026 4062.0512820512827 3939.48717948718 4309.2307692307695 4611.282051282052 4393.846153846154 1613.0 1712.0 7.491 7.381343364715576 0.0 0.0 0.0 0.0  1  0  0  0  0  0  0  0  0  0  0  0  0  0 
7499 46.0 0.0 0.0 4127.6923076923085 4080.0000000000005 4263.589743589744 4491.794871794872 4483.076923076924 4686.666666666667 4399.48717948718 4381.538461538462 4726.666666666667 4063.076923076924 3942.0512820512827 4307.179487179487 4611.282051282052 4393.846153846154 1613.0 1711.0 7.499 7.381343364715576 0.0 0.0 0.0 0.0  1  0  0  0  0  0  0  0  0  0  0  0  0  0 
7507 47.0 0.0 0.0 4123.589743589744 4079.48717948718 4273.333333333334 4491.794871794872 4480.000000000001 4683.076923076924 4405.641025641026 4382.564102564103 4727.6923076923085 4063.589743589744 3946.666666666667 4303.076923076924 4610.769230769231 4394.871794871796 1613.0 1712.0 7.507 7.381343364715576 0.0 0.0 0.0 0.0  1  0  0  0  0  0  0  0  0  0  0  0  0  0 
7515 48.0 0.0 0.0 4126.153846153847 4072.820512820513 4266.153846153847 4492.307692307693 4480.000000000001 4685.641025641026 4398.974358974359 4382.051282051282 4727.6923076923085 4062.564102564103 3945.1282051282055 4298.974358974359 4612.307692307693 4391.282051282052 1613.0 1712.0 7.515 7.381343364715576 0.0 0.0 0.0 0.0  1  0  0  0  0  0  0  0  0  0  0  0  0  0 
7522 49.0 0.0 0.0 4139.48717948718 4078.461538461539 4276.410256410257 4496.923076923077 4479.48717948718 4685.128205128206 4394.871794871796 4377.435897435898 4724.615384615386 4060.0000000000005 3945.1282051282055 4311.794871794872 4614.358974358975 4393.333333333334 1613.0 1712.0 7.522 7.381343364715576 0.0 0.0 0.0 0.0  1  0  0  0  0  0  0  0  0  0  0  0  0  0 
7530 50.0 0.0 0.0 4144.615384615385 4088.205128205129 4290.256410256411 4505.641025641026 4477.948717948719 4683.589743589744 4396.923076923077 4375.8974358974365 4724.615384615386 4059.48717948718 3944.615384615385 4316.410256410257 4612.307692307693 4397.435897435898 1613.0 1711.0 7.53 7.381343364715576 0.0 0.0 0.0 0.0  1  0  0  0  0  0  0  0  0  0  0  0  0  0 
7538 51.0 0.0 0.0 4150.769230769231 4086.666666666667 4290.769230769231 4507.6923076923085 4474.358974358975 4681.538461538462 4386.666666666667 4375.8974358974365 4726.153846153847 4062.0512820512827 3946.666666666667 4314.358974358975 4615.8974358974365 4401.538461538462 1613.0 1712.0 7.538 7.381343364715576 0.0 0.0 0.0 0.0  1  0  0  0  0  0  0  0  0  0  0  0  0  0 
7546 52.0 0.0 0.0 4136.410256410257 4073.333333333334 4264.615384615385 4497.435897435898 4480.512820512821 4689.743589743591 4381.025641025642 4383.076923076924 4725.641025641026 4063.076923076924 3942.564102564103 4303.076923076924 4610.769230769231 4396.923076923077 1614.0 1711.0 7.546 7.381343364715576 0.0 0.0 0.0 0.0  1  0  0  0  0  0  0  0  0  0  0  0  0  0 
7554 53.0 0.0 0.0 4140.000000000001 4076.9230769230776 4268.717948717949 4496.923076923077 4480.000000000001 4684.615384615386 4386.153846153847 4384.615384615385 4725.641025641026 4062.564102564103 3942.0512820512827 4310.769230769231 4613.846153846154 4398.461538461539 1612.0 1711.0 7.554 7.50645112991333 0.0 0.0 0.0 0.0  1  0  0  0  0  0  0  0  0  0  0  0  0  0 
7562 54.0 0.0 0.0 4135.8974358974365 4080.0000000000005 4270.769230769231 4498.461538461539 4481.025641025642 4686.153846153847 4384.615384615385 4386.153846153847 4726.666666666667 4061.538461538462 3938.9743589743593 4306.153846153847 4612.307692307693 4395.8974358974365 1614.0 1712.0 7.562 7.50645112991333 0.0 0.0 0.0 0.0  1  0  0  0  0  0  0  0  0  0  0  0  0  0 
7569 55.0 0.0 0.0 4142.564102564103 4078.461538461539 4280.512820512821 4494.871794871796 4479.48717948718 4685.128205128206 4375.384615384616 4384.615384615385 4725.641025641026 4063.589743589744 3941.538461538462 4306.153846153847 4611.282051282052 4400.000000000001 1613.0 1711.0 7.569 7.50645112991333 0.0 0.0 0.0 0.0  1  0  0  0  0  0  0  0  0  0  0  0  0  0 
7577 56.0 0.0 0.0 4133.846153846154 4075.3846153846157 4275.384615384616 4493.333333333334 4482.564102564103 4688.717948717949 4382.564102564103 4385.641025641026 4724.102564102564 4063.076923076924 3941.538461538462 4304.102564102564 4607.179487179488 4396.410256410257 1613.0 1712.0 7.577 7.50645112991333 0.0 0.0 0.0 0.0  1  0  0  0  0  0  0  0  0  0  0  0  0  0 
7585 57.0 0.0 0.0 4142.051282051282 4078.9743589743593 4275.8974358974365 4495.8974358974365 4479.48717948718 4684.102564102564 4385.641025641026 4381.025641025642 4724.102564102564 4061.0256410256416 3943.076923076924 4308.717948717949 4614.358974358975 4396.410256410257 1614.0 1711.0 7.585 7.5377278327941895 0.0 0.0 0.0 0.0  1  0  0  0  0  0  0  0  0  0  0  0  0  0 
7593 58.0 0.0 0.0 4137.435897435898 4075.8974358974365 4263.076923076924 4495.384615384616 4481.025641025642 4686.153846153847 4380.000000000001 4378.974358974359 4727.6923076923085 4060.5128205128212 3942.0512820512827 4300.000000000001 4609.2307692307695 4395.384615384616 1613.0 1712.0 7.593 7.5377278327941895 0.0 0.0 0.0 0.0  1  0  0  0  0  0  0  0  0  0  0  0  0  0 
7601 59.0 0.0 0.0 4142.564102564103 4076.9230769230776 4269.74358974359 4494.358974358975 4480.000000000001 4683.589743589744 4380.000000000001 4379.48717948718 4728.717948717949 4063.589743589744 3945.6410256410263 4298.461538461539 4607.6923076923085 4394.871794871796 1613.0 1711.0 7.601 7.5377278327941895 0.0 0.0 0.0 0.0  1  0  0  0  0  0  0  0  0  0  0  0  0  0 
7608 60.0 0.0 0.0 4137.948717948719 4078.461538461539 4272.820512820514 4494.871794871796 4481.538461538462 4683.589743589744 4383.076923076924 4382.051282051282 4727.6923076923085 4064.615384615385 3945.1282051282055 4298.461538461539 4610.769230769231 4392.307692307693 1613.0 1711.0 7.608 7.5377278327941895 0.0 0.0 0.0 0.0  1  0  0  0  0  0  0  0  0  0  0  0  0  0 
7616 61.0 0.0 0.0 4141.025641025642 4078.461538461539 4272.820512820514 4496.410256410257 4479.48717948718 4683.076923076924 4377.435897435898 4379.48717948718 4727.179487179488 4064.615384615385 3941.0256410256416 4301.538461538462 4611.282051282052 4392.820512820514 1613.0 1711.0 7.616 7.5377278327941895 0.0 0.0 0.0 0.0  1  0  0  0  0  0  0  0  0  0  0  0  0  0 
7624 62.0 0.0 0.0 4140.000000000001 4074.8717948717954 4269.2307692307695 4495.8974358974365 4482.051282051282 4684.615384615386 4368.717948717949 4378.461538461539 4725.641025641026 4065.1282051282055 3937.435897435898 4306.153846153847 4608.717948717949 4394.871794871796 1613.0 1712.0 7.624 7.5377278327941895 0.0 0.0 0.0 0.0  1  0  0  0  0  0  0  0  0  0  0  0  0  0 
7632 63.0 0.0 0.0 4137.948717948719 4073.8461538461543 4269.74358974359 4493.333333333334 4485.641025641026 4686.153846153847 4362.564102564103 4383.589743589744 4724.615384615386 4064.1025641025644 3936.9230769230776 4309.2307692307695 4609.2307692307695 4396.923076923077 1614.0 1712.0 7.632 7.5377278327941895 0.0 0.0 0.0 0.0  1  0  0  0  0  0  0  0  0  0  0  0  0  0 
7640 64.0 0.0 0.0 4137.948717948719 4075.8974358974365 4278.461538461539 4494.871794871796 4479.48717948718 4686.153846153847 4367.6923076923085 4383.589743589744 4727.179487179488 4061.538461538462 3938.461538461539 4310.256410256411 4611.282051282052 4399.48717948718 1613.0 1711.0 7.64 7.5377278327941895 0.0 0.0 0.0 0.0  1  0  0  0  0  0  0  0  0  0  0  0  0  0 
7648 65.0 0.0 0.0 4132.307692307693 4076.410256410257 4274.871794871796 4495.8974358974365 4479.48717948718 4688.205128205129 4375.384615384616 4381.538461538462 4727.179487179488 4060.0000000000005 3937.9487179487182 4306.153846153847 4605.128205128206 4396.410256410257 1614.0 1713.0 7.648 7.5377278327941895 0.0 0.0 0.0 0.0  1  0  0  0  0  0  0  0  0  0  0  0  0  0 
7655 66.0 0.0 0.0 4136.923076923077 4079.48717948718 4271.794871794872 4495.384615384616 4482.051282051282 4686.153846153847 4374.358974358975 4378.974358974359 4724.615384615386 4060.5128205128212 3940.0000000000005 4309.743589743591 4606.666666666667 4395.384615384616 1613.0 1711.0 7.655 7.5377278327941895 0.0 0.0 0.0 0.0  1  0  0  0  0  0  0  0  0  0  0  0  0  0 
7663 67.0 0.0 0.0 4130.769230769231 4079.48717948718 4262.564102564103 4494.358974358975 4484.102564102564 4689.2307692307695 4379.48717948718 4380.000000000001 4726.153846153847 4061.538461538462 3940.0000000000005 4304.102564102564 4608.205128205129 4391.794871794872 1613.0 1712.0 7.663 7.5377278327941895 0.0 0.0 0.0 0.0  1  0  0  0  0  0  0  0  0  0  0  0  0  0 
7671 68.0 0.0 0.0 4140.512820512821 4082.564102564103 4271.794871794872 4498.461538461539 4477.948717948719 4685.128205128206 4387.179487179487 4377.948717948719 4727.6923076923085 4062.564102564103 3944.615384615385 4306.666666666667 4612.307692307693 4393.846153846154 1614.0 1711.0 7.671 7.5377278327941895 0.0 0.0 0.0 0.0  1  0  0  0  0  0  0  0  0  0  0  0  0  0 
7679 69.0 0.0 0.0 4138.974358974359 4078.461538461539 4264.615384615385 4499.48717948718 4481.538461538462 4687.6923076923085 4385.128205128206 4378.461538461539 4727.6923076923085 4061.0256410256416 3942.564102564103 4300.512820512821 4607.6923076923085 4390.769230769231 1613.0 1712.0 7.679 7.631558418273926 0.0 0.0 0.0 0.0  1  0  0  0  0  0  0  0  0  0  0  0  0  0 
7687 70.0 0.0 0.0 4144.615384615385 4076.410256410257 4266.153846153847 4500.000000000001 4481.025641025642 4685.128205128206 4377.948717948719 4376.410256410257 4725.641025641026 4061.538461538462 3943.076923076924 4304.615384615385 4613.333333333334 4393.333333333334 1613.0 1711.0 7.687 7.631558418273926 0.0 0.0 0.0 0.0  1  0  0  0  0  0  0  0  0  0  0  0  0  0 
7695 71.0 0.0 0.0 4133.846153846154 4076.410256410257 4263.589743589744 4497.435897435898 4482.051282051282 4685.128205128206 4373.333333333334 4380.512820512821 4724.615384615386 4062.564102564103 3942.0512820512827 4298.461538461539 4610.769230769231 4392.307692307693 1613.0 1712.0 7.695 7.631558418273926 0.0 0.0 0.0 0.0  1  0  0  0  0  0  0  0  0  0  0  0  0  0 
7702 72.0 0.0 0.0 4141.025641025642 4080.5128205128212 4280.512820512821 4497.435897435898 4477.948717948719 4678.461538461539 4365.641025641026 4383.076923076924 4724.615384615386 4062.564102564103 3944.615384615385 4300.512820512821 4612.820512820514 4398.974358974359 1613.0 1712.0 7.702 7.631558418273926 0.0 0.0 0.0 0.0  1  0  0  0  0  0  0  0  0  0  0  0  0  0 
7710 73.0 0.0 0.0 4133.846153846154 4074.358974358975 4280.512820512821 4496.410256410257 4482.051282051282 4685.128205128206 4362.564102564103 4383.076923076924 4726.153846153847 4061.538461538462 3943.076923076924 4298.461538461539 4611.282051282052 4398.461538461539 1613.0 1712.0 7.71 7.631558418273926 0.0 0.0 0.0 0.0  1  0  0  0  0  0  0  0  0  0  0  0  0  0 
7718 74.0 0.0 0.0 4137.948717948719 4076.9230769230776 4282.051282051282 4494.871794871796 4482.051282051282 4685.641025641026 4361.025641025642 4379.48717948718 4726.153846153847 4062.564102564103 3943.589743589744 4307.179487179487 4614.358974358975 4401.538461538462 1614.0 1711.0 7.718 7.631558418273926 0.0 0.0 0.0 0.0  1  0  0  0  0  0  0  0  0  0  0  0  0  0 
7726 75.0 0.0 0.0 4133.846153846154 4082.0512820512827 4270.256410256411 4495.8974358974365 4481.538461538462 4687.179487179488 4363.076923076924 4381.538461538462 4724.615384615386 4063.589743589744 3941.0256410256416 4306.666666666667 4610.256410256411 4398.974358974359 1613.0 1711.0 7.726 7.631558418273926 0.0 0.0 0.0 0.0  1  0  0  0  0  0  0  0  0  0  0  0  0  0 
7734 76.0 0.0 0.0 4138.461538461539 4083.076923076924 4273.846153846154 4498.461538461539 4479.48717948718 4687.179487179488 4366.153846153847 4382.051282051282 4725.641025641026 4064.615384615385 3941.0256410256416 4308.205128205129 4609.743589743591 4396.410256410257 1613.0 1712.0 7.734 7.631558418273926 0.0 0.0 0.0 0.0  1  0  0  0  0  0  0  0  0  0  0  0  0  0 
7741 77.0 0.0 0.0 4138.974358974359 4078.461538461539 4276.410256410257 4498.974358974359 4483.076923076924 4689.743589743591 4367.179487179487 4380.000000000001 4726.153846153847 4064.1025641025644 3941.538461538462 4306.666666666667 4609.2307692307695 4394.358974358975 1613.0 1711.0 7.741 7.631558418273926 0.0 0.0 0.0 0.0  1  0  0  0  0  0  0  0  0  0  0  0  0  0 
7749 78.0 0.0 0.0 4148.205128205129 4080.0000000000005 4274.871794871796 4498.461538461539 4483.076923076924 4684.102564102564 4367.179487179487 4381.025641025642 4724.615384615386 4063.076923076924 3941.538461538462 4302.564102564103 4611.794871794872 4392.820512820514 1613.0 1713.0 7.749 7.631558418273926 0.0 0.0 0.0 0.0  1  0  0  0  0  0  0  0  0  0  0  0  0  0 
7757 79.0 0.0 0.0 4149.74358974359 4081.0256410256416 4270.769230769231 4499.48717948718 4480.512820512821 4682.051282051282 4368.205128205129 4381.538461538462 4725.641025641026 4063.076923076924 3943.076923076924 4302.051282051282 4611.794871794872 4389.743589743591 1614.0 1711.0 7.757 7.631558418273926 0.0 0.0 0.0 0.0  1  0  0  0  0  0  0  0  0  0  0  0  0  0 
7765 80.0 0.0 0.0 4144.102564102564 4079.48717948718 4270.256410256411 4498.461538461539 4482.051282051282 4685.128205128206 4371.282051282052 4377.948717948719 4727.179487179488 4062.0512820512827 3943.076923076924 4301.025641025642 4606.666666666667 4388.717948717949 1612.0 1711.0 7.765 7.631558418273926 0.0 0.0 0.0 0.0  1  0  0  0  0  0  0  0  0  0  0  0  0  0 
7773 81.0 0.0 0.0 4146.153846153847 4079.48717948718 4276.410256410257 4496.410256410257 4481.538461538462 4683.076923076924 4380.000000000001 4376.410256410257 4724.102564102564 4062.0512820512827 3942.0512820512827 4304.615384615385 4610.256410256411 4393.846153846154 1614.0 1711.0 7.773 7.631558418273926 0.0 0.0 0.0 0.0  1  0  0  0  0  0  0  0  0  0  0  0  0  0 
7781 82.0 0.0 0.0 4141.025641025642 4078.461538461539 4275.8974358974365 4496.923076923077 4481.025641025642 4683.589743589744 4385.128205128206 4383.589743589744 4724.615384615386 4063.076923076924 3938.9743589743593 4304.102564102564 4608.717948717949 4394.358974358975 1613.0 1711.0 7.781 7.631558418273926 0.0 0.0 0.0 0.0  1  0  0  0  0  0  0  0  0  0  0  0  0  0 
7788 83.0 0.0 0.0 4142.051282051282 4078.9743589743593 4285.128205128206 4502.564102564103 4477.948717948719 4684.615384615386 4373.846153846154 4384.102564102564 4728.717948717949 4061.0256410256416 3942.564102564103 4309.2307692307695 4610.256410256411 4397.435897435898 1614.0 1712.0 7.788 7.631558418273926 0.0 0.0 0.0 0.0  1  0  0  0  0  0  0  0  0  0  0  0  0  0 
7796 84.0 0.0 0.0 4132.820512820514 4079.48717948718 4277.948717948719 4501.025641025642 4484.102564102564 4690.769230769231 4366.153846153847 4381.025641025642 4726.666666666667 4057.435897435898 3940.0000000000005 4303.589743589744 4609.743589743591 4395.384615384616 1614.0 1711.0 7.796 7.631558418273926 0.0 0.0 0.0 0.0  1  0  0  0  0  0  0  0  0  0  0  0  0  0 
7804 85.0 0.0 0.0 4145.128205128206 4084.1025641025644 4282.564102564103 4499.48717948718 4480.512820512821 4685.128205128206 4367.6923076923085 4378.461538461539 4723.589743589744 4060.5128205128212 3937.435897435898 4308.205128205129 4611.794871794872 4394.871794871796 1613.0 1712.0 7.804 7.7566657066345215 0.0 0.0 0.0 0.0  1  0  0  0  0  0  0  0  0  0  0  0  0  0 
7812 86.0 0.0 0.0 4141.538461538462 4081.0256410256416 4273.333333333334 4498.974358974359 4481.538461538462 4688.205128205129 4368.205128205129 4381.025641025642 4725.128205128206 4062.564102564103 3935.3846153846157 4306.153846153847 4603.589743589744 4392.307692307693 1613.0 1712.0 7.812 7.7566657066345215 0.0 0.0 0.0 0.0  1  0  0  0  0  0  0  0  0  0  0  0  0  0 
7820 87.0 0.0 0.0 4147.179487179487 4082.564102564103 4271.794871794872 4500.512820512821 4481.538461538462 4687.179487179488 4362.051282051282 4376.410256410257 4723.076923076924 4059.48717948718 3940.5128205128212 4311.794871794872 4608.205128205129 4394.358974358975 1613.0 1712.0 7.82 7.7566657066345215 0.0 0.0 0.0 0.0  1  0  0  0  0  0  0  0  0  0  0  0  0  0 
7827 88.0 0.0 0.0 4137.948717948719 4082.0512820512827 4261.538461538462 4499.48717948718 4484.102564102564 4688.717948717949 4354.871794871796 4378.461538461539 4723.076923076924 4060.0000000000005 3938.9743589743593 4304.615384615385 4608.205128205129 4389.2307692307695 1613.0 1712.0 7.827 7.7566657066345215 0.0 0.0 0.0 0.0  1  0  0  0  0  0  0  0  0  0  0  0  0  0 
7835 89.0 0.0 0.0 4142.051282051282 4083.589743589744 4272.820512820514 4500.000000000001 4480.512820512821 4683.076923076924 4344.102564102564 4381.025641025642 4725.641025641026 4064.1025641025644 3941.538461538462 4304.102564102564 4609.743589743591 4393.333333333334 1614.0 1711.0 7.835 7.7566657066345215 0.0 0.0 0.0 0.0  1  0  0  0  0  0  0  0  0  0  0  0  0  0 
7843 90.0 0.0 0.0 4133.333333333334 4078.9743589743593 4273.333333333334 4499.48717948718 4483.076923076924 4685.641025641026 4347.179487179487 4381.538461538462 4724.102564102564 4061.0256410256416 3940.0000000000005 4302.051282051282 4606.666666666667 4393.333333333334 1614.0 1712.0 7.843 7.7566657066345215 0.0 0.0 0.0 0.0  1  0  0  0  0  0  0  0  0  0  0  0  0  0 
7851 91.0 0.0 0.0 4137.948717948719 4080.0000000000005 4276.923076923077 4501.025641025642 4482.564102564103 4682.564102564103 4362.051282051282 4378.974358974359 4721.025641025642 4060.5128205128212 3940.0000000000005 4309.743589743591 4612.820512820514 4395.384615384616 1614.0 1712.0 7.851 7.7566657066345215 0.0 0.0 0.0 0.0  1  0  0  0  0  0  0  0  0  0  0  0  0  0 
7859 92.0 0.0 0.0 4132.307692307693 4080.5128205128212 4273.333333333334 4500.512820512821 4483.589743589744 4686.153846153847 4360.512820512821 4381.538461538462 4724.102564102564 4063.589743589744 3941.0256410256416 4304.615384615385 4612.307692307693 4395.8974358974365 1613.0 1711.0 7.859 7.7566657066345215 0.0 0.0 0.0 0.0  1  0  0  0  0  0  0  0  0  0  0  0  0  0 
7867 93.0 0.0 0.0 4129.74358974359 4084.1025641025644 4276.410256410257 4497.948717948719 4480.512820512821 4687.6923076923085 4344.102564102564 4379.48717948718 4725.641025641026 4063.589743589744 3944.1025641025644 4301.538461538462 4609.743589743591 4397.435897435898 1613.0 1712.0 7.867 7.7566657066345215 0.0 0.0 0.0 0.0  1  0  0  0  0  0  0  0  0  0  0  0  0  0 
7874 94.0 0.0 0.0 4129.74358974359 4083.589743589744 4274.358974358975 4498.974358974359 4478.974358974359 4687.179487179488 4344.102564102564 4376.923076923077 4722.564102564103 4063.589743589744 3944.615384615385 4303.589743589744 4607.179487179488 4393.846153846154 1613.0 1712.0 7.874 7.7566657066345215 0.0 0.0 0.0 0.0  1  0  0  0  0  0  0  0  0  0  0  0  0  0 
7882 95.0 0.0 0.0 4135.384615384616 4078.461538461539 4276.410256410257 4498.974358974359 4482.051282051282 4685.128205128206 4350.256410256411 4381.025641025642 4722.564102564103 4064.615384615385 3942.0512820512827 4305.128205128206 4609.743589743591 4390.256410256411 1613.0 1712.0 7.882 7.7566657066345215 0.0 0.0 0.0 0.0  1  0  0  0  0  0  0  0  0  0  0  0  0  0 
7890 96.0 0.0 0.0 4137.435897435898 4077.435897435898 4282.564102564103 4499.48717948718 4481.025641025642 4685.128205128206 4345.128205128206 4381.538461538462 4725.641025641026 4061.0256410256416 3941.538461538462 4305.641025641026 4613.846153846154 4392.820512820514 1614.0 1711.0 7.89 7.7566657066345215 0.0 0.0 0.0 0.0  1  0  0  0  0  0  0  0  0  0  0  0  0  0 
7898 97.0 0.0 0.0 4138.461538461539 4077.435897435898 4280.000000000001 4502.051282051282 4478.461538461539 4688.205128205129 4344.615384615385 4378.974358974359 4726.153846153847 4057.9487179487182 3942.0512820512827 4302.051282051282 4608.205128205129 4394.871794871796 1613.0 1713.0 7.898 7.7566657066345215 0.0 0.0 0.0 0.0  1  0  0  0  0  0  0  0  0  0  0  0  0  0 
7906 98.0 0.0 0.0 4146.666666666667 4078.461538461539 4280.512820512821 4504.102564102564 4478.461538461539 4687.179487179488 4348.717948717949 4376.923076923077 4725.128205128206 4063.076923076924 3944.1025641025644 4307.179487179487 4606.666666666667 4399.48717948718 1614.0 1711.0 7.906 7.7566657066345215 0.0 0.0 0.0 0.0  1  0  0  0  0  0  0  0  0  0  0  0  0  0 
7913 99.0 0.0 0.0 4140.000000000001 4076.9230769230776 4276.410256410257 4499.48717948718 4483.076923076924 4689.2307692307695 4347.179487179487 4378.974358974359 4725.128205128206 4064.1025641025644 3940.5128205128212 4305.128205128206 4607.6923076923085 4396.923076923077 1612.0 1712.0 7.913 7.7566657066345215 0.0 0.0 0.0 0.0  1  0  0  0  0  0  0  0  0  0  0  0  0  0 
7921 100.0 0.0 0.0 4144.615384615385 4080.5128205128212 4281.538461538462 4499.48717948718 4478.974358974359 4686.153846153847 4344.615384615385 4377.435897435898 4723.589743589744 4060.0000000000005 3943.076923076924 4308.205128205129 4613.846153846154 4397.435897435898 1613.0 1712.0 7.921 7.7566657066345215 0.0 0.0 0.0 0.0  1  0  0  0  0  0  0  0  0  0  0  0  0  0 
7929 101.0 0.0 0.0 4137.948717948719 4080.5128205128212 4270.256410256411 4500.512820512821 4482.564102564103 4688.205128205129 4345.641025641026 4382.051282051282 4724.102564102564 4059.48717948718 3943.076923076924 4302.564102564103 4605.641025641026 4393.333333333334 1614.0 1712.0 7.929 7.881773471832275 0.0 0.0 0.0 0.0  1  0  0  0  0  0  0  0  0  0  0  0  0  0 
7937 102.0 0.0 0.0 4145.641025641026 4081.0256410256416 4278.974358974359 4500.512820512821 4482.051282051282 4686.153846153847 4332.820512820514 4383.076923076924 4726.153846153847 4062.0512820512827 3941.0256410256416 4308.717948717949 4606.666666666667 4395.384615384616 1613.0 1711.0 7.937 7.881773471832275 0.0 0.0 0.0 0.0  1  0  0  0  0  0  0  0  0  0  0  0  0  0 
7945 103.0 0.0 0.0 4139.48717948718 4077.9487179487187 4277.435897435898 4498.461538461539 4484.102564102564 4689.743589743591 4328.717948717949 4383.076923076924 4726.666666666667 4062.0512820512827 3937.435897435898 4302.564102564103 4607.6923076923085 4390.769230769231 1613.0 1712.0 7.945 7.881773471832275 0.0 0.0 0.0 0.0  1  0  0  0  0  0  0  0  0  0  0  0  0  0 
7953 104.0 0.0 0.0 4145.641025641026 4082.0512820512827 4282.051282051282 4498.974358974359 4479.48717948718 4683.589743589744 4345.641025641026 4379.48717948718 4724.102564102564 4062.0512820512827 3942.0512820512827 4304.615384615385 4612.307692307693 4392.820512820514 1613.0 1712.0 7.953 7.881773471832275 0.0 0.0 0.0 0.0  1  0  0  0  0  0  0  0  0  0  0  0  0  0 
7960 105.0 0.0 0.0 4134.358974358975 4080.5128205128212 4267.179487179487 4495.8974358974365 4483.589743589744 4686.153846153847 4355.8974358974365 4377.948717948719 4724.102564102564 4061.0256410256416 3940.0000000000005 4302.564102564103 4608.205128205129 4391.794871794872 1613.0 1711.0 7.96 7.881773471832275 0.0 0.0 0.0 0.0  1  0  0  0  0  0  0  0  0  0  0  0  0  0 
7968 106.0 0.0 0.0 4142.564102564103 4081.538461538462 4273.333333333334 4496.410256410257 4481.025641025642 4686.153846153847 4344.102564102564 4376.410256410257 4723.076923076924 4060.5128205128212 3940.0000000000005 4308.205128205129 4611.794871794872 4393.846153846154 1613.0 1712.0 7.968 7.881773471832275 0.0 0.0 0.0 0.0  1  0  0  0  0  0  0  0  0  0  0  0  0  0 
7976 107.0 0.0 0.0 4138.461538461539 4082.0512820512827 4273.333333333334 4500.512820512821 4480.000000000001 4689.743589743591 4340.000000000001 4381.025641025642 4722.564102564103 4062.564102564103 3938.9743589743593 4305.128205128206 4607.6923076923085 4392.820512820514 1613.0 1711.0 7.976 7.881773471832275 0.0 0.0 0.0 0.0  1  0  0  0  0  0  0  0  0  0  0  0  0  0 
7984 108.0 0.0 0.0 4141.538461538462 4083.076923076924 4273.333333333334 4500.000000000001 4478.461538461539 4685.641025641026 4347.6923076923085 4381.025641025642 4723.076923076924 4062.564102564103 3938.9743589743593 4309.2307692307695 4605.641025641026 4395.384615384616 1612.0 1712.0 7.984 7.881773471832275 0.0 0.0 0.0 0.0  1  0  0  0  0  0  0  0  0  0  0  0  0  0 
7992 109.0 0.0 0.0 4137.948717948719 4079.48717948718 4266.153846153847 4496.410256410257 4480.512820512821 4686.153846153847 4355.384615384616 4381.025641025642 4723.589743589744 4061.0256410256416 3939.48717948718 4307.179487179487 4606.666666666667 4396.410256410257 1614.0 1711.0 7.992 7.881773471832275 0.0 0.0 0.0 0.0  1  0  0  0  0  0  0  0  0  0  0  0  0  0 
8000 110.0 0.0 0.0 4137.948717948719 4080.0000000000005 4269.2307692307695 4496.923076923077 4481.538461538462 4688.205128205129 4361.025641025642 4381.538461538462 4724.102564102564 4063.076923076924 3941.538461538462 4305.128205128206 4608.717948717949 4394.871794871796 1613.0 1712.0 8.0 7.881773471832275 0.0 0.0 0.0 0.0  1  0  0  0  0  0  0  0  0  0  0  0  0  0 
8007 111.0 0.0 0.0 4134.358974358975 4082.0512820512827 4276.410256410257 4498.974358974359 4483.076923076924 4688.205128205129 4362.564102564103 4378.974358974359 4724.615384615386 4063.076923076924 3940.5128205128212 4308.717948717949 4607.179487179488 4393.333333333334 1614.0 1712.0 8.007 7.881773471832275 0.0 0.0 0.0 0.0  1  0  0  0  0  0  0  0  0  0  0  0  0  0 
8015 112.0 0.0 0.0 4130.769230769231 4081.0256410256416 4275.8974358974365 4497.948717948719 4482.564102564103 4686.153846153847 4359.48717948718 4377.948717948719 4724.615384615386 4060.0000000000005 3940.5128205128212 4309.743589743591 4606.153846153847 4393.333333333334 1613.0 1711.0 8.015 7.881773471832275 0.0 0.0 0.0 0.0  1  0  0  0  0  0  0  0  0  0  0  0  0  0 
8023 113.0 0.0 0.0 4132.820512820514 4077.9487179487187 4272.820512820514 4497.948717948719 4477.948717948719 4686.153846153847 4355.384615384616 4378.974358974359 4724.615384615386 4060.0000000000005 3944.1025641025644 4306.666666666667 4608.717948717949 4393.846153846154 1613.0 1712.0 8.023 7.881773471832275 0.0 0.0 0.0 0.0  1  0  0  0  0  0  0  0  0  0  0  0  0  0 
8031 114.0 0.0 0.0 4130.256410256411 4077.9487179487187 4268.205128205129 4498.461538461539 4480.000000000001 4690.256410256411 4353.846153846154 4380.000000000001 4724.102564102564 4062.564102564103 3942.564102564103 4300.000000000001 4607.179487179488 4390.256410256411 1613.0 1711.0 8.031 7.881773471832275 0.0 0.0 0.0 0.0  1  0  0  0  0  0  0  0  0  0  0  0  0  0 
8039 115.0 0.0 0.0 4138.974358974359 4082.564102564103 4280.512820512821 4499.48717948718 4480.000000000001 4685.128205128206 4362.051282051282 4380.000000000001 4725.128205128206 4063.076923076924 3943.589743589744 4304.615384615385 4612.820512820514 4393.846153846154 1613.0 1712.0 8.039 7.881773471832275 0.0 0.0 0.0 0.0  1  0  0  0  0  0  0  0  0  0  0  0  0  0 
8045 116.0 0.0 0.0 4134.358974358975 4077.435897435898 4277.435897435898 4498.974358974359 4481.538461538462 4685.128205128206 4370.256410256411 4383.589743589744 4726.153846153847 4062.0512820512827 3944.615384615385 4301.538461538462 4612.820512820514 4393.846153846154 1613.0 1711.0 8.046 7.881773471832275 0.0 0.0 0.0 0.0  1  0  0  0  0  0  0  0  0  0  0  0  0  0 
8054 117.0 0.0 0.0 4142.051282051282 4076.9230769230776 4276.923076923077 4498.974358974359 4478.461538461539 4683.076923076924 4361.025641025642 4381.025641025642 4723.589743589744 4062.564102564103 3946.1538461538466 4308.717948717949 4614.358974358975 4395.384615384616 1613.0 1712.0 8.054 8.006880760192871 0.0 0.0 0.0 0.0  1  0  0  0  0  0  0  0  0  0  0  0  0  0 
8061 118.0 0.0 0.0 4138.974358974359 4076.9230769230776 4270.769230769231 4496.923076923077 4483.589743589744 4688.205128205129 4353.846153846154 4383.076923076924 4724.102564102564 4061.0256410256416 3940.0000000000005 4306.153846153847 4607.179487179488 4393.846153846154 1614.0 1711.0 8.062 8.006880760192871 0.0 0.0 0.0 0.0  1  0  0  0  0  0  0  0  0  0  0  0  0  0 
8070 119.0 0.0 0.0 4141.538461538462 4079.48717948718 4286.666666666667 4497.435897435898 4482.564102564103 4686.153846153847 4363.076923076924 4381.025641025642 4726.666666666667 4063.076923076924 3939.48717948718 4309.743589743591 4609.2307692307695 4402.051282051282 1612.0 1712.0 8.07 8.006880760192871 0.0 0.0 0.0 0.0  1  0  0  0  0  0  0  0  0  0  0  0  0  0 
8077 120.0 0.0 0.0 4130.256410256411 4077.9487179487187 4282.051282051282 4498.461538461539 4483.589743589744 4690.256410256411 4372.307692307693 4381.025641025642 4725.128205128206 4064.1025641025644 3937.9487179487182 4305.128205128206 4608.205128205129 4398.974358974359 1614.0 1712.0 8.078 8.006880760192871 0.0 0.0 0.0 0.0  1  0  0  0  0  0  0  0  0  0  0  0  0  0 
8086 121.0 0.0 0.0 4146.153846153847 4082.564102564103 4278.461538461539 4498.974358974359 4480.000000000001 4688.205128205129 4368.205128205129 4381.025641025642 4721.538461538462 4063.076923076924 3938.9743589743593 4312.307692307693 4611.794871794872 4394.871794871796 1613.0 1712.0 8.086 8.03815746307373 0.0 0.0 0.0 0.0  1  0  0  0  0  0  0  0  0  0  0  0  0  0 
8093 122.0 0.0 0.0 4143.589743589744 4081.0256410256416 4266.153846153847 4495.8974358974365 4483.589743589744 4693.333333333334 4369.743589743591 4382.564102564103 4723.589743589744 4061.538461538462 3938.461538461539 4307.179487179487 4606.666666666667 4390.256410256411 1613.0 1712.0 8.093 8.03815746307373 0.0 0.0 0.0 0.0  1  0  0  0  0  0  0  0  0  0  0  0  0  0 
8101 123.0 0.0 0.0 4143.589743589744 4080.5128205128212 4273.846153846154 4497.435897435898 4482.051282051282 4690.769230769231 4378.461538461539 4378.974358974359 4726.153846153847 4062.564102564103 3941.0256410256416 4305.128205128206 4608.717948717949 4393.333333333334 1614.0 1712.0 8.101 8.03815746307373 0.0 0.0 0.0 0.0  1  0  0  0  0  0  0  0  0  0  0  0  0  0 
8109 124.0 0.0 0.0 4138.974358974359 4077.9487179487187 4272.820512820514 4500.512820512821 4482.564102564103 4689.743589743591 4383.589743589744 4380.000000000001 4725.641025641026 4060.5128205128212 3940.5128205128212 4301.025641025642 4607.6923076923085 4393.846153846154 1613.0 1712.0 8.109 8.03815746307373 0.0 0.0 0.0 0.0  1  0  0  0  0  0  0  0  0  0  0  0  0  0 
8117 125.0 0.0 0.0 4146.153846153847 4080.5128205128212 4277.948717948719 4501.025641025642 4480.512820512821 4686.153846153847 4375.8974358974365 4382.051282051282 4725.128205128206 4058.9743589743593 3941.538461538462 4303.589743589744 4608.717948717949 4395.384615384616 1613.0 1711.0 8.117 8.03815746307373 0.0 0.0 0.0 0.0  1  0  0  0  0  0  0  0  0  0  0  0  0  0 
8125 126.0 0.0 0.0 4139.48717948718 4078.9743589743593 4278.461538461539 4501.538461538462 4480.512820512821 4687.6923076923085 4364.615384615385 4381.025641025642 4725.128205128206 4061.0256410256416 3942.564102564103 4304.615384615385 4609.743589743591 4394.871794871796 1613.0 1712.0 8.125 8.03815746307373 0.0 0.0 0.0 0.0  1  0  0  0  0  0  0  0  0  0  0  0  0  0 
8132 127.0 0.0 0.0 4137.435897435898 4073.333333333334 4276.410256410257 4500.512820512821 4480.000000000001 4686.666666666667 4356.410256410257 4378.461538461539 4726.666666666667 4063.589743589744 3943.076923076924 4305.128205128206 4609.743589743591 4395.384615384616 1614.0 1711.0 8.132 8.03815746307373 0.0 0.0 0.0 0.0  1  0  0  0  0  0  0  0  0  0  0  0  0  0 
8140 128.0 0.0 0.0 4138.461538461539 4075.3846153846157 4278.974358974359 4498.461538461539 4479.48717948718 4684.615384615386 4356.410256410257 4380.000000000001 4726.666666666667 4064.1025641025644 3942.564102564103 4307.6923076923085 4609.743589743591 4397.435897435898 1613.0 1712.0 8.14 8.03815746307373 0.0 0.0 0.0 0.0  1  0  0  0  0  0  0  0  0  0  0  0  0  0 
8148 0.0 0.0 0.0 4133.333333333334 4080.5128205128212 4281.025641025642 4497.435897435898 4480.512820512821 4687.179487179488 4356.923076923077 4384.102564102564 4724.102564102564 4063.589743589744 3939.48717948718 4306.666666666667 4610.256410256411 4395.8974358974365 1613.0 1711.0 8.148 8.03815746307373 0.0 0.0 0.0 0.0  1  0  0  0  0  0  0  0  0  0  0  0  0  0 
8156 1.0 0.0 0.0 4135.8974358974365 4077.9487179487187 4280.000000000001 4499.48717948718 4479.48717948718 4688.205128205129 4356.410256410257 4382.564102564103 4724.102564102564 4061.0256410256416 3941.0256410256416 4308.717948717949 4609.743589743591 4396.410256410257 1613.0 1712.0 8.156 8.03815746307373 0.0 0.0 0.0 0.0  1  0  0  0  0  0  0  0  0  0  0  0  0  0 
8164 2.0 0.0 0.0 4133.333333333334 4073.8461538461543 4269.2307692307695 4498.461538461539 4483.076923076924 4690.256410256411 4362.051282051282 4381.025641025642 4725.128205128206 4060.5128205128212 3941.0256410256416 4303.589743589744 4603.589743589744 4395.384615384616 1613.0 1711.0 8.164 8.03815746307373 0.0 0.0 0.0 0.0  1  0  0  0  0  0  0  0  0  0  0  0  0  0 
8172 3.0 0.0 0.0 4140.512820512821 4081.538461538462 4276.923076923077 4500.512820512821 4481.025641025642 4687.6923076923085 4365.128205128206 4378.461538461539 4721.025641025642 4062.564102564103 3941.538461538462 4308.717948717949 4611.794871794872 4396.410256410257 1612.0 1712.0 8.172 8.03815746307373 0.0 0.0 0.0 0.0  1  0  0  0  0  0  0  0  0  0  0  0  0  0 
8179 4.0 0.0 0.0 4133.333333333334 4082.564102564103 4270.769230769231 4500.512820512821 4482.051282051282 4692.307692307693 4363.589743589744 4380.512820512821 4722.051282051282 4060.5128205128212 3940.0000000000005 4304.102564102564 4612.307692307693 4391.282051282052 1614.0 1712.0 8.179 8.03815746307373 0.0 0.0 0.0 0.0  1  0  0  0  0  0  0  0  0  0  0  0  0  0 
8186 5.0 0.0 0.0 4144.102564102564 4082.0512820512827 4271.794871794872 4499.48717948718 4479.48717948718 4686.666666666667 4362.564102564103 4380.512820512821 4726.666666666667 4058.9743589743593 3943.589743589744 4306.153846153847 4610.256410256411 4392.820512820514 1613.0 1711.0 8.187 8.03815746307373 0.0 0.0 0.0 0.0  1  0  0  0  0  0  0  0  0  0  0  0  0  0 
8195 6.0 0.0 0.0 4138.461538461539 4079.48717948718 4267.179487179487 4496.923076923077 4484.615384615385 4686.666666666667 4369.2307692307695 4381.538461538462 4725.128205128206 4060.5128205128212 3939.48717948718 4302.564102564103 4604.102564102564 4392.307692307693 1612.0 1712.0 8.195 8.03815746307373 0.0 0.0 0.0 0.0  1  0  0  0  0  0  0  0  0  0  0  0  0  0 
8203 7.0 0.0 0.0 4143.076923076924 4081.0256410256416 4282.051282051282 4498.461538461539 4479.48717948718 4684.102564102564 4373.333333333334 4378.974358974359 4722.051282051282 4061.0256410256416 3941.538461538462 4310.769230769231 4609.2307692307695 4397.435897435898 1614.0 1711.0 8.203 8.03815746307373 0.0 0.0 0.0 0.0  1  0  0  0  0  0  0  0  0  0  0  0  0  0 
8211 8.0 0.0 0.0 4134.358974358975 4073.8461538461543 4278.974358974359 4496.923076923077 4478.461538461539 4688.205128205129 4375.384615384616 4382.051282051282 4726.153846153847 4061.0256410256416 3942.564102564103 4305.128205128206 4608.205128205129 4394.358974358975 1613.0 1712.0 8.211 8.03815746307373 0.0 0.0 0.0 0.0  1  0  0  0  0  0  0  0  0  0  0  0  0  0 
8218 9.0 0.0 0.0 4138.974358974359 4074.8717948717954 4278.461538461539 4495.384615384616 4477.948717948719 4685.641025641026 4373.333333333334 4380.000000000001 4728.205128205129 4065.1282051282055 3945.1282051282055 4309.743589743591 4612.307692307693 4397.435897435898 1614.0 1711.0 8.218 8.03815746307373 0.0 0.0 0.0 0.0  1  0  0  0  0  0  0  0  0  0  0  0  0  0 
8226 10.0 0.0 0.0 4130.769230769231 4076.410256410257 4268.205128205129 4496.410256410257 4481.538461538462 4689.743589743591 4371.794871794872 4381.025641025642 4727.179487179488 4065.1282051282055 3943.076923076924 4309.743589743591 4609.2307692307695 4398.974358974359 1613.0 1711.0 8.226 8.03815746307373 0.0 0.0 0.0 0.0  1  0  0  0  0  0  0  0  0  0  0  0  0  0 
8234 11.0 0.0 0.0 4135.384615384616 4078.9743589743593 4275.8974358974365 4497.948717948719 4477.948717948719 4688.205128205129 4369.2307692307695 4383.589743589744 4726.153846153847 4061.0256410256416 3942.0512820512827 4309.2307692307695 4609.743589743591 4399.48717948718 1614.0 1712.0 8.234 8.03815746307373 0.0 0.0 0.0 0.0  1  0  0  0  0  0  0  0  0  0  0  0  0  0 
8242 12.0 0.0 0.0 4133.333333333334 4078.461538461539 4271.794871794872 4497.435897435898 4481.538461538462 4690.769230769231 4363.076923076924 4384.102564102564 4725.128205128206 4060.0000000000005 3941.0256410256416 4303.076923076924 4610.256410256411 4393.846153846154 1612.0 1712.0 8.242 8.03815746307373 0.0 0.0 0.0 0.0  1  0  0  0  0  0  0  0  0  0  0  0  0  0 
8250 13.0 0.0 0.0 4141.538461538462 4081.538461538462 4268.205128205129 4496.410256410257 4483.076923076924 4689.2307692307695 4359.48717948718 4380.512820512821 4725.641025641026 4062.564102564103 3943.589743589744 4305.128205128206 4612.307692307693 4390.769230769231 1613.0 1712.0 8.25 8.03815746307373 0.0 0.0 0.0 0.0  1  0  0  0  0  0  0  0  0  0  0  0  0  0 
8258 14.0 0.0 0.0 4145.128205128206 4081.0256410256416 4271.794871794872 4497.435897435898 4482.051282051282 4688.205128205129 4364.615384615385 4379.48717948718 4726.153846153847 4064.615384615385 3943.076923076924 4307.179487179487 4610.256410256411 4391.282051282052 1613.0 1712.0 8.258 8.03815746307373 0.0 0.0 0.0 0.0  1  0  0  0  0  0  0  0  0  0  0  0  0  0 
8265 15.0 0.0 0.0 4143.076923076924 4076.410256410257 4274.358974358975 4495.8974358974365 4482.564102564103 4685.641025641026 4367.179487179487 4381.025641025642 4724.102564102564 4065.1282051282055 3939.48717948718 4304.102564102564 4609.2307692307695 4396.923076923077 1613.0 1711.0 8.265 8.03815746307373 0.0 0.0 0.0 0.0  1  0  0  0  0  0  0  0  0  0  0  0  0  0 
8273 16.0 0.0 0.0 4142.564102564103 4076.410256410257 4271.794871794872 4494.358974358975 4482.051282051282 4684.102564102564 4364.615384615385 4381.538461538462 4725.128205128206 4061.538461538462 3942.0512820512827 4305.128205128206 4612.820512820514 4401.025641025642 1613.0 1711.0 8.273 8.03815746307373 0.0 0.0 0.0 0.0  1  0  0  0  0  0  0  0  0  0  0  0  0  0 
8281 17.0 0.0 0.0 4136.923076923077 4078.9743589743593 4271.794871794872 4493.846153846154 4481.538461538462 4688.717948717949 4365.128205128206 4383.589743589744 4727.6923076923085 4059.48717948718 3943.589743589744 4298.974358974359 4610.256410256411 4396.410256410257 1613.0 1711.0 8.281 8.03815746307373 0.0 0.0 0.0 0.0  1  0  0  0  0  0  0  0  0  0  0  0  0  0 
8289 18.0 0.0 0.0 4135.8974358974365 4078.461538461539 4278.974358974359 4494.871794871796 4479.48717948718 4688.205128205129 4365.641025641026 4383.076923076924 4726.666666666667 4063.076923076924 3944.1025641025644 4298.461538461539 4613.333333333334 4398.461538461539 1613.0 1712.0 8.289 8.03815746307373 0.0 0.0 0.0 0.0  1  0  0  0  0  0  0  0  0  0  0  0  0  0 
8297 19.0 0.0 0.0 4125.641025641026 4073.8461538461543 4269.2307692307695 4493.333333333334 4483.589743589744 4688.717948717949 4363.589743589744 4384.102564102564 4725.641025641026 4064.1025641025644 3943.589743589744 4296.923076923077 4612.307692307693 4397.435897435898 1614.0 1711.0 8.297 8.03815746307373 0.0 0.0 0.0 0.0  1  0  0  0  0  0  0  0  0  0  0  0  0  0 
8304 20.0 0.0 0.0 4135.384615384616 4078.461538461539 4278.461538461539 4494.871794871796 4478.974358974359 4684.615384615386 4360.000000000001 4380.512820512821 4727.179487179488 4061.538461538462 3945.1282051282055 4307.179487179487 4611.282051282052 4397.435897435898 1612.0 1712.0 8.304 8.03815746307373 0.0 0.0 0.0 0.0  1  0  0  0  0  0  0  0  0  0  0  0  0  0 
8312 21.0 0.0 0.0 4134.871794871796 4078.9743589743593 4275.384615384616 4495.384615384616 4479.48717948718 4687.6923076923085 4353.846153846154 4381.025641025642 4729.2307692307695 4061.0256410256416 3940.0000000000005 4302.051282051282 4607.179487179488 4393.846153846154 1614.0 1711.0 8.312 8.03815746307373 0.0 0.0 0.0 0.0  1  0  0  0  0  0  0  0  0  0  0  0  0  0 
8320 22.0 0.0 0.0 4146.666666666667 4078.461538461539 4271.794871794872 4495.8974358974365 4480.512820512821 4682.051282051282 4338.461538461539 4381.025641025642 4725.641025641026 4063.076923076924 3941.538461538462 4305.128205128206 4613.846153846154 4396.410256410257 1612.0 1712.0 8.32 8.03815746307373 0.0 0.0 0.0 0.0  1  0  0  0  0  0  0  0  0  0  0  0  0  0 
8328 23.0 0.0 0.0 4138.974358974359 4075.3846153846157 4260.512820512821 4493.846153846154 4484.615384615385 4685.641025641026 4327.6923076923085 4382.564102564103 4726.153846153847 4063.589743589744 3939.48717948718 4301.538461538462 4607.6923076923085 4393.333333333334 1614.0 1712.0 8.328 8.03815746307373 0.0 0.0 0.0 0.0  1  0  0  0  0  0  0  0  0  0  0  0  0  0 
8336 24.0 0.0 0.0 4143.076923076924 4077.435897435898 4274.871794871796 4492.820512820514 4481.025641025642 4682.051282051282 4328.205128205129 4380.512820512821 4729.743589743591 4063.076923076924 3938.9743589743593 4306.153846153847 4608.717948717949 4394.871794871796 1613.0 1711.0 8.336 8.03815746307373 0.0 0.0 0.0 0.0  1  0  0  0  0  0  0  0  0  0  0  0  0  0 
8344 25.0 0.0 0.0 4132.307692307693 4072.820512820513 4270.256410256411 4492.307692307693 4482.564102564103 4684.615384615386 4337.435897435898 4382.051282051282 4731.282051282052 4062.0512820512827 3939.48717948718 4303.589743589744 4610.769230769231 4391.282051282052 1613.0 1712.0 8.344 8.03815746307373 0.0 0.0 0.0 0.0  1  0  0  0  0  0  0  0  0  0  0  0  0  0 
8351 26.0 0.0 0.0 4138.974358974359 4074.8717948717954 4268.717948717949 4493.846153846154 4480.512820512821 4684.102564102564 4341.025641025642 4382.051282051282 4728.205128205129 4064.1025641025644 3944.1025641025644 4308.205128205129 4614.358974358975 4394.871794871796 1614.0 1711.0 8.351 8.03815746307373 0.0 0.0 0.0 0.0  1  0  0  0  0  0  0  0  0  0  0  0  0  0 
8359 27.0 0.0 0.0 4133.333333333334 4076.410256410257 4261.025641025642 4492.820512820514 4481.025641025642 4687.179487179488 4337.948717948719 4384.615384615385 4726.666666666667 4064.615384615385 3940.0000000000005 4305.128205128206 4609.2307692307695 4395.8974358974365 1613.0 1712.0 8.359 8.03815746307373 0.0 0.0 0.0 0.0  1  0  0  0  0  0  0  0  0  0  0  0  0  0 
8367 28.0 0.0 0.0 4131.282051282052 4077.9487179487187 4265.641025641026 4491.282051282052 4480.000000000001 4684.102564102564 4333.333333333334 4383.076923076924 4726.666666666667 4060.5128205128212 3940.0000000000005 4307.179487179487 4612.307692307693 4394.358974358975 1613.0 1712.0 8.367 8.03815746307373 0.0 0.0 0.0 0.0  1  0  0  0  0  0  0  0  0  0  0  0  0  0 
8375 29.0 0.0 0.0 4128.205128205129 4074.358974358975 4267.6923076923085 4491.794871794872 4483.589743589744 4684.615384615386 4338.974358974359 4380.512820512821 4724.102564102564 4060.0000000000005 3943.076923076924 4303.589743589744 4611.794871794872 4391.282051282052 1613.0 1711.0 8.375 8.03815746307373 0.0 0.0 0.0 0.0  1  0  0  0  0  0  0  0  0  0  0  0  0  0 
8383 30.0 0.0 0.0 4133.333333333334 4073.8461538461543 4273.333333333334 4491.794871794872 4483.076923076924 4682.564102564103 4346.666666666667 4381.538461538462 4723.589743589744 4064.1025641025644 3943.076923076924 4301.538461538462 4611.794871794872 4395.384615384616 1613.0 1711.0 8.383 8.03815746307373 0.0 0.0 0.0 0.0  1  0  0  0  0  0  0  0  0  0  0  0  0  0 
8390 31.0 0.0 0.0 4133.846153846154 4073.8461538461543 4273.333333333334 4491.282051282052 4481.025641025642 4681.538461538462 4344.102564102564 4382.051282051282 4725.128205128206 4063.589743589744 3943.076923076924 4304.615384615385 4614.358974358975 4397.435897435898 1612.0 1712.0 8.39 8.03815746307373 0.0 0.0 0.0 0.0  1  0  0  0  0  0  0  0  0  0  0  0  0  0 
8398 32.0 0.0 0.0 4136.923076923077 4073.333333333334 4270.256410256411 4492.820512820514 4482.564102564103 4686.666666666667 4344.615384615385 4381.025641025642 4725.128205128206 4061.538461538462 3944.615384615385 4303.076923076924 4612.820512820514 4395.384615384616 1613.0 1712.0 8.398 8.03815746307373 0.0 0.0 0.0 0.0  1  0  0  0  0  0  0  0  0  0  0  0  0  0 
8406 33.0 0.0 0.0 4140.512820512821 4076.9230769230776 4275.8974358974365 4496.923076923077 4482.051282051282 4687.6923076923085 4354.871794871796 4383.076923076924 4724.615384615386 4063.589743589744 3945.6410256410263 4302.051282051282 4612.820512820514 4398.974358974359 1613.0 1711.0 8.406 8.03815746307373 0.0 0.0 0.0 0.0  1  0  0  0  0  0  0  0  0  0  0  0  0  0 
8414 34.0 0.0 0.0 4132.307692307693 4076.9230769230776 4272.307692307693 4495.384615384616 4483.076923076924 4686.666666666667 4368.717948717949 4386.153846153847 4724.615384615386 4064.1025641025644 3941.538461538462 4298.974358974359 4610.256410256411 4398.974358974359 1614.0 1712.0 8.414 8.03815746307373 0.0 0.0 0.0 0.0  1  0  0  0  0  0  0  0  0  0  0  0  0  0 
8422 35.0 0.0 0.0 4138.461538461539 4076.9230769230776 4270.256410256411 4492.820512820514 4480.000000000001 4683.589743589744 4382.564102564103 4382.051282051282 4725.128205128206 4062.564102564103 3943.076923076924 4305.128205128206 4613.846153846154 4398.461538461539 1613.0 1711.0 8.422 8.03815746307373 0.0 0.0 0.0 0.0  1  0  0  0  0  0  0  0  0  0  0  0  0  0 
8430 36.0 0.0 0.0 4132.820512820514 4076.9230769230776 4261.025641025642 4492.820512820514 4482.051282051282 4688.205128205129 4387.6923076923085 4384.102564102564 4728.205128205129 4062.564102564103 3943.076923076924 4299.48717948718 4611.794871794872 4394.871794871796 1613.0 1712.0 8.43 8.03815746307373 0.0 0.0 0.0 0.0  1  0  0  0  0  0  0  0  0  0  0  0  0  0 
8437 37.0 0.0 0.0 4138.974358974359 4080.0000000000005 4274.358974358975 4496.410256410257 4481.538461538462 4682.564102564103 4378.974358974359 4384.615384615385 4728.205128205129 4064.1025641025644 3944.1025641025644 4303.076923076924 4614.871794871796 4398.461538461539 1614.0 1711.0 8.437 8.03815746307373 0.0 0.0 0.0 0.0  1  0  0  0  0  0  0  0  0  0  0  0  0  0 
8445 38.0 0.0 0.0 4136.410256410257 4076.9230769230776 4272.820512820514 4494.358974358975 4486.153846153847 4684.102564102564 4373.333333333334 4384.102564102564 4726.153846153847 4063.076923076924 3941.538461538462 4300.000000000001 4609.2307692307695 4392.820512820514 1612.0 1712.0 8.445 8.03815746307373 0.0 0.0 0.0 0.0  1  0  0  0  0  0  0  0  0  0  0  0  0  0 
8453 39.0 0.0 0.0 4146.153846153847 4078.461538461539 4276.923076923077 4492.307692307693 4481.538461538462 4681.025641025642 4366.666666666667 4381.025641025642 4727.6923076923085 4064.1025641025644 3943.076923076924 4306.666666666667 4610.769230769231 4394.358974358975 1614.0 1712.0 8.453 8.03815746307373 0.0 0.0 0.0 0.0  1  0  0  0  0  0  0  0  0  0  0  0  0  0 
8461 40.0 0.0 0.0 4134.358974358975 4076.410256410257 4265.641025641026 4492.307692307693 4483.589743589744 4684.615384615386 4366.666666666667 4384.102564102564 4728.205128205129 4064.1025641025644 3940.5128205128212 4299.48717948718 4610.769230769231 4392.307692307693 1612.0 1712.0 8.461 8.03815746307373 0.0 0.0 0.0 0.0  1  0  0  0  0  0  0  0  0  0  0  0  0  0 
8469 41.0 0.0 0.0 4143.076923076924 4078.461538461539 4273.846153846154 4493.333333333334 4479.48717948718 4682.051282051282 4376.923076923077 4382.051282051282 4724.102564102564 4063.589743589744 3945.1282051282055 4302.564102564103 4613.846153846154 4394.871794871796 1613.0 1712.0 8.469 8.03815746307373 0.0 0.0 0.0 0.0  1  0  0  0  0  0  0  0  0  0  0  0  0  0 
8476 42.0 0.0 0.0 4135.384615384616 4074.8717948717954 4271.794871794872 4492.307692307693 4478.461538461539 4685.641025641026 4380.512820512821 4381.025641025642 4723.589743589744 4063.076923076924 3943.589743589744 4302.564102564103 4609.743589743591 4394.871794871796 1613.0 1712.0 8.476 8.03815746307373 0.0 0.0 0.0 0.0  1  0  0  0  0  0  0  0  0  0  0  0  0  0 
8484 43.0 0.0 0.0 4134.871794871796 4073.8461538461543 4272.820512820514 4492.307692307693 4477.435897435898 4684.102564102564 4374.358974358975 4381.538461538462 4726.153846153847 4062.564102564103 3938.9743589743593 4306.666666666667 4613.846153846154 4397.948717948719 1614.0 1712.0 8.484 8.03815746307373 0.0 0.0 0.0 0.0  1  0  0  0  0  0  0  0  0  0  0  0  0  0 
8492 44.0 0.0 0.0 4131.794871794872 4074.358974358975 4262.564102564103 4493.846153846154 4481.538461538462 4688.205128205129 4387.6923076923085 4384.102564102564 4726.666666666667 4062.0512820512827 3937.435897435898 4305.641025641026 4612.307692307693 4396.410256410257 1613.0 1712.0 8.492 8.03815746307373 0.0 0.0 0.0 0.0  1  0  0  0  0  0  0  0  0  0  0  0  0  0 
8500 45.0 0.0 0.0 4134.358974358975 4077.435897435898 4263.589743589744 4494.871794871796 4481.538461538462 4687.179487179488 4400.000000000001 4383.589743589744 4724.102564102564 4063.589743589744 3942.0512820512827 4309.743589743591 4610.256410256411 4395.8974358974365 1613.0 1712.0 8.5 8.03815746307373 0.0 0.0 0.0 0.0  1  0  0  0  0  0  0  0  0  0  0  0  0  0 
8508 46.0 0.0 0.0 4130.256410256411 4075.3846153846157 4265.641025641026 4493.333333333334 4481.538461538462 4686.153846153847 4388.205128205129 4381.538461538462 4724.102564102564 4063.076923076924 3939.48717948718 4310.256410256411 4608.717948717949 4395.8974358974365 1614.0 1711.0 8.508 8.03815746307373 0.0 0.0 0.0 0.0  1  0  0  0  0  0  0  0  0  0  0  0  0  0 
8516 47.0 0.0 0.0 4133.846153846154 4076.9230769230776 4265.128205128206 4489.743589743591 4480.512820512821 4686.666666666667 4384.102564102564 4380.512820512821 4725.641025641026 4061.538461538462 3935.3846153846157 4307.179487179487 4610.769230769231 4396.410256410257 1613.0 1713.0 8.516 8.03815746307373 0.0 0.0 0.0 0.0  1  0  0  0  0  0  0  0  0  0  0  0  0  0 
8523 48.0 0.0 0.0 4136.923076923077 4078.461538461539 4264.102564102564 4492.307692307693 4482.051282051282 4686.666666666667 4401.538461538462 4380.000000000001 4725.641025641026 4063.076923076924 3940.0000000000005 4305.128205128206 4614.358974358975 4393.846153846154 1614.0 1711.0 8.523 8.03815746307373 0.0 0.0 0.0 0.0  1  0  0  0  0  0  0  0  0  0  0  0  0  0 
8531 49.0 0.0 0.0 4132.307692307693 4074.8717948717954 4261.025641025642 4494.358974358975 4485.641025641026 4688.205128205129 4406.153846153847 4381.025641025642 4725.641025641026 4063.589743589744 3943.589743589744 4300.512820512821 4612.307692307693 4389.743589743591 1613.0 1712.0 8.531 8.03815746307373 0.0 0.0 0.0 0.0  1  0  0  0  0  0  0  0  0  0  0  0  0  0 
8539 50.0 0.0 0.0 4136.923076923077 4075.8974358974365 4270.769230769231 4491.794871794872 4483.076923076924 4686.666666666667 4390.769230769231 4379.48717948718 4727.179487179488 4064.1025641025644 3943.589743589744 4304.102564102564 4611.794871794872 4395.8974358974365 1614.0 1711.0 8.539 8.03815746307373 0.0 0.0 0.0 0.0  1  0  0  0  0  0  0  0  0  0  0  0  0  0 
8547 51.0 0.0 0.0 4130.256410256411 4076.9230769230776 4269.2307692307695 4491.282051282052 4484.102564102564 4688.205128205129 4380.512820512821 4382.564102564103 4726.666666666667 4064.1025641025644 3941.0256410256416 4300.000000000001 4608.717948717949 4395.384615384616 1613.0 1712.0 8.547 8.03815746307373 0.0 0.0 0.0 0.0  1  0  0  0  0  0  0  0  0  0  0  0  0  0 
8555 52.0 0.0 0.0 4133.333333333334 4075.3846153846157 4268.717948717949 4495.384615384616 4481.025641025642 4683.076923076924 4379.48717948718 4383.589743589744 4724.102564102564 4063.076923076924 3945.1282051282055 4302.051282051282 4614.871794871796 4393.846153846154 1613.0 1712.0 8.555 8.50731086730957 0.0 0.0 0.0 0.0  1  0  0  0  0  0  0  0  0  0  0  0  0  0 
8563 53.0 0.0 0.0 4133.333333333334 4071.7948717948725 4263.076923076924 4493.846153846154 4483.076923076924 4686.666666666667 4378.974358974359 4383.589743589744 4725.128205128206 4061.538461538462 3942.564102564103 4296.923076923077 4610.769230769231 4395.384615384616 1613.0 1711.0 8.563 8.50731086730957 0.0 0.0 0.0 0.0  1  0  0  0  0  0  0  0  0  0  0  0  0  0 
8570 54.0 0.0 0.0 4142.564102564103 4076.410256410257 4278.974358974359 4494.871794871796 4482.564102564103 4684.102564102564 4372.307692307693 4380.512820512821 4726.153846153847 4061.538461538462 3944.615384615385 4302.564102564103 4611.794871794872 4402.564102564103 1613.0 1712.0 8.57 8.50731086730957 0.0 0.0 0.0 0.0  1  0  0  0  0  0  0  0  0  0  0  0  0  0 
8578 55.0 0.0 0.0 4130.256410256411 4075.8974358974365 4275.384615384616 4494.871794871796 4483.076923076924 4688.717948717949 4370.256410256411 4384.102564102564 4726.153846153847 4062.0512820512827 3943.076923076924 4297.948717948719 4610.256410256411 4397.435897435898 1613.0 1711.0 8.578 8.50731086730957 0.0 0.0 0.0 0.0  1  0  0  0  0  0  0  0  0  0  0  0  0  0 
8586 56.0 0.0 0.0 4141.538461538462 4077.435897435898 4276.410256410257 4494.358974358975 4475.384615384616 4683.589743589744 4374.871794871796 4382.564102564103 4724.102564102564 4062.564102564103 3941.538461538462 4302.564102564103 4614.871794871796 4400.512820512821 1614.0 1712.0 8.586 8.53858757019043 0.0 0.0 0.0 0.0  1  0  0  0  0  0  0  0  0  0  0  0  0  0 
8594 57.0 0.0 0.0 4137.948717948719 4074.8717948717954 4263.076923076924 4494.358974358975 4479.48717948718 4685.641025641026 4383.589743589744 4382.564102564103 4725.128205128206 4062.0512820512827 3938.461538461539 4297.948717948719 4609.743589743591 4398.461538461539 1613.0 1711.0 8.594 8.53858757019043 0.0 0.0 0.0 0.0  1  0  0  0  0  0  0  0  0  0  0  0  0  0 
8602 58.0 0.0 0.0 4141.538461538462 4077.9487179487187 4264.615384615385 4496.923076923077 4482.051282051282 4685.641025641026 4392.820512820514 4381.538461538462 4727.6923076923085 4062.564102564103 3941.538461538462 4304.102564102564 4612.307692307693 4398.461538461539 1613.0 1713.0 8.602 8.53858757019043 0.0 0.0 0.0 0.0  1  0  0  0  0  0  0  0  0  0  0  0  0  0 
8609 59.0 0.0 0.0 4133.846153846154 4078.9743589743593 4261.025641025642 4495.384615384616 4484.102564102564 4689.2307692307695 4400.512820512821 4383.589743589744 4729.743589743591 4064.1025641025644 3938.461538461539 4301.538461538462 4610.256410256411 4393.333333333334 1614.0 1711.0 8.609 8.53858757019043 0.0 0.0 0.0 0.0  1  0  0  0  0  0  0  0  0  0  0  0  0  0 
8617 60.0 0.0 0.0 4139.48717948718 4079.48717948718 4268.717948717949 4493.846153846154 4480.512820512821 4684.102564102564 4396.410256410257 4383.076923076924 4728.717948717949 4064.615384615385 3940.0000000000005 4301.025641025642 4609.743589743591 4391.794871794872 1612.0 1712.0 8.617 8.53858757019043 0.0 0.0 0.0 0.0  1  0  0  0  0  0  0  0  0  0  0  0  0  0 
8625 61.0 0.0 0.0 4134.871794871796 4075.8974358974365 4266.666666666667 4493.846153846154 4482.051282051282 4685.641025641026 4387.6923076923085 4383.589743589744 4726.666666666667 4063.589743589744 3942.564102564103 4300.512820512821 4609.743589743591 4393.846153846154 1614.0 1712.0 8.625 8.53858757019043 0.0 0.0 0.0 0.0  1  0  0  0  0  0  0  0  0  0  0  0  0  0 
8633 62.0 0.0 0.0 4136.923076923077 4075.8974358974365 4269.2307692307695 4493.333333333334 4482.564102564103 4686.666666666667 4382.051282051282 4381.538461538462 4725.128205128206 4063.076923076924 3942.0512820512827 4302.564102564103 4611.794871794872 4397.435897435898 1613.0 1711.0 8.633 8.53858757019043 0.0 0.0 0.0 0.0  1  0  0  0  0  0  0  0  0  0  0  0  0  0 
8641 63.0 0.0 0.0 4135.8974358974365 4074.8717948717954 4272.820512820514 4490.769230769231 4482.051282051282 4686.153846153847 4376.410256410257 4381.025641025642 4726.153846153847 4063.076923076924 3940.5128205128212 4302.051282051282 4609.743589743591 4395.8974358974365 1613.0 1712.0 8.641 8.53858757019043 0.0 0.0 0.0 0.0  1  0  0  0  0  0  0  0  0  0  0  0  0  0 
8649 64.0 0.0 0.0 4131.794871794872 4072.307692307693 4269.2307692307695 4488.205128205129 4482.051282051282 4686.666666666667 4374.871794871796 4382.051282051282 4726.153846153847 4060.0000000000005 3941.538461538462 4302.564102564103 4610.769230769231 4393.846153846154 1613.0 1711.0 8.649 8.53858757019043 0.0 0.0 0.0 0.0  1  0  0  0  0  0  0  0  0  0  0  0  0  0 
8656 65.0 0.0 0.0 4133.333333333334 4073.8461538461543 4268.205128205129 4491.282051282052 4481.025641025642 4686.666666666667 4382.051282051282 4382.051282051282 4724.615384615386 4059.48717948718 3943.076923076924 4310.256410256411 4614.358974358975 4396.923076923077 1613.0 1712.0 8.656 8.53858757019043 0.0 0.0 0.0 0.0  1  0  0  0  0  0  0  0  0  0  0  0  0  0 
8664 66.0 0.0 0.0 4130.256410256411 4075.8974358974365 4264.615384615385 4495.384615384616 4482.564102564103 4687.6923076923085 4391.794871794872 4384.615384615385 4724.615384615386 4062.564102564103 3940.5128205128212 4308.205128205129 4610.256410256411 4396.923076923077 1613.0 1711.0 8.664 8.53858757019043 0.0 0.0 0.0 0.0  1  0  0  0  0  0  0  0  0  0  0  0  0  0 
8672 67.0 0.0 0.0 4136.410256410257 4080.0000000000005 4272.820512820514 4495.8974358974365 4480.512820512821 4684.615384615386 4395.8974358974365 4382.564102564103 4725.128205128206 4063.589743589744 3942.564102564103 4308.717948717949 4612.307692307693 4396.923076923077 1613.0 1712.0 8.672 8.53858757019043 0.0 0.0 0.0 0.0  1  0  0  0  0  0  0  0  0  0  0  0  0  0 
8680 68.0 0.0 0.0 4133.333333333334 4078.461538461539 4265.128205128206 4492.307692307693 4483.076923076924 4685.641025641026 4389.2307692307695 4382.564102564103 4726.153846153847 4060.5128205128212 3938.9743589743593 4304.615384615385 4611.794871794872 4393.333333333334 1614.0 1712.0 8.68 8.632418632507324 0.0 0.0 0.0 0.0  1  0  0  0  0  0  0  0  0  0  0  0  0  0 
8688 69.0 0.0 0.0 4144.102564102564 4077.435897435898 4261.538461538462 4493.846153846154 4480.512820512821 4681.025641025642 4378.974358974359 4379.48717948718 4725.128205128206 4063.589743589744 3940.0000000000005 4308.205128205129 4612.307692307693 4397.435897435898 1614.0 1712.0 8.688 8.632418632507324 0.0 0.0 0.0 0.0  1  0  0  0  0  0  0  0  0  0  0  0  0  0 
8695 70.0 0.0 0.0 4135.384615384616 4076.9230769230776 4253.333333333334 4492.820512820514 4483.589743589744 4685.641025641026 4381.025641025642 4381.025641025642 4725.128205128206 4064.1025641025644 3941.538461538462 4301.025641025642 4607.6923076923085 4393.846153846154 1613.0 1711.0 8.695 8.632418632507324 0.0 0.0 0.0 0.0  1  0  0  0  0  0  0  0  0  0  0  0  0  0 
8703 71.0 0.0 0.0 4138.974358974359 4080.0000000000005 4269.2307692307695 4491.282051282052 4481.538461538462 4684.615384615386 4383.076923076924 4379.48717948718 4726.153846153847 4060.5128205128212 3945.1282051282055 4304.615384615385 4611.794871794872 4394.358974358975 1613.0 1712.0 8.703 8.632418632507324 0.0 0.0 0.0 0.0  1  0  0  0  0  0  0  0  0  0  0  0  0  0 
8711 72.0 0.0 0.0 4132.820512820514 4072.820512820513 4268.717948717949 4491.282051282052 4483.589743589744 4687.6923076923085 4376.410256410257 4380.512820512821 4726.666666666667 4060.5128205128212 3941.538461538462 4300.000000000001 4608.205128205129 4393.333333333334 1613.0 1711.0 8.711 8.632418632507324 0.0 0.0 0.0 0.0  1  0  0  0  0  0  0  0  0  0  0  0  0  0 
8719 73.0 0.0 0.0 4138.974358974359 4077.435897435898 4272.307692307693 4495.8974358974365 4480.000000000001 4682.051282051282 4367.6923076923085 4380.000000000001 4725.641025641026 4064.615384615385 3942.0512820512827 4304.615384615385 4614.358974358975 4396.923076923077 1614.0 1712.0 8.719 8.632418632507324 0.0 0.0 0.0 0.0  1  0  0  0  0  0  0  0  0  0  0  0  0  0 
8727 74.0 0.0 0.0 4130.256410256411 4081.0256410256416 4268.717948717949 4496.410256410257 4481.025641025642 4685.128205128206 4366.153846153847 4383.076923076924 4726.666666666667 4063.076923076924 3942.0512820512827 4300.512820512821 4612.820512820514 4394.871794871796 1613.0 1711.0 8.727 8.632418632507324 0.0 0.0 0.0 0.0  1  0  0  0  0  0  0  0  0  0  0  0  0  0 
8735 75.0 0.0 0.0 4138.461538461539 4078.9743589743593 4278.974358974359 4493.846153846154 4477.435897435898 4685.128205128206 4364.102564102564 4381.025641025642 4725.641025641026 4064.1025641025644 3945.1282051282055 4302.564102564103 4613.333333333334 4399.48717948718 1614.0 1712.0 8.735 8.632418632507324 0.0 0.0 0.0 0.0  1  0  0  0  0  0  0  0  0  0  0  0  0  0 
8742 76.0 0.0 0.0 4132.820512820514 4072.820512820513 4273.846153846154 4494.358974358975 4479.48717948718 4689.2307692307695 4361.025641025642 4381.025641025642 4724.102564102564 4063.589743589744 3944.1025641025644 4299.48717948718 4612.307692307693 4398.974358974359 1613.0 1711.0 8.742 8.632418632507324 0.0 0.0 0.0 0.0  1  0  0  0  0  0  0  0  0  0  0  0  0  0 
8750 77.0 0.0 0.0 4136.923076923077 4076.410256410257 4270.769230769231 4495.384615384616 4480.000000000001 4687.179487179488 4358.974358974359 4380.512820512821 4723.589743589744 4061.0256410256416 3943.076923076924 4302.564102564103 4614.871794871796 4400.000000000001 1613.0 1713.0 8.75 8.632418632507324 0.0 0.0 0.0 0.0  1  0  0  0  0  0  0  0  0  0  0  0  0  0 
8758 78.0 0.0 0.0 4140.000000000001 4078.461538461539 4263.076923076924 4495.384615384616 4481.025641025642 4686.153846153847 4367.6923076923085 4383.076923076924 4726.153846153847 4063.076923076924 3943.076923076924 4300.512820512821 4610.256410256411 4398.974358974359 1614.0 1711.0 8.758 8.632418632507324 0.0 0.0 0.0 0.0  1  0  0  0  0  0  0  0  0  0  0  0  0  0 
8766 79.0 0.0 0.0 4143.076923076924 4077.435897435898 4263.589743589744 4494.871794871796 4478.974358974359 4686.153846153847 4381.025641025642 4386.666666666667 4728.205128205129 4064.615384615385 3944.1025641025644 4300.512820512821 4606.666666666667 4398.461538461539 1613.0 1712.0 8.766 8.632418632507324 0.0 0.0 0.0 0.0  1  0  0  0  0  0  0  0  0  0  0  0  0  0 
8774 80.0 0.0 0.0 4137.948717948719 4076.410256410257 4265.641025641026 4495.8974358974365 4478.461538461539 4686.666666666667 4387.6923076923085 4385.641025641026 4727.179487179488 4062.564102564103 3941.0256410256416 4304.102564102564 4612.307692307693 4397.435897435898 1614.0 1712.0 8.774 8.632418632507324 0.0 0.0 0.0 0.0  1  0  0  0  0  0  0  0  0  0  0  0  0  0 
8781 81.0 0.0 0.0 4132.820512820514 4077.9487179487187 4263.589743589744 4495.384615384616 4482.051282051282 4688.205128205129 4385.128205128206 4381.538461538462 4724.102564102564 4062.564102564103 3939.48717948718 4302.564102564103 4610.769230769231 4392.307692307693 1613.0 1710.0 8.781 8.632418632507324 0.0 0.0 0.0 0.0  1  0  0  0  0  0  0  0  0  0  0  0  0  0 
8789 82.0 0.0 0.0 4136.410256410257 4079.48717948718 4270.256410256411 4493.846153846154 4483.589743589744 4685.641025641026 4382.564102564103 4380.000000000001 4723.589743589744 4064.1025641025644 3944.1025641025644 4305.128205128206 4609.743589743591 4392.820512820514 1613.0 1712.0 8.789 8.632418632507324 0.0 0.0 0.0 0.0  1  0  0  0  0  0  0  0  0  0  0  0  0  0 
8797 83.0 0.0 0.0 4130.769230769231 4074.8717948717954 4269.74358974359 4492.307692307693 4483.076923076924 4687.6923076923085 4384.102564102564 4385.128205128206 4725.641025641026 4062.0512820512827 3943.076923076924 4302.051282051282 4609.2307692307695 4395.384615384616 1614.0 1712.0 8.797 8.632418632507324 0.0 0.0 0.0 0.0  1  0  0  0  0  0  0  0  0  0  0  0  0  0 
8805 84.0 0.0 0.0 4136.923076923077 4073.333333333334 4277.948717948719 4494.871794871796 4475.8974358974365 4685.641025641026 4381.538461538462 4383.076923076924 4725.641025641026 4062.0512820512827 3942.564102564103 4304.102564102564 4611.794871794872 4399.48717948718 1613.0 1712.0 8.805 8.757526397705078 0.0 0.0 0.0 0.0  1  0  0  0  0  0  0  0  0  0  0  0  0  0 
8813 85.0 0.0 0.0 4132.820512820514 4073.8461538461543 4270.256410256411 4496.410256410257 4478.974358974359 4688.717948717949 4381.025641025642 4384.102564102564 4725.641025641026 4060.5128205128212 3941.0256410256416 4297.948717948719 4605.128205128206 4393.846153846154 1613.0 1712.0 8.813 8.757526397705078 0.0 0.0 0.0 0.0  1  0  0  0  0  0  0  0  0  0  0  0  0  0 
8821 86.0 0.0 0.0 4143.076923076924 4078.9743589743593 4269.74358974359 4497.948717948719 4478.461538461539 4683.076923076924 4386.153846153847 4382.051282051282 4725.128205128206 4061.538461538462 3943.589743589744 4307.179487179487 4610.256410256411 4396.923076923077 1613.0 1712.0 8.821 8.757526397705078 0.0 0.0 0.0 0.0  1  0  0  0  0  0  0  0  0  0  0  0  0  0 
8828 87.0 0.0 0.0 4135.384615384616 4076.9230769230776 4256.923076923077 4495.384615384616 4481.025641025642 4687.6923076923085 4396.923076923077 4380.512820512821 4725.128205128206 4063.589743589744 3939.48717948718 4307.6923076923085 4611.794871794872 4396.410256410257 1614.0 1711.0 8.828 8.757526397705078 0.0 0.0 0.0 0.0  1  0  0  0  0  0  0  0  0  0  0  0  0  0 
8836 88.0 0.0 0.0 4140.000000000001 4077.9487179487187 4268.205128205129 4493.846153846154 4480.512820512821 4685.641025641026 4400.000000000001 4380.512820512821 4725.128205128206 4063.076923076924 3938.461538461539 4311.282051282052 4613.333333333334 4395.8974358974365 1613.0 1712.0 8.836 8.757526397705078 0.0 0.0 0.0 0.0  1  0  0  0  0  0  0  0  0  0  0  0  0  0 
8844 89.0 0.0 0.0 4132.820512820514 4076.9230769230776 4266.666666666667 4492.820512820514 4484.615384615385 4688.205128205129 4400.000000000001 4385.128205128206 4725.641025641026 4061.538461538462 3936.410256410257 4305.128205128206 4608.717948717949 4392.820512820514 1614.0 1711.0 8.844 8.757526397705078 0.0 0.0 0.0 0.0  1  0  0  0  0  0  0  0  0  0  0  0  0  0 
8852 90.0 0.0 0.0 4140.000000000001 4081.538461538462 4267.6923076923085 4492.307692307693 4478.974358974359 4684.615384615386 4394.871794871796 4382.051282051282 4723.589743589744 4063.589743589744 3940.5128205128212 4311.282051282052 4612.820512820514 4398.974358974359 1613.0 1712.0 8.852 8.757526397705078 0.0 0.0 0.0 0.0  1  0  0  0  0  0  0  0  0  0  0  0  0  0 
8860 91.0 0.0 0.0 4130.256410256411 4076.9230769230776 4258.461538461539 4490.256410256411 4480.000000000001 4688.205128205129 4393.333333333334 4382.051282051282 4724.102564102564 4063.589743589744 3940.5128205128212 4307.6923076923085 4610.256410256411 4396.410256410257 1614.0 1711.0 8.86 8.757526397705078 0.0 0.0 0.0 0.0  1  0  0  0  0  0  0  0  0  0  0  0  0  0 
8867 92.0 0.0 0.0 4132.307692307693 4076.9230769230776 4264.102564102564 4491.794871794872 4477.948717948719 4686.153846153847 4402.564102564103 4383.589743589744 4726.666666666667 4064.1025641025644 3940.5128205128212 4306.153846153847 4610.769230769231 4392.820512820514 1614.0 1711.0 8.867 8.757526397705078 0.0 0.0 0.0 0.0  1  0  0  0  0  0  0  0  0  0  0  0  0  0 
8875 93.0 0.0 0.0 4129.74358974359 4078.9743589743593 4265.641025641026 4494.358974358975 4478.461538461539 4689.2307692307695 4409.2307692307695 4383.076923076924 4727.6923076923085 4064.1025641025644 3941.538461538462 4302.051282051282 4609.2307692307695 4393.846153846154 1613.0 1713.0 8.875 8.757526397705078 0.0 0.0 0.0 0.0  1  0  0  0  0  0  0  0  0  0  0  0  0  0 
8883 94.0 0.0 0.0 4129.2307692307695 4079.48717948718 4269.74358974359 4495.384615384616 4481.025641025642 4688.717948717949 4407.179487179487 4381.025641025642 4725.641025641026 4062.564102564103 3944.1025641025644 4301.538461538462 4611.794871794872 4396.923076923077 1614.0 1711.0 8.883 8.757526397705078 0.0 0.0 0.0 0.0  1  0  0  0  0  0  0  0  0  0  0  0  0  0 
8891 95.0 0.0 0.0 4128.205128205129 4075.3846153846157 4268.205128205129 4493.846153846154 4482.564102564103 4687.179487179488 4405.128205128206 4382.051282051282 4727.6923076923085 4063.589743589744 3943.589743589744 4301.025641025642 4612.307692307693 4393.333333333334 1613.0 1711.0 8.891 8.757526397705078 0.0 0.0 0.0 0.0  1  0  0  0  0  0  0  0  0  0  0  0  0  0 
8899 96.0 0.0 0.0 4135.8974358974365 4074.8717948717954 4269.74358974359 4492.820512820514 4477.948717948719 4687.6923076923085 4400.000000000001 4382.564102564103 4728.205128205129 4065.6410256410263 3943.076923076924 4300.000000000001 4612.307692307693 4394.871794871796 1613.0 1712.0 8.899 8.757526397705078 0.0 0.0 0.0 0.0  1  0  0  0  0  0  0  0  0  0  0  0  0  0 
8907 97.0 0.0 0.0 4139.48717948718 4076.9230769230776 4274.871794871796 4495.8974358974365 4477.435897435898 4689.2307692307695 4392.307692307693 4382.564102564103 4724.615384615386 4063.076923076924 3945.1282051282055 4300.512820512821 4615.384615384616 4398.974358974359 1613.0 1712.0 8.907 8.757526397705078 0.0 0.0 0.0 0.0  1  0  0  0  0  0  0  0  0  0  0  0  0  0 
8914 98.0 0.0 0.0 4137.948717948719 4076.410256410257 4270.769230769231 4496.410256410257 4483.076923076924 4687.6923076923085 4392.307692307693 4385.128205128206 4724.102564102564 4061.538461538462 3943.076923076924 4300.000000000001 4613.333333333334 4397.435897435898 1614.0 1711.0 8.914 8.757526397705078 0.0 0.0 0.0 0.0  1  0  0  0  0  0  0  0  0  0  0  0  0  0 
8922 99.0 0.0 0.0 4146.666666666667 4078.461538461539 4268.205128205129 4495.384615384616 4480.000000000001 4684.615384615386 4391.794871794872 4382.564102564103 4727.6923076923085 4064.1025641025644 3942.564102564103 4306.666666666667 4611.794871794872 4401.538461538462 1613.0 1712.0 8.922 8.757526397705078 0.0 0.0 0.0 0.0  1  0  0  0  0  0  0  0  0  0  0  0  0  0 
8930 100.0 0.0 0.0 4139.48717948718 4078.461538461539 4262.051282051282 4494.358974358975 4480.000000000001 4692.307692307693 4388.717948717949 4380.512820512821 4728.717948717949 4063.076923076924 3941.0256410256416 4302.051282051282 4607.179487179488 4398.974358974359 1614.0 1712.0 8.93 8.882633209228516 0.0 0.0 0.0 0.0  1  0  0  0  0  0  0  0  0  0  0  0  0  0 
8938 101.0 0.0 0.0 4138.461538461539 4080.5128205128212 4270.256410256411 4496.410256410257 4479.48717948718 4690.769230769231 4391.794871794872 4380.000000000001 4724.102564102564 4061.538461538462 3942.564102564103 4305.641025641026 4613.846153846154 4397.435897435898 1612.0 1712.0 8.938 8.882633209228516 0.0 0.0 0.0 0.0  1  0  0  0  0  0  0  0  0  0  0  0  0  0 
8946 102.0 0.0 0.0 4129.2307692307695 4079.48717948718 4264.102564102564 4495.8974358974365 4482.051282051282 4691.282051282052 4394.358974358975 4386.153846153847 4724.615384615386 4064.1025641025644 3940.5128205128212 4303.076923076924 4611.794871794872 4393.846153846154 1614.0 1712.0 8.946 8.882633209228516 0.0 0.0 0.0 0.0  1  0  0  0  0  0  0  0  0  0  0  0  0  0 
8954 103.0 0.0 0.0 4137.948717948719 4082.0512820512827 4270.769230769231 4496.410256410257 4477.948717948719 4687.6923076923085 4389.743589743591 4383.076923076924 4727.179487179488 4064.615384615385 3943.076923076924 4309.2307692307695 4613.333333333334 4396.923076923077 1613.0 1711.0 8.954 8.882633209228516 0.0 0.0 0.0 0.0  1  0  0  0  0  0  0  0  0  0  0  0  0  0 
8961 104.0 0.0 0.0 4131.282051282052 4076.410256410257 4265.128205128206 4495.8974358974365 4480.512820512821 4690.769230769231 4391.794871794872 4377.948717948719 4726.666666666667 4060.0000000000005 3942.0512820512827 4301.538461538462 4610.769230769231 4392.820512820514 1613.0 1713.0 8.961 8.882633209228516 0.0 0.0 0.0 0.0  1  0  0  0  0  0  0  0  0  0  0  0  0  0 
8969 105.0 0.0 0.0 4141.025641025642 4073.8461538461543 4277.435897435898 4495.384615384616 4476.923076923077 4684.615384615386 4385.641025641026 4377.435897435898 4724.102564102564 4060.0000000000005 3943.589743589744 4303.076923076924 4614.358974358975 4395.384615384616 1613.0 1711.0 8.969 8.882633209228516 0.0 0.0 0.0 0.0  1  0  0  0  0  0  0  0  0  0  0  0  0  0 
8977 106.0 0.0 0.0 4136.923076923077 4070.7692307692314 4272.820512820514 4493.333333333334 4480.000000000001 4688.205128205129 4373.846153846154 4384.615384615385 4725.641025641026 4061.538461538462 3942.564102564103 4299.48717948718 4611.282051282052 4394.871794871796 1613.0 1712.0 8.977 8.882633209228516 0.0 0.0 0.0 0.0  1  0  0  0  0  0  0  0  0  0  0  0  0  0 
8985 107.0 0.0 0.0 4145.641025641026 4075.3846153846157 4272.307692307693 4495.384615384616 4480.512820512821 4687.179487179488 4377.435897435898 4383.589743589744 4726.153846153847 4062.564102564103 3945.1282051282055 4305.641025641026 4613.846153846154 4397.435897435898 1614.0 1711.0 8.985 8.882633209228516 0.0 0.0 0.0 0.0  1  0  0  0  0  0  0  0  0  0  0  0  0  0 
8993 108.0 0.0 0.0 4137.435897435898 4075.8974358974365 4262.564102564103 4498.974358974359 4481.538461538462 4690.256410256411 4394.871794871796 4380.512820512821 4725.641025641026 4064.1025641025644 3940.5128205128212 4305.641025641026 4610.769230769231 4395.8974358974365 1613.0 1712.0 8.993 8.882633209228516 0.0 0.0 0.0 0.0  1  0  0  0  0  0  0  0  0  0  0  0  0  0 
9000 109.0 0.0 0.0 4136.410256410257 4077.9487179487187 4265.641025641026 4499.48717948718 4480.000000000001 4691.282051282052 4396.410256410257 4380.000000000001 4726.666666666667 4062.564102564103 3937.435897435898 4310.256410256411 4612.820512820514 4395.384615384616 1614.0 1712.0 9.0 8.882633209228516 0.0 0.0 0.0 0.0  1  0  0  0  0  0  0  0  0  0  0  0  0  0 
9008 110.0 0.0 0.0 4132.820512820514 4080.0000000000005 4263.076923076924 4496.923076923077 4483.589743589744 4694.358974358975 4393.846153846154 4381.025641025642 4726.666666666667 4060.0000000000005 3936.9230769230776 4314.358974358975 4612.820512820514 4395.384615384616 1613.0 1712.0 9.008 8.882633209228516 0.0 0.0 0.0 0.0  1  0  0  0  0  0  0  0  0  0  0  0  0  0 
9016 111.0 0.0 0.0 4134.871794871796 4081.538461538462 4262.051282051282 4496.923076923077 4482.564102564103 4691.794871794872 4405.128205128206 4380.512820512821 4727.179487179488 4062.0512820512827 3940.0000000000005 4316.410256410257 4609.2307692307695 4395.8974358974365 1613.0 1712.0 9.016 8.882633209228516 0.0 0.0 0.0 0.0  1  0  0  0  0  0  0  0  0  0  0  0  0  0 
9024 112.0 0.0 0.0 4134.358974358975 4080.0000000000005 4261.025641025642 4496.410256410257 4480.512820512821 4689.743589743591 4411.282051282052 4380.512820512821 4728.205128205129 4064.1025641025644 3941.0256410256416 4310.769230769231 4608.717948717949 4392.820512820514 1613.0 1712.0 9.024 8.882633209228516 0.0 0.0 0.0 0.0  1  0  0  0  0  0  0  0  0  0  0  0  0  0 
9032 113.0 0.0 0.0 4131.794871794872 4079.48717948718 4260.512820512821 4493.333333333334 4482.051282051282 4690.256410256411 4401.025641025642 4380.512820512821 4727.179487179488 4062.564102564103 3940.5128205128212 4304.615384615385 4611.282051282052 4391.282051282052 1614.0 1713.0 9.032 8.882633209228516 0.0 0.0 0.0 0.0  1  0  0  0  0  0  0  0  0  0  0  0  0  0 
9040 114.0 0.0 0.0 4135.8974358974365 4080.0000000000005 4271.282051282052 4494.358974358975 4481.025641025642 4689.2307692307695 4393.846153846154 4380.512820512821 4726.666666666667 4063.589743589744 3944.1025641025644 4305.128205128206 4612.820512820514 4395.8974358974365 1613.0 1711.0 9.04 8.882633209228516 0.0 0.0 0.0 0.0  1  0  0  0  0  0  0  0  0  0  0  0  0  0 
9047 115.0 0.0 0.0 4135.8974358974365 4075.8974358974365 4273.333333333334 4495.8974358974365 4481.538461538462 4688.205128205129 4401.025641025642 4382.051282051282 4727.179487179488 4064.615384615385 3943.589743589744 4299.48717948718 4608.717948717949 4394.358974358975 1613.0 1713.0 9.047 8.882633209228516 0.0 0.0 0.0 0.0  1  0  0  0  0  0  0  0  0  0  0  0  0  0 
9055 116.0 0.0 0.0 4140.512820512821 4075.3846153846157 4272.307692307693 4496.410256410257 4481.025641025642 4684.615384615386 4404.615384615385 4378.974358974359 4726.666666666667 4064.615384615385 3944.615384615385 4298.974358974359 4612.820512820514 4394.358974358975 1614.0 1711.0 9.055 9.00774097442627 0.0 0.0 0.0 0.0  1  0  0  0  0  0  0  0  0  0  0  0  0  0 
9063 117.0 0.0 0.0 4129.2307692307695 4074.8717948717954 4265.641025641026 4495.8974358974365 4482.051282051282 4690.769230769231 4397.948717948719 4381.025641025642 4726.153846153847 4064.615384615385 3943.076923076924 4294.358974358975 4610.256410256411 4396.923076923077 1612.0 1712.0 9.063 9.00774097442627 0.0 0.0 0.0 0.0  1  0  0  0  0  0  0  0  0  0  0  0  0  0 
9071 118.0 0.0 0.0 4133.333333333334 4077.9487179487187 4280.000000000001 4496.923076923077 4477.435897435898 4689.2307692307695 4398.974358974359 4381.538461538462 4725.641025641026 4064.1025641025644 3948.717948717949 4303.589743589744 4612.307692307693 4404.615384615385 1614.0 1711.0 9.071 9.00774097442627 0.0 0.0 0.0 0.0  1  0  0  0  0  0  0  0  0  0  0  0  0  0 
9079 119.0 0.0 0.0 4128.205128205129 4076.410256410257 4276.923076923077 4495.8974358974365 4481.025641025642 4692.307692307693 4416.923076923077 4381.538461538462 4727.6923076923085 4063.076923076924 3946.1538461538466 4302.051282051282 4609.743589743591 4397.948717948719 1613.0 1711.0 9.079 9.00774097442627 0.0 0.0 0.0 0.0  1  0  0  0  0  0  0  0  0  0  0  0  0  0 
9086 120.0 0.0 0.0 