4520 52.0 0.0 0.0 4134.358974358975 4086.1538461538466 4252.820512820514 4497.948717948719 4478.461538461539 4674.871794871796 4314.358974358975 4379.48717948718 4728.205128205129 4063.589743589744 3947.692307692308 4315.384615384616 4615.384615384616 4398.461538461539 1613.0 1713.0 4.52 4.1285481452941895 0.0 0.0 0.0 0.0  1  0  0  0  0  0  0  0  0  0  0  0  0  0 
4527 53.0 0.0 0.0 4123.076923076924 4080.0000000000005 4245.128205128206 4497.948717948719 4479.48717948718 4680.512820512821 4327.6923076923085 4383.589743589744 4728.205128205129 4060.0000000000005 3947.1794871794878 4305.641025641026 4614.358974358975 4395.8974358974365 1614.0 1711.0 4.527 4.1285481452941895 0.0 0.0 0.0 0.0  1  0  0  0  0  0  0  0  0  0  0  0  0  0 
4535 54.0 0.0 0.0 4123.589743589744 4077.9487179487187 4255.8974358974365 4497.435897435898 4474.871794871796 4681.538461538462 4321.538461538462 4381.538461538462 4728.205128205129 4059.48717948718 3945.1282051282055 4307.179487179487 4615.8974358974365 4398.461538461539 1613.0 1712.0 4.535 4.1285481452941895 0.0 0.0 0.0 0.0  1  0  0  0  0  0  0  0  0  0  0  0  0  0 
4543 55.0 0.0 0.0 4121.025641025642 4077.435897435898 4243.589743589744 4496.410256410257 4477.948717948719 4686.153846153847 4311.282051282052 4380.512820512821 4727.6923076923085 4058.461538461539 3941.538461538462 4305.128205128206 4609.2307692307695 4394.871794871796 1615.0 1712.0 4.543 4.1285481452941895 0.0 0.0 0.0 0.0  1  0  0  0  0  0  0  0  0  0  0  0  0  0 
4551 56.0 0.0 0.0 4125.641025641026 4078.9743589743593 4238.461538461539 4496.410256410257 4483.589743589744 4685.641025641026 4305.128205128206 4381.538461538462 4727.179487179488 4060.0000000000005 3942.0512820512827 4306.666666666667 4610.256410256411 4391.794871794872 1613.0 1712.0 4.551 4.503870487213135 0.0 0.0 0.0 0.0  1  0  0  0  0  0  0  0  0  0  0  0  0  0 
4559 57.0 0.0 0.0 4121.025641025642 4076.410256410257 4233.333333333334 4496.410256410257 4485.641025641026 4687.6923076923085 4295.384615384616 4383.589743589744 4726.666666666667 4062.0512820512827 3939.48717948718 4305.128205128206 4607.179487179488 4391.282051282052 1614.0 1713.0 4.559 4.503870487213135 0.0 0.0 0.0 0.0  1  0  0  0  0  0  0  0  0  0  0  0  0  0 
4567 58.0 0.0 0.0 4125.128205128206 4075.3846153846157 4237.435897435898 4493.846153846154 4482.564102564103 4687.179487179488 4283.589743589744 4383.589743589744 4726.153846153847 4062.0512820512827 3936.9230769230776 4305.641025641026 4604.102564102564 4395.8974358974365 1613.0 1711.0 4.567 4.503870487213135 0.0 0.0 0.0 0.0  1  0  0  0  0  0  0  0  0  0  0  0  0  0 
4574 59.0 0.0 0.0 4123.589743589744 4073.8461538461543 4240.000000000001 4490.256410256411 4484.102564102564 4688.205128205129 4282.051282051282 4387.179487179487 4726.666666666667 4059.48717948718 3934.358974358975 4303.076923076924 4604.615384615385 4393.333333333334 1614.0 1712.0 4.574 4.503870487213135 0.0 0.0 0.0 0.0  1  0  0  0  0  0  0  0  0  0  0  0  0  0 
4582 60.0 0.0 0.0 4115.8974358974365 4070.2564102564106 4226.153846153847 4487.6923076923085 4488.717948717949 4691.282051282052 4284.102564102564 4389.743589743591 4725.641025641026 4058.461538461539 3932.820512820513 4297.435897435898 4605.128205128206 4386.666666666667 1613.0 1711.0 4.582 4.535147190093994 0.0 0.0 0.0 0.0  1  0  0  0  0  0  0  0  0  0  0  0  0  0 
4590 61.0 0.0 0.0 4109.74358974359 4071.7948717948725 4218.461538461539 4490.256410256411 4488.205128205129 4690.256410256411 4284.102564102564 4385.641025641026 4724.102564102564 4056.9230769230776 3934.358974358975 4294.358974358975 4604.102564102564 4386.153846153847 1614.0 1712.0 4.59 4.535147190093994 0.0 0.0 0.0 0.0  1  0  0  0  0  0  0  0  0  0  0  0  0  0 
4598 62.0 0.0 0.0 4099.48717948718 4072.307692307693 4217.948717948719 4489.743589743591 4491.282051282052 4692.820512820514 4287.179487179487 4388.205128205129 4725.128205128206 4057.435897435898 3934.358974358975 4282.051282051282 4596.923076923077 4386.153846153847 1613.0 1710.0 4.598 4.535147190093994 0.0 0.0 0.0 0.0  1  0  0  0  0  0  0  0  0  0  0  0  0  0 
4606 63.0 0.0 0.0 4104.615384615385 4070.2564102564106 4209.74358974359 4486.666666666667 4492.820512820514 4693.333333333334 4285.641025641026 4391.282051282052 4726.666666666667 4057.435897435898 3936.410256410257 4276.410256410257 4594.871794871796 4385.641025641026 1614.0 1712.0 4.606 4.535147190093994 0.0 0.0 0.0 0.0  1  0  0  0  0  0  0  0  0  0  0  0  0  0 
4614 64.0 0.0 0.0 4095.3846153846157 4065.6410256410263 4194.871794871796 4485.128205128206 4499.48717948718 4701.538461538462 4283.076923076924 4392.307692307693 4728.205128205129 4056.410256410257 3933.333333333334 4264.615384615385 4589.743589743591 4374.871794871796 1613.0 1711.0 4.614 4.535147190093994 0.0 0.0 0.0 0.0  1  0  0  0  0  0  0  0  0  0  0  0  0  0 
4621 65.0 0.0 0.0 4095.3846153846157 4069.7435897435903 4224.615384615385 4488.717948717949 4498.461538461539 4696.410256410257 4288.205128205129 4387.179487179487 4729.2307692307695 4061.0256410256416 3935.3846153846157 4264.615384615385 4592.307692307693 4372.820512820514 1612.0 1712.0 4.621 4.535147190093994 0.0 0.0 0.0 0.0  1  0  0  0  0  0  0  0  0  0  0  0  0  0 
4629 66.0 0.0 0.0 4099.48717948718 4066.666666666667 4234.358974358975 4483.076923076924 4498.974358974359 4695.384615384616 4292.820512820514 4391.794871794872 4728.205128205129 4060.5128205128212 3932.820512820513 4261.025641025642 4585.128205128206 4373.333333333334 1614.0 1712.0 4.629 4.535147190093994 0.0 0.0 0.0 0.0  1  0  0  0  0  0  0  0  0  0  0  0  0  0 
4637 67.0 0.0 0.0 4121.025641025642 4061.538461538462 4233.333333333334 4480.000000000001 4494.358974358975 4693.333333333334 4288.205128205129 4393.846153846154 4725.641025641026 4056.9230769230776 3930.2564102564106 4272.820512820514 4587.6923076923085 4379.48717948718 1613.0 1711.0 4.637 4.535147190093994 0.0 0.0 0.0 0.0  1  0  0  0  0  0  0  0  0  0  0  0  0  0 
4645 68.0 0.0 0.0 4109.2307692307695 4060.5128205128212 4222.564102564103 4482.564102564103 4499.48717948718 4699.48717948718 4302.051282051282 4392.307692307693 4727.179487179488 4058.461538461539 3926.1538461538466 4270.769230769231 4588.205128205129 4374.871794871796 1613.0 1712.0 4.645 4.535147190093994 0.0 0.0 0.0 0.0  1  0  0  0  0  0  0  0  0  0  0  0  0  0 
4653 69.0 0.0 0.0 4110.256410256411 4067.692307692308 4220.000000000001 4483.076923076924 4499.48717948718 4697.435897435898 4324.102564102564 4390.769230769231 4729.743589743591 4060.0000000000005 3926.666666666667 4274.358974358975 4591.282051282052 4379.48717948718 1613.0 1711.0 4.653 4.535147190093994 0.0 0.0 0.0 0.0  1  0  0  0  0  0  0  0  0  0  0  0  0  0 
4660 70.0 0.0 0.0 4098.461538461539 4062.564102564103 4200.512820512821 4476.923076923077 4501.538461538462 4701.538461538462 4329.2307692307695 4399.48717948718 4728.717948717949 4057.9487179487182 3919.48717948718 4272.307692307693 4581.538461538462 4379.48717948718 1613.0 1712.0 4.66 4.535147190093994 0.0 0.0 0.0 0.0  1  0  0  0  0  0  0  0  0  0  0  0  0  0 
4668 71.0 0.0 0.0 4087.1794871794878 4054.8717948717954 4201.538461538462 4474.358974358975 4508.205128205129 4711.282051282052 4325.641025641026 4405.641025641026 4726.666666666667 4058.461538461539 3912.307692307693 4268.717948717949 4570.256410256411 4366.666666666667 1614.0 1712.0 4.668 4.535147190093994 0.0 0.0 0.0 0.0  1  0  0  0  0  0  0  0  0  0  0  0  0  0 
4676 72.0 0.0 0.0 4072.820512820513 4053.8461538461543 4190.769230769231 4471.794871794872 4521.538461538462 4726.153846153847 4331.794871794872 4405.641025641026 4728.205128205129 4058.461538461539 3906.666666666667 4250.769230769231 4560.000000000001 4351.794871794872 1614.0 1712.0 4.676 4.535147190093994 0.0 0.0 0.0 0.0  1  0  0  0  0  0  0  0  0  0  0  0  0  0 
4684 73.0 0.0 0.0 4092.307692307693 4065.6410256410263 4200.000000000001 4469.743589743591 4513.846153846154 4713.333333333334 4328.205128205129 4398.974358974359 4728.717948717949 4057.9487179487182 3914.358974358975 4254.358974358975 4570.256410256411 4361.538461538462 1613.0 1711.0 4.684 4.535147190093994 0.0 0.0 0.0 0.0  1  0  0  0  0  0  0  0  0  0  0  0  0  0 
4692 74.0 0.0 0.0 4122.051282051282 4070.7692307692314 4236.923076923077 4476.923076923077 4493.846153846154 4686.153846153847 4312.820512820514 4390.769230769231 4725.128205128206 4058.9743589743593 3931.7948717948725 4285.128205128206 4593.333333333334 4381.025641025642 1614.0 1713.0 4.692 4.535147190093994 0.0 0.0 0.0 0.0  1  0  0  0  0  0  0  0  0  0  0  0  0  0 
4700 75.0 0.0 0.0 4139.48717948718 4070.7692307692314 4253.846153846154 4486.666666666667 4488.205128205129 4677.948717948719 4308.205128205129 4385.128205128206 4723.589743589744 4058.9743589743593 3940.0000000000005 4301.538461538462 4602.564102564103 4385.641025641026 1614.0 1711.0 4.7 4.535147190093994 0.0 0.0 0.0 0.0  1  0  0  0  0  0  0  0  0  0  0  0  0  0 
4707 76.0 0.0 0.0 4139.48717948718 4078.461538461539 4248.717948717949 4487.6923076923085 4486.153846153847 4680.512820512821 4314.358974358975 4380.000000000001 4724.615384615386 4059.48717948718 3940.5128205128212 4294.871794871796 4604.102564102564 4386.153846153847 1613.0 1712.0 4.707 4.535147190093994 0.0 0.0 0.0 0.0  1  0  0  0  0  0  0  0  0  0  0  0  0  0 
4715 77.0 0.0 0.0 4136.923076923077 4083.076923076924 4249.2307692307695 4486.153846153847 4480.512820512821 4677.948717948719 4312.307692307693 4378.974358974359 4724.102564102564 4060.0000000000005 3942.564102564103 4286.666666666667 4606.666666666667 4389.743589743591 1614.0 1712.0 4.715 4.535147190093994 0.0 0.0 0.0 0.0  1  0  0  0  0  0  0  0  0  0  0  0  0  0 
4723 78.0 0.0 0.0 4148.205128205129 4077.435897435898 4256.923076923077 4491.794871794872 4477.948717948719 4672.820512820514 4297.948717948719 4380.000000000001 4722.564102564103 4057.9487179487182 3944.615384615385 4298.974358974359 4612.307692307693 4397.948717948719 1613.0 1712.0 4.723 4.535147190093994 0.0 0.0 0.0 0.0  1  0  0  0  0  0  0  0  0  0  0  0  0  0 
4731 79.0 0.0 0.0 4134.871794871796 4072.307692307693 4249.74358974359 4493.846153846154 4484.102564102564 4677.948717948719 4288.717948717949 4385.128205128206 4723.589743589744 4055.8974358974365 3940.5128205128212 4301.538461538462 4609.2307692307695 4398.974358974359 1613.0 1712.0 4.731 4.535147190093994 0.0 0.0 0.0 0.0  1  0  0  0  0  0  0  0  0  0  0  0  0  0 
4739 80.0 0.0 0.0 4126.153846153847 4078.9743589743593 4273.846153846154 4492.820512820514 4482.051282051282 4676.923076923077 4288.717948717949 4384.102564102564 4724.615384615386 4061.538461538462 3945.1282051282055 4298.461538461539 4611.794871794872 4401.538461538462 1613.0 1711.0 4.739 4.535147190093994 0.0 0.0 0.0 0.0  1  0  0  0  0  0  0  0  0  0  0  0  0  0 
4746 81.0 0.0 0.0 4124.615384615385 4076.9230769230776 4282.051282051282 4492.820512820514 4481.538461538462 4677.948717948719 4291.794871794872 4382.564102564103 4725.641025641026 4063.076923076924 3946.666666666667 4288.205128205129 4610.769230769231 4401.538461538462 1613.0 1712.0 4.746 4.535147190093994 0.0 0.0 0.0 0.0  1  0  0  0  0  0  0  0  0  0  0  0  0  0 
4754 82.0 0.0 0.0 4143.076923076924 4076.410256410257 4266.666666666667 4495.384615384616 4477.948717948719 4674.358974358975 4292.820512820514 4382.051282051282 4726.153846153847 4060.0000000000005 3948.717948717949 4295.8974358974365 4615.8974358974365 4406.153846153847 1614.0 1711.0 4.754 4.535147190093994 0.0 0.0 0.0 0.0  1  0  0  0  0  0  0  0  0  0  0  0  0  0 
4762 83.0 0.0 0.0 4139.48717948718 4081.538461538462 4239.48717948718 4494.871794871796 4482.564102564103 4680.000000000001 4295.8974358974365 4384.615384615385 4727.6923076923085 4059.48717948718 3947.692307692308 4294.871794871796 4615.384615384616 4400.000000000001 1613.0 1711.0 4.762 4.535147190093994 0.0 0.0 0.0 0.0  1  0  0  0  0  0  0  0  0  0  0  0  0  0 
4770 84.0 0.0 0.0 4148.205128205129 4089.7435897435903 4248.205128205129 4497.948717948719 4481.025641025642 4676.410256410257 4297.948717948719 4377.435897435898 4726.153846153847 4062.0512820512827 3949.2307692307695 4295.8974358974365 4617.948717948719 4398.461538461539 1614.0 1711.0 4.77 4.535147190093994 0.0 0.0 0.0 0.0  1  0  0  0  0  0  0  0  0  0  0  0  0  0 
4778 85.0 0.0 0.0 4147.6923076923085 4087.1794871794878 4250.256410256411 4499.48717948718 4477.948717948719 4675.384615384616 4303.076923076924 4374.358974358975 4724.102564102564 4061.0256410256416 3947.692307692308 4293.333333333334 4614.871794871796 4395.384615384616 1613.0 1712.0 4.778 4.535147190093994 0.0 0.0 0.0 0.0  1  0  0  0  0  0  0  0  0  0  0  0  0  0 
4786 86.0 0.0 0.0 4153.846153846154 4087.1794871794878 4262.564102564103 4496.410256410257 4472.820512820514 4670.769230769231 4312.307692307693 4375.384615384616 4723.076923076924 4059.48717948718 3950.7692307692314 4313.333333333334 4622.564102564103 4396.410256410257 1613.0 1711.0 4.786 4.535147190093994 0.0 0.0 0.0 0.0  1  0  0  0  0  0  0  0  0  0  0  0  0  0 
4793 87.0 0.0 0.0 4150.769230769231 4086.1538461538466 4274.871794871796 4495.8974358974365 4474.358974358975 4672.307692307693 4321.025641025642 4376.410256410257 4725.128205128206 4060.5128205128212 3950.7692307692314 4325.641025641026 4624.102564102564 4399.48717948718 1613.0 1712.0 4.793 4.535147190093994 0.0 0.0 0.0 0.0  1  0  0  0  0  0  0  0  0  0  0  0  0  0 
4801 88.0 0.0 0.0 4161.538461538462 4088.717948717949 4290.256410256411 4500.000000000001 4467.6923076923085 4666.666666666667 4314.871794871796 4372.307692307693 4723.589743589744 4061.0256410256416 3952.820512820513 4337.948717948719 4627.6923076923085 4410.769230769231 1613.0 1711.0 4.801 4.535147190093994 0.0 0.0 0.0 0.0  1  0  0  0  0  0  0  0  0  0  0  0  0  0 
4809 89.0 0.0 0.0 4156.923076923077 4085.1282051282055 4287.6923076923085 4498.974358974359 4465.128205128206 4666.153846153847 4303.076923076924 4373.333333333334 4721.538461538462 4061.538461538462 3950.2564102564106 4344.615384615385 4628.717948717949 4411.282051282052 1613.0 1711.0 4.809 4.535147190093994 0.0 0.0 0.0 0.0  1  0  0  0  0  0  0  0  0  0  0  0  0  0 
4817 90.0 0.0 0.0 4159.48717948718 4083.076923076924 4288.205128205129 4496.923076923077 4468.205128205129 4666.153846153847 4302.051282051282 4373.333333333334 4721.538461538462 4061.538461538462 3945.6410256410263 4351.794871794872 4629.743589743591 4409.2307692307695 1613.0 1711.0 4.817 4.535147190093994 0.0 0.0 0.0 0.0  1  0  0  0  0  0  0  0  0  0  0  0  0  0 
4825 91.0 0.0 0.0 4163.076923076924 4084.1025641025644 4281.025641025642 4498.974358974359 4470.769230769231 4670.256410256411 4307.6923076923085 4372.307692307693 4722.564102564103 4060.0000000000005 3944.1025641025644 4348.205128205129 4625.641025641026 4412.820512820514 1613.0 1713.0 4.825 4.535147190093994 0.0 0.0 0.0 0.0  1  0  0  0  0  0  0  0  0  0  0  0  0  0 
4832 92.0 0.0 0.0 4164.102564102564 4085.1282051282055 4271.794871794872 4499.48717948718 4468.205128205129 4673.846153846154 4301.025641025642 4374.358974358975 4723.076923076924 4058.9743589743593 3944.615384615385 4341.025641025642 4622.051282051282 4410.256410256411 1614.0 1712.0 4.832 4.535147190093994 0.0 0.0 0.0 0.0  1  0  0  0  0  0  0  0  0  0  0  0  0  0 
4840 93.0 0.0 0.0 4160.512820512821 4083.076923076924 4273.846153846154 4495.8974358974365 4468.205128205129 4671.794871794872 4288.205128205129 4377.948717948719 4723.589743589744 4058.9743589743593 3944.615384615385 4342.564102564103 4623.076923076924 4403.076923076924 1614.0 1712.0 4.84 4.535147190093994 0.0 0.0 0.0 0.0  1  0  0  0  0  0  0  0  0  0  0  0  0  0 
4848 94.0 0.0 0.0 4155.384615384616 4081.538461538462 4270.769230769231 4496.923076923077 4473.333333333334 4670.769230769231 4278.461538461539 4381.025641025642 4723.076923076924 4061.0256410256416 3943.589743589744 4336.410256410257 4620.000000000001 4400.512820512821 1615.0 1712.0 4.848 4.535147190093994 0.0 0.0 0.0 0.0  1  0  0  0  0  0  0  0  0  0  0  0  0  0 
4856 95.0 0.0 0.0 4155.8974358974365 4083.076923076924 4268.205128205129 4502.564102564103 4471.282051282052 4669.2307692307695 4270.769230769231 4377.948717948719 4723.076923076924 4060.0000000000005 3946.1538461538466 4329.2307692307695 4621.025641025642 4404.102564102564 1613.0 1713.0 4.856 4.535147190093994 0.0 0.0 0.0 0.0  1  0  0  0  0  0  0  0  0  0  0  0  0  0 
4864 96.0 0.0 0.0 4145.128205128206 4081.0256410256416 4260.512820512821 4499.48717948718 4473.846153846154 4672.307692307693 4274.871794871796 4374.358974358975 4725.128205128206 4058.461538461539 3944.615384615385 4318.461538461539 4619.48717948718 4398.461538461539 1615.0 1712.0 4.864 4.535147190093994 0.0 0.0 0.0 0.0  1  0  0  0  0  0  0  0  0  0  0  0  0  0 
4872 97.0 0.0 0.0 4146.666666666667 4085.1282051282055 4270.769230769231 4498.974358974359 4475.8974358974365 4671.794871794872 4282.051282051282 4372.307692307693 4725.128205128206 4062.0512820512827 3947.692307692308 4323.076923076924 4620.512820512821 4397.948717948719 1613.0 1712.0 4.872 4.535147190093994 0.0 0.0 0.0 0.0  1  0  0  0  0  0  0  0  0  0  0  0  0  0 
4879 98.0 0.0 0.0 4132.307692307693 4084.615384615385 4264.102564102564 4500.512820512821 4478.974358974359 4678.974358974359 4284.615384615385 4378.974358974359 4725.128205128206 4063.076923076924 3947.1794871794878 4312.820512820514 4615.8974358974365 4394.871794871796 1613.0 1712.0 4.879 4.535147190093994 0.0 0.0 0.0 0.0  1  0  0  0  0  0  0  0  0  0  0  0  0  0 
4887 99.0 0.0 0.0 4134.871794871796 4084.615384615385 4265.128205128206 4500.000000000001 4474.358974358975 4675.384615384616 4292.307692307693 4381.025641025642 4726.153846153847 4061.538461538462 3949.2307692307695 4304.102564102564 4621.538461538462 4399.48717948718 1614.0 1711.0 4.887 4.535147190093994 0.0 0.0 0.0 0.0  1  0  0  0  0  0  0  0  0  0  0  0  0  0 
4895 100.0 0.0 0.0 4124.615384615385 4079.48717948718 4262.051282051282 4497.435897435898 4478.461538461539 4676.923076923077 4303.076923076924 4384.615384615385 4729.743589743591 4062.0512820512827 3949.7435897435903 4292.307692307693 4618.461538461539 4402.564102564103 1613.0 1712.0 4.895 4.535147190093994 0.0 0.0 0.0 0.0  1  0  0  0  0  0  0  0  0  0  0  0  0  0 
4903 101.0 0.0 0.0 4132.820512820514 4077.9487179487187 4279.48717948718 4501.025641025642 4475.8974358974365 4674.871794871796 4298.461538461539 4381.538461538462 4729.743589743591 4062.564102564103 3952.307692307693 4294.871794871796 4617.948717948719 4408.205128205129 1613.0 1711.0 4.903 4.535147190093994 0.0 0.0 0.0 0.0  1  0  0  0  0  0  0  0  0  0  0  0  0  0 
4911 102.0 0.0 0.0 4129.2307692307695 4075.8974358974365 4278.974358974359 4501.538461538462 4474.871794871796 4678.974358974359 4293.846153846154 4378.974358974359 4726.153846153847 4061.538461538462 3949.7435897435903 4288.205128205129 4614.358974358975 4404.102564102564 1613.0 1712.0 4.911 4.535147190093994 0.0 0.0 0.0 0.0  1  0  0  0  0  0  0  0  0  0  0  0  0  0 
4919 103.0 0.0 0.0 4135.384615384616 4080.5128205128212 4273.333333333334 4498.461538461539 4472.820512820514 4677.435897435898 4297.435897435898 4376.923076923077 4725.128205128206 4063.076923076924 3952.307692307693 4290.769230769231 4618.461538461539 4405.128205128206 1614.0 1711.0 4.919 4.535147190093994 0.0 0.0 0.0 0.0  1  0  0  0  0  0  0  0  0  0  0  0  0  0 
4926 104.0 0.0 0.0 4126.666666666667 4078.461538461539 4252.820512820514 4498.974358974359 4477.948717948719 4680.000000000001 4298.974358974359 4379.48717948718 4727.179487179488 4063.589743589744 3950.7692307692314 4287.6923076923085 4616.923076923077 4401.538461538462 1613.0 1712.0 4.926 4.535147190093994 0.0 0.0 0.0 0.0  1  0  0  0  0  0  0  0  0  0  0  0  0  0 
4934 105.0 0.0 0.0 4126.153846153847 4076.410256410257 4251.794871794872 4500.512820512821 4478.974358974359 4680.512820512821 4300.512820512821 4383.076923076924 4726.153846153847 4062.0512820512827 3949.2307692307695 4289.74358974359 4614.871794871796 4398.461538461539 1613.0 1711.0 4.934 4.535147190093994 0.0 0.0 0.0 0.0  1  0  0  0  0  0  0  0  0  0  0  0  0  0 
4942 106.0 0.0 0.0 4121.538461538462 4075.3846153846157 4254.871794871796 4496.923076923077 4480.000000000001 4684.615384615386 4316.410256410257 4388.717948717949 4725.641025641026 4062.564102564103 3947.692307692308 4289.74358974359 4612.307692307693 4394.871794871796 1612.0 1711.0 4.942 4.535147190093994 0.0 0.0 0.0 0.0  1  0  0  0  0  0  0  0  0  0  0  0  0  0 
4950 107.0 0.0 0.0 4122.051282051282 4073.8461538461543 4252.307692307693 4491.282051282052 4481.538461538462 4685.128205128206 4335.8974358974365 4389.2307692307695 4728.205128205129 4062.0512820512827 3943.076923076924 4292.820512820514 4610.769230769231 4392.307692307693 1614.0 1711.0 4.95 4.535147190093994 0.0 0.0 0.0 0.0  1  0  0  0  0  0  0  0  0  0  0  0  0  0 
4958 108.0 0.0 0.0 4123.076923076924 4070.7692307692314 4242.564102564103 4489.2307692307695 4486.153846153847 4684.102564102564 4344.615384615385 4384.615384615385 4728.717948717949 4058.9743589743593 3937.9487179487182 4300.512820512821 4610.256410256411 4391.794871794872 1613.0 1711.0 4.958 4.535147190093994 0.0 0.0 0.0 0.0  1  0  0  0  0  0  0  0  0  0  0  0  0  0 
4965 109.0 0.0 0.0 4121.538461538462 4071.7948717948725 4245.128205128206 4487.179487179488 4489.2307692307695 4689.743589743591 4345.128205128206 4382.051282051282 4725.641025641026 4057.9487179487182 3935.8974358974365 4304.102564102564 4605.128205128206 4388.717948717949 1613.0 1712.0 4.965 4.535147190093994 0.0 0.0 0.0 0.0  1  0  0  0  0  0  0  0  0  0  0  0  0  0 
4973 110.0 0.0 0.0 4121.025641025642 4073.8461538461543 4255.384615384616 4484.102564102564 4487.179487179488 4691.794871794872 4345.641025641026 4380.512820512821 4724.102564102564 4058.9743589743593 3934.8717948717954 4306.666666666667 4601.025641025642 4386.666666666667 1613.0 1710.0 4.973 4.535147190093994 0.0 0.0 0.0 0.0  1  0  0  0  0  0  0  0  0  0  0  0  0  0 
4981 111.0 0.0 0.0 4116.923076923077 4066.1538461538466 4245.128205128206 4481.025641025642 4493.333333333334 4694.358974358975 4348.205128205129 4388.717948717949 4724.615384615386 4057.9487179487182 3927.692307692308 4297.948717948719 4593.846153846154 4379.48717948718 1613.0 1712.0 4.981 4.535147190093994 0.0 0.0 0.0 0.0  1  0  0  0  0  0  0  0  0  0  0  0  0  0 
4989 112.0 0.0 0.0 4121.538461538462 4061.0256410256416 4231.794871794872 4480.000000000001 4497.435897435898 4698.461538461539 4343.076923076924 4395.8974358974365 4725.128205128206 4056.9230769230776 3926.1538461538466 4296.923076923077 4593.333333333334 4375.8974358974365 1615.0 1711.0 4.989 4.535147190093994 0.0 0.0 0.0 0.0  1  0  0  0  0  0  0  0  0  0  0  0  0  0 
4997 113.0 0.0 0.0 4110.256410256411 4058.461538461539 4217.435897435898 4477.435897435898 4504.102564102564 4706.153846153847 4332.820512820514 4398.461538461539 4728.205128205129 4057.435897435898 3921.0256410256416 4287.179487179487 4586.666666666667 4371.282051282052 1613.0 1711.0 4.997 4.535147190093994 0.0 0.0 0.0 0.0  1  0  0  0  0  0  0  0  0  0  0  0  0  0 
5005 114.0 0.0 0.0 4105.641025641026 4056.9230769230776 4214.358974358975 4476.410256410257 4511.282051282052 4709.2307692307695 4326.153846153847 4398.461538461539 4729.743589743591 4056.410256410257 3914.358974358975 4276.923076923077 4577.435897435898 4368.205128205129 1614.0 1713.0 5.005 4.535147190093994 0.0 0.0 0.0 0.0  1  0  0  0  0  0  0  0  0  0  0  0  0  0 
5012 115.0 0.0 0.0 4078.461538461539 4045.6410256410263 4175.8974358974365 4468.717948717949 4526.666666666667 4726.153846153847 4322.051282051282 4406.153846153847 4731.282051282052 4054.358974358975 3903.589743589744 4247.179487179487 4555.384615384616 4350.769230769231 1613.0 1712.0 5.012 4.535147190093994 0.0 0.0 0.0 0.0  1  0  0  0  0  0  0  0  0  0  0  0  0  0 
5020 116.0 0.0 0.0 4088.717948717949 4052.820512820513 4187.179487179487 4464.615384615385 4519.48717948718 4715.8974358974365 4307.179487179487 4401.538461538462 4731.282051282052 4056.9230769230776 3908.205128205129 4251.282051282052 4563.076923076924 4355.8974358974365 1614.0 1712.0 5.02 4.535147190093994 0.0 0.0 0.0 0.0  1  0  0  0  0  0  0  0  0  0  0  0  0  0 
5028 117.0 0.0 0.0 4117.948717948719 4072.307692307693 4233.846153846154 4471.794871794872 4500.512820512821 4688.717948717949 4290.769230769231 4392.307692307693 4729.743589743591 4060.5128205128212 3921.0256410256416 4281.025641025642 4588.205128205129 4376.923076923077 1613.0 1713.0 5.028 4.535147190093994 0.0 0.0 0.0 0.0  1  0  0  0  0  0  0  0  0  0  0  0  0  0 
5036 118.0 0.0 0.0 4146.153846153847 4083.589743589744 4265.128205128206 4483.076923076924 4484.102564102564 4671.282051282052 4282.051282051282 4387.6923076923085 4726.666666666667 4060.5128205128212 3935.3846153846157 4305.128205128206 4608.205128205129 4391.282051282052 1615.0 1712.0 5.036 4.535147190093994 0.0 0.0 0.0 0.0  1  0  0  0  0  0  0  0  0  0  0  0  0  0 
5044 119.0 0.0 0.0 4128.205128205129 4075.3846153846157 4248.205128205129 4484.615384615385 4487.179487179488 4680.000000000001 4288.717948717949 4388.205128205129 4727.179487179488 4059.48717948718 3940.0000000000005 4292.820512820514 4605.641025641026 4386.153846153847 1614.0 1711.0 5.044 4.535147190093994 0.0 0.0 0.0 0.0  1  0  0  0  0  0  0  0  0  0  0  0  0  0 
5051 120.0 0.0 0.0 4128.717948717949 4080.5128205128212 4256.923076923077 4486.153846153847 4485.128205128206 4675.8974358974365 4297.948717948719 4382.564102564103 4728.205128205129 4060.0000000000005 3943.589743589744 4288.717948717949 4610.256410256411 4389.743589743591 1613.0 1713.0 5.051 5.004300594329834 0.0 0.0 0.0 0.0  1  0  0  0  0  0  0  0  0  0  0  0  0  0 
5059 121.0 0.0 0.0 4134.871794871796 4085.1282051282055 4264.615384615385 4492.307692307693 4480.512820512821 4672.820512820514 4297.435897435898 4377.948717948719 4729.2307692307695 4058.9743589743593 3943.589743589744 4289.2307692307695 4613.333333333334 4392.820512820514 1614.0 1711.0 5.059 5.004300594329834 0.0 0.0 0.0 0.0  1  0  0  0  0  0  0  0  0  0  0  0  0  0 
5067 122.0 0.0 0.0 4134.871794871796 4078.9743589743593 4260.000000000001 4492.307692307693 4480.512820512821 4674.871794871796 4293.333333333334 4378.461538461539 4728.717948717949 4058.9743589743593 3944.615384615385 4283.076923076924 4611.282051282052 4393.333333333334 1613.0 1712.0 5.067 5.004300594329834 0.0 0.0 0.0 0.0  1  0  0  0  0  0  0  0  0  0  0  0  0  0 
5075 123.0 0.0 0.0 4126.153846153847 4073.333333333334 4264.615384615385 4488.205128205129 4485.641025641026 4677.948717948719 4295.8974358974365 4383.589743589744 4727.6923076923085 4062.0512820512827 3949.2307692307695 4275.8974358974365 4609.2307692307695 4395.384615384616 1614.0 1711.0 5.075 5.004300594329834 0.0 0.0 0.0 0.0  1  0  0  0  0  0  0  0  0  0  0  0  0  0 
5083 124.0 0.0 0.0 4126.666666666667 4075.3846153846157 4268.717948717949 4488.205128205129 4484.615384615385 4677.948717948719 4297.948717948719 4388.717948717949 4727.179487179488 4061.538461538462 3952.307692307693 4276.410256410257 4609.2307692307695 4397.435897435898 1612.0 1712.0 5.083 5.035577297210693 0.0 0.0 0.0 0.0  1  0  0  0  0  0  0  0  0  0  0  0  0  0 
5091 125.0 0.0 0.0 4130.769230769231 4073.8461538461543 4260.000000000001 4491.282051282052 4480.512820512821 4678.461538461539 4308.717948717949 4386.153846153847 4727.6923076923085 4060.0000000000005 3950.2564102564106 4278.974358974359 4612.820512820514 4399.48717948718 1613.0 1711.0 5.091 5.035577297210693 0.0 0.0 0.0 0.0  1  0  0  0  0  0  0  0  0  0  0  0  0  0 
5098 126.0 0.0 0.0 4128.205128205129 4073.8461538461543 4253.846153846154 4490.769230769231 4480.000000000001 4677.948717948719 4333.333333333334 4382.051282051282 4726.153846153847 4062.0512820512827 3948.717948717949 4281.025641025642 4614.358974358975 4402.051282051282 1613.0 1711.0 5.098 5.035577297210693 0.0 0.0 0.0 0.0  1  0  0  0  0  0  0  0  0  0  0  0  0  0 
5106 127.0 0.0 0.0 4132.820512820514 4082.0512820512827 4262.051282051282 4493.333333333334 4477.948717948719 4674.358974358975 4344.102564102564 4378.461538461539 4724.102564102564 4063.589743589744 3949.2307692307695 4291.794871794872 4617.948717948719 4404.102564102564 1613.0 1712.0 5.106 5.035577297210693 0.0 0.0 0.0 0.0  1  0  0  0  0  0  0  0  0  0  0  0  0  0 
5114 128.0 0.0 0.0 4130.769230769231 4083.589743589744 4256.923076923077 4493.846153846154 4478.974358974359 4678.461538461539 4345.128205128206 4378.974358974359 4724.615384615386 4061.538461538462 3944.615384615385 4297.435897435898 4615.384615384616 4396.410256410257 1613.0 1711.0 5.114 5.035577297210693 0.0 0.0 0.0 0.0  1  0  0  0  0  0  0  0  0  0  0  0  0  0 
5122 0.0 0.0 0.0 4138.974358974359 4082.0512820512827 4261.025641025642 4493.846153846154 4477.948717948719 4677.948717948719 4351.282051282052 4378.974358974359 4725.641025641026 4060.5128205128212 3944.615384615385 4308.717948717949 4618.974358974359 4397.948717948719 1613.0 1711.0 5.122 5.035577297210693 0.0 0.0 0.0 0.0  1  0  0  0  0  0  0  0  0  0  0  0  0  0 
5130 1.0 0.0 0.0 4142.564102564103 4080.0000000000005 4262.564102564103 4491.282051282052 4477.948717948719 4675.8974358974365 4357.948717948719 4381.025641025642 4726.666666666667 4060.5128205128212 3943.589743589744 4313.846153846154 4620.000000000001 4397.948717948719 1612.0 1711.0 5.13 5.035577297210693 0.0 0.0 0.0 0.0  1  0  0  0  0  0  0  0  0  0  0  0  0  0 
5137 2.0 0.0 0.0 4157.435897435898 4084.1025641025644 4275.384615384616 4492.307692307693 4472.307692307693 4667.6923076923085 4354.358974358975 4377.435897435898 4726.153846153847 4061.0256410256416 3944.615384615385 4331.282051282052 4627.179487179488 4399.48717948718 1613.0 1713.0 5.137 5.035577297210693 0.0 0.0 0.0 0.0  1  0  0  0  0  0  0  0  0  0  0  0  0  0 
5145 3.0 0.0 0.0 4157.948717948719 4084.1025641025644 4274.871794871796 4492.307692307693 4473.846153846154 4668.717948717949 4350.769230769231 4376.410256410257 4725.128205128206 4061.538461538462 3942.564102564103 4338.974358974359 4625.128205128206 4400.000000000001 1614.0 1710.0 5.145 5.035577297210693 0.0 0.0 0.0 0.0  1  0  0  0  0  0  0  0  0  0  0  0  0  0 
5153 4.0 0.0 0.0 4173.846153846154 4085.1282051282055 4291.794871794872 4493.333333333334 4469.2307692307695 4662.564102564103 4349.743589743591 4371.282051282052 4723.589743589744 4062.0512820512827 3949.2307692307695 4350.769230769231 4629.743589743591 4410.769230769231 1612.0 1712.0 5.153 5.035577297210693 0.0 0.0 0.0 0.0  1  0  0  0  0  0  0  0  0  0  0  0  0  0 
5161 5.0 0.0 0.0 4174.358974358975 4085.1282051282055 4290.769230769231 4494.871794871796 4467.179487179487 4665.128205128206 4349.743589743591 4370.256410256411 4723.076923076924 4060.5128205128212 3948.205128205129 4349.2307692307695 4631.282051282052 4411.282051282052 1614.0 1712.0 5.161 5.035577297210693 0.0 0.0 0.0 0.0  1  0  0  0  0  0  0  0  0  0  0  0  0  0 
5169 6.0 0.0 0.0 4180.512820512821 4090.2564102564106 4292.820512820514 4500.000000000001 4463.589743589744 4663.589743589744 4343.589743589744 4371.282051282052 4722.564102564103 4059.48717948718 3947.692307692308 4356.410256410257 4637.948717948719 4414.871794871796 1613.0 1712.0 5.169 5.035577297210693 0.0 0.0 0.0 0.0  1  0  0  0  0  0  0  0  0  0  0  0  0  0 
5177 7.0 0.0 0.0 4170.769230769231 4088.205128205129 4292.307692307693 4501.538461538462 4465.641025641026 4664.615384615386 4333.846153846154 4374.871794871796 4721.025641025642 4060.5128205128212 3947.1794871794878 4354.871794871796 4635.384615384616 4416.923076923077 1614.0 1712.0 5.177 5.035577297210693 0.0 0.0 0.0 0.0  1  0  0  0  0  0  0  0  0  0  0  0  0  0 
5184 8.0 0.0 0.0 4170.769230769231 4088.205128205129 4301.538461538462 4502.564102564103 4464.102564102564 4661.025641025642 4325.641025641026 4376.923076923077 4720.512820512821 4062.0512820512827 3950.2564102564106 4349.2307692307695 4634.871794871796 4417.435897435898 1614.0 1712.0 5.184 5.035577297210693 0.0 0.0 0.0 0.0  1  0  0  0  0  0  0  0  0  0  0  0  0  0 
5192 9.0 0.0 0.0 4164.102564102564 4086.1538461538466 4290.769230769231 4503.076923076924 4466.153846153847 4664.615384615386 4325.128205128206 4378.974358974359 4723.589743589744 4060.0000000000005 3951.2820512820517 4338.461538461539 4632.820512820514 4415.384615384616 1614.0 1713.0 5.192 5.035577297210693 0.0 0.0 0.0 0.0  1  0  0  0  0  0  0  0  0  0  0  0  0  0 
5200 10.0 0.0 0.0 4163.589743589744 4084.615384615385 4282.564102564103 4503.076923076924 4465.128205128206 4668.205128205129 4326.666666666667 4371.794871794872 4724.102564102564 4060.5128205128212 3952.820512820513 4336.923076923077 4630.256410256411 4413.333333333334 1614.0 1711.0 5.2 5.035577297210693 0.0 0.0 0.0 0.0  1  0  0  0  0  0  0  0  0  0  0  0  0  0 
5208 11.0 0.0 0.0 4153.846153846154 4082.564102564103 4282.051282051282 4504.102564102564 4466.153846153847 4672.820512820514 4323.589743589744 4363.076923076924 4721.538461538462 4061.0256410256416 3953.333333333334 4334.871794871796 4627.179487179488 4404.615384615385 1614.0 1713.0 5.208 5.035577297210693 0.0 0.0 0.0 0.0  1  0  0  0  0  0  0  0  0  0  0  0  0  0 
5216 12.0 0.0 0.0 4146.153846153847 4086.1538461538466 4276.923076923077 4503.076923076924 4470.769230769231 4673.846153846154 4317.948717948719 4368.717948717949 4723.589743589744 4060.5128205128212 3949.7435897435903 4321.025641025642 4626.666666666667 4398.974358974359 1614.0 1712.0 5.216 5.035577297210693 0.0 0.0 0.0 0.0  1  0  0  0  0  0  0  0  0  0  0  0  0  0 
5223 13.0 0.0 0.0 4145.128205128206 4085.6410256410263 4270.769230769231 4500.000000000001 4473.333333333334 4674.871794871796 4316.923076923077 4377.435897435898 4729.2307692307695 4061.0256410256416 3951.7948717948725 4310.256410256411 4628.205128205129 4403.076923076924 1614.0 1712.0 5.223 5.035577297210693 0.0 0.0 0.0 0.0  1  0  0  0  0  0  0  0  0  0  0  0  0  0 
5231 14.0 0.0 0.0 4136.410256410257 4077.9487179487187 4268.205128205129 4499.48717948718 4473.333333333334 4680.000000000001 4316.923076923077 4382.051282051282 4727.179487179488 4060.5128205128212 3954.8717948717954 4302.051282051282 4621.025641025642 4404.102564102564 1613.0 1712.0 5.231 5.035577297210693 0.0 0.0 0.0 0.0  1  0  0  0  0  0  0  0  0  0  0  0  0  0 
5239 15.0 0.0 0.0 4135.8974358974365 4080.5128205128212 4279.48717948718 4502.051282051282 4469.743589743591 4675.384615384616 4320.000000000001 4381.025641025642 4724.615384615386 4060.5128205128212 3954.358974358975 4297.948717948719 4621.538461538462 4405.641025641026 1613.0 1712.0 5.239 5.035577297210693 0.0 0.0 0.0 0.0  1  0  0  0  0  0  0  0  0  0  0  0  0  0 
5247 16.0 0.0 0.0 4126.666666666667 4080.0000000000005 4279.48717948718 4499.48717948718 4472.307692307693 4674.358974358975 4329.2307692307695 4378.974358974359 4728.205128205129 4062.0512820512827 3951.2820512820517 4291.282051282052 4621.025641025642 4406.666666666667 1613.0 1711.0 5.247 5.035577297210693 0.0 0.0 0.0 0.0  1  0  0  0  0  0  0  0  0  0  0  0  0  0 
5255 17.0 0.0 0.0 4133.846153846154 4076.410256410257 4276.923076923077 4500.000000000001 4472.820512820514 4675.384615384616 4327.6923076923085 4375.384615384616 4726.666666666667 4062.564102564103 3954.358974358975 4297.948717948719 4621.025641025642 4409.743589743591 1613.0 1712.0 5.255 5.035577297210693 0.0 0.0 0.0 0.0  1  0  0  0  0  0  0  0  0  0  0  0  0  0 
5263 18.0 0.0 0.0 4125.641025641026 4074.358974358975 4256.923076923077 4501.025641025642 4478.461538461539 4684.102564102564 4322.051282051282 4376.923076923077 4725.128205128206 4058.461538461539 3951.7948717948725 4293.333333333334 4613.333333333334 4401.538461538462 1612.0 1711.0 5.263 5.035577297210693 0.0 0.0 0.0 0.0  1  0  0  0  0  0  0  0  0  0  0  0  0  0 
5270 19.0 0.0 0.0 4129.2307692307695 4081.538461538462 4257.948717948719 4500.512820512821 4477.435897435898 4680.000000000001 4325.128205128206 4376.410256410257 4728.205128205129 4060.0000000000005 3949.2307692307695 4296.923076923077 4617.435897435898 4400.000000000001 1613.0 1711.0 5.27 5.035577297210693 0.0 0.0 0.0 0.0  1  0  0  0  0  0  0  0  0  0  0  0  0  0 
5278 20.0 0.0 0.0 4124.615384615385 4078.461538461539 4252.820512820514 4496.923076923077 4478.974358974359 4684.102564102564 4331.282051282052 4385.641025641026 4729.743589743591 4062.0512820512827 3945.1282051282055 4296.410256410257 4614.871794871796 4396.410256410257 1613.0 1711.0 5.278 5.035577297210693 0.0 0.0 0.0 0.0  1  0  0  0  0  0  0  0  0  0  0  0  0  0 
5286 21.0 0.0 0.0 4138.974358974359 4074.8717948717954 4256.410256410257 4494.358974358975 4477.435897435898 4681.025641025642 4323.076923076924 4388.717948717949 4728.205128205129 4059.48717948718 3944.615384615385 4305.641025641026 4613.846153846154 4395.8974358974365 1613.0 1712.0 5.286 5.035577297210693 0.0 0.0 0.0 0.0  1  0  0  0  0  0  0  0  0  0  0  0  0  0 
5294 22.0 0.0 0.0 4132.307692307693 4073.333333333334 4244.615384615385 4492.820512820514 4485.128205128206 4685.128205128206 4325.128205128206 4382.051282051282 4726.153846153847 4057.9487179487182 3939.48717948718 4301.538461538462 4610.256410256411 4390.769230769231 1613.0 1710.0 5.294 5.035577297210693 0.0 0.0 0.0 0.0  1  0  0  0  0  0  0  0  0  0  0  0  0  0 
5302 23.0 0.0 0.0 4131.794871794872 4075.3846153846157 4250.769230769231 4492.307692307693 4486.153846153847 4684.615384615386 4341.025641025642 4373.846153846154 4724.102564102564 4058.9743589743593 3937.9487179487182 4307.179487179487 4612.307692307693 4393.333333333334 1612.0 1712.0 5.302 5.254515647888184 0.0 0.0 0.0 0.0  1  0  0  0  0  0  0  0  0  0  0  0  0  0 
5310 24.0 0.0 0.0 4126.666666666667 4071.2820512820517 4252.307692307693 4490.769230769231 4486.666666666667 4688.205128205129 4349.743589743591 4381.538461538462 4726.153846153847 4058.9743589743593 3934.8717948717954 4310.256410256411 4606.666666666667 4393.333333333334 1614.0 1711.0 5.31 5.254515647888184 0.0 0.0 0.0 0.0  1  0  0  0  0  0  0  0  0  0  0  0  0  0 
5317 25.0 0.0 0.0 4126.666666666667 4069.7435897435903 4252.307692307693 4486.666666666667 4488.205128205129 4689.743589743591 4346.666666666667 4386.153846153847 4727.179487179488 4059.48717948718 3934.8717948717954 4315.384615384616 4606.153846153847 4392.307692307693 1612.0 1711.0 5.317 5.254515647888184 0.0 0.0 0.0 0.0  1  0  0  0  0  0  0  0  0  0  0  0  0  0 
5325 26.0 0.0 0.0 4115.8974358974365 4068.717948717949 4243.589743589744 4483.076923076924 4490.256410256411 4691.282051282052 4349.2307692307695 4387.179487179487 4726.666666666667 4059.48717948718 3934.358974358975 4311.282051282052 4605.128205128206 4387.6923076923085 1614.0 1712.0 5.325 5.254515647888184 0.0 0.0 0.0 0.0  1  0  0  0  0  0  0  0  0  0  0  0  0  0 
5333 27.0 0.0 0.0 4116.923076923077 4066.666666666667 4246.666666666667 4483.076923076924 4491.282051282052 4691.794871794872 4351.794871794872 4392.820512820514 4728.717948717949 4057.435897435898 3931.7948717948725 4301.538461538462 4599.48717948718 4384.615384615385 1614.0 1711.0 5.333 5.254515647888184 0.0 0.0 0.0 0.0  1  0  0  0  0  0  0  0  0  0  0  0  0  0 
5341 28.0 0.0 0.0 4116.410256410257 4063.076923076924 4243.589743589744 4484.102564102564 4494.871794871796 4694.871794871796 4350.256410256411 4394.358974358975 4730.769230769231 4058.461538461539 3931.2820512820517 4289.2307692307695 4593.846153846154 4381.538461538462 1613.0 1712.0 5.341 5.254515647888184 0.0 0.0 0.0 0.0  1  0  0  0  0  0  0  0  0  0  0  0  0  0 
5349 29.0 0.0 0.0 4114.358974358975 4063.076923076924 4232.307692307693 4482.051282051282 4499.48717948718 4702.051282051282 4355.384615384616 4390.256410256411 4729.743589743591 4061.538461538462 3928.717948717949 4280.512820512821 4591.282051282052 4375.8974358974365 1613.0 1712.0 5.349 5.254515647888184 0.0 0.0 0.0 0.0  1  0  0  0  0  0  0  0  0  0  0  0  0  0 
5356 30.0 0.0 0.0 4098.974358974359 4056.9230769230776 4204.102564102564 4478.461538461539 4507.6923076923085 4714.358974358975 4365.128205128206 4392.820512820514 4730.256410256411 4058.9743589743593 3919.48717948718 4267.179487179487 4577.948717948719 4367.179487179487 1614.0 1712.0 5.356 5.254515647888184 0.0 0.0 0.0 0.0  1  0  0  0  0  0  0  0  0  0  0  0  0  0 
5364 31.0 0.0 0.0 4046.666666666667 4038.461538461539 4146.153846153847 4465.641025641026 4532.307692307693 4739.48717948718 4376.923076923077 4411.794871794872 4733.846153846154 4054.358974358975 3901.538461538462 4217.948717948719 4543.076923076924 4342.051282051282 1614.0 1711.0 5.364 5.254515647888184 0.0 0.0 0.0 0.0  1  0  0  0  0  0  0  0  0  0  0  0  0  0 
5372 32.0 0.0 0.0 4051.7948717948725 4043.076923076924 4169.2307692307695 4460.000000000001 4531.282051282052 4731.794871794872 4375.8974358974365 4419.48717948718 4734.358974358975 4056.410256410257 3905.1282051282055 4210.769230769231 4545.641025641026 4340.512820512821 1613.0 1712.0 5.372 5.254515647888184 0.0 0.0 0.0 0.0  1  0  0  0  0  0  0  0  0  0  0  0  0  0 
5380 33.0 0.0 0.0 4107.6923076923085 4062.564102564103 4244.615384615385 4468.205128205129 4501.025641025642 4695.384615384616 4364.615384615385 4407.6923076923085 4730.769230769231 4060.0000000000005 3927.692307692308 4255.8974358974365 4584.615384615385 4368.717948717949 1614.0 1712.0 5.38 5.254515647888184 0.0 0.0 0.0 0.0  1  0  0  0  0  0  0  0  0  0  0  0  0  0 
5388 34.0 0.0 0.0 4144.102564102564 4074.8717948717954 4275.384615384616 4481.025641025642 4478.461538461539 4670.769230769231 4363.076923076924 4387.6923076923085 4726.666666666667 4060.5128205128212 3946.1538461538466 4294.871794871796 4615.8974358974365 4396.410256410257 1613.0 1713.0 5.388 5.254515647888184 0.0 0.0 0.0 0.0  1  0  0  0  0  0  0  0  0  0  0  0  0  0 
5396 35.0 0.0 0.0 4118.461538461539 4072.820512820513 4246.666666666667 4483.076923076924 4488.717948717949 4681.025641025642 4376.410256410257 4380.512820512821 4728.205128205129 4058.461538461539 3943.076923076924 4286.666666666667 4608.205128205129 4391.794871794872 1614.0 1711.0 5.396 5.254515647888184 0.0 0.0 0.0 0.0  1  0  0  0  0  0  0  0  0  0  0  0  0  0 
5403 36.0 0.0 0.0 4134.358974358975 4081.0256410256416 4262.051282051282 4486.666666666667 4484.102564102564 4677.948717948719 4380.512820512821 4377.435897435898 4729.743589743591 4060.0000000000005 3947.1794871794878 4296.923076923077 4612.307692307693 4392.820512820514 1612.0 1711.0 5.403 5.254515647888184 0.0 0.0 0.0 0.0  1  0  0  0  0  0  0  0  0  0  0  0  0  0 
5411 37.0 0.0 0.0 4145.641025641026 4083.589743589744 4264.615384615385 4491.282051282052 4477.435897435898 4675.384615384616 4382.051282051282 4377.435897435898 4729.743589743591 4062.564102564103 3949.2307692307695 4303.589743589744 4618.461538461539 4397.948717948719 1612.0 1712.0 5.411 5.254515647888184 0.0 0.0 0.0 0.0  1  0  0  0  0  0  0  0  0  0  0  0  0  0 
5419 38.0 0.0 0.0 4143.076923076924 4080.5128205128212 4260.000000000001 4492.820512820514 4479.48717948718 4675.384615384616 4389.2307692307695 4380.512820512821 4729.2307692307695 4062.564102564103 3946.666666666667 4297.948717948719 4618.461538461539 4400.000000000001 1613.0 1710.0 5.419 5.254515647888184 0.0 0.0 0.0 0.0  1  0  0  0  0  0  0  0  0  0  0  0  0  0 
5427 39.0 0.0 0.0 4133.846153846154 4074.8717948717954 4267.179487179487 4491.794871794872 4483.589743589744 4677.435897435898 4387.179487179487 4389.2307692307695 4731.282051282052 4062.0512820512827 3944.1025641025644 4291.282051282052 4617.435897435898 4394.871794871796 1613.0 1711.0 5.427 5.379622936248779 0.0 0.0 0.0 0.0  1  0  0  0  0  0  0  0  0  0  0  0  0  0 
5435 40.0 0.0 0.0 4139.48717948718 4074.358974358975 4282.051282051282 4490.769230769231 4476.410256410257 4672.307692307693 4377.948717948719 4389.743589743591 4731.794871794872 4063.589743589744 3949.7435897435903 4295.8974358974365 4624.102564102564 4397.948717948719 1614.0 1711.0 5.435 5.379622936248779 0.0 0.0 0.0 0.0  1  0  0  0  0  0  0  0  0  0  0  0  0  0 
5442 41.0 0.0 0.0 4133.333333333334 4073.333333333334 4272.820512820514 4489.743589743591 4478.974358974359 4678.461538461539 4374.358974358975 4384.615384615385 4729.2307692307695 4061.538461538462 3949.2307692307695 4295.384615384616 4617.948717948719 4404.615384615385 1613.0 1711.0 5.442 5.379622936248779 0.0 0.0 0.0 0.0  1  0  0  0  0  0  0  0  0  0  0  0  0  0 
5450 42.0 0.0 0.0 4139.48717948718 4076.9230769230776 4261.025641025642 4489.743589743591 4481.538461538462 4682.051282051282 4372.307692307693 4377.948717948719 4727.6923076923085 4059.48717948718 3944.615384615385 4306.153846153847 4614.871794871796 4407.6923076923085 1613.0 1711.0 5.45 5.379622936248779 0.0 0.0 0.0 0.0  1  0  0  0  0  0  0  0  0  0  0  0  0  0 
5458 43.0 0.0 0.0 4141.538461538462 4082.564102564103 4244.102564102564 4494.871794871796 4483.076923076924 4684.102564102564 4369.2307692307695 4376.923076923077 4730.256410256411 4062.0512820512827 3941.538461538462 4311.794871794872 4616.410256410257 4398.974358974359 1612.0 1712.0 5.458 5.379622936248779 0.0 0.0 0.0 0.0  1  0  0  0  0  0  0  0  0  0  0  0  0  0 
5466 44.0 0.0 0.0 4133.846153846154 4085.1282051282055 4238.974358974359 4496.410256410257 4487.179487179488 4686.153846153847 4368.717948717949 4384.102564102564 4731.282051282052 4062.564102564103 3938.9743589743593 4308.717948717949 4614.871794871796 4392.307692307693 1614.0 1711.0 5.466 5.379622936248779 0.0 0.0 0.0 0.0  1  0  0  0  0  0  0  0  0  0  0  0  0  0 
5474 45.0 0.0 0.0 4129.74358974359 4081.538461538462 4243.589743589744 4486.666666666667 4487.6923076923085 4686.666666666667 4369.2307692307695 4392.307692307693 4728.717948717949 4060.5128205128212 3936.410256410257 4312.307692307693 4611.794871794872 4392.307692307693 1613.0 1712.0 5.474 5.379622936248779 0.0 0.0 0.0 0.0  1  0  0  0  0  0  0  0  0  0  0  0  0  0 
5482 46.0 0.0 0.0 4133.846153846154 4072.820512820513 4243.076923076924 4481.025641025642 4487.179487179488 4688.205128205129 4367.6923076923085 4394.358974358975 4728.717948717949 4063.076923076924 3933.8461538461543 4314.358974358975 4607.6923076923085 4385.128205128206 1615.0 1712.0 5.482 5.379622936248779 0.0 0.0 0.0 0.0  1  0  0  0  0  0  0  0  0  0  0  0  0  0 
5489 47.0 0.0 0.0 4136.923076923077 4071.2820512820517 4248.205128205129 4486.153846153847 4486.666666666667 4687.6923076923085 4370.769230769231 4384.615384615385 4730.256410256411 4064.1025641025644 3935.8974358974365 4312.820512820514 4605.641025641026 4380.512820512821 1613.0 1711.0 5.489 5.379622936248779 0.0 0.0 0.0 0.0  1  0  0  0  0  0  0  0  0  0  0  0  0  0 
5497 48.0 0.0 0.0 4128.717948717949 4073.8461538461543 4249.2307692307695 4484.102564102564 4488.717948717949 4689.2307692307695 4381.538461538462 4379.48717948718 4732.307692307693 4058.9743589743593 3932.820512820513 4304.615384615385 4603.076923076924 4384.615384615385 1614.0 1712.0 5.497 5.379622936248779 0.0 0.0 0.0 0.0  1  0  0  0  0  0  0  0  0  0  0  0  0  0 
5505 49.0 0.0 0.0 4133.333333333334 4071.2820512820517 4251.282051282052 4482.564102564103 4489.743589743591 4688.205128205129 4393.333333333334 4383.076923076924 4731.282051282052 4059.48717948718 3930.7692307692314 4303.076923076924 4607.179487179488 4391.282051282052 1614.0 1711.0 5.505 5.379622936248779 0.0 0.0 0.0 0.0  1  0  0  0  0  0  0  0  0  0  0  0  0  0 
5513 50.0 0.0 0.0 4123.076923076924 4066.1538461538466 4237.435897435898 4485.128205128206 4495.384615384616 4695.384615384616 4406.666666666667 4391.794871794872 4729.2307692307695 4061.538461538462 3930.2564102564106 4289.74358974359 4601.538461538462 4384.102564102564 1614.0 1712.0 5.513 5.379622936248779 0.0 0.0 0.0 0.0  1  0  0  0  0  0  0  0  0  0  0  0  0  0 
5521 51.0 0.0 0.0 4122.051282051282 4072.307692307693 4243.076923076924 4486.153846153847 4492.307692307693 4693.333333333334 4414.358974358975 4393.333333333334 4728.717948717949 4060.5128205128212 3935.8974358974365 4285.641025641026 4601.538461538462 4383.589743589744 1614.0 1711.0 5.521 5.379622936248779 0.0 0.0 0.0 0.0  1  0  0  0  0  0  0  0  0  0  0  0  0  0 
5528 52.0 0.0 0.0 4107.179487179487 4068.205128205129 4237.435897435898 4479.48717948718 4494.358974358975 4693.846153846154 4414.358974358975 4397.435897435898 4731.794871794872 4060.5128205128212 3934.8717948717954 4269.74358974359 4594.358974358975 4381.538461538462 1612.0 1712.0 5.528 5.379622936248779 0.0 0.0 0.0 0.0  1  0  0  0  0  0  0  0  0  0  0  0  0  0 
5536 53.0 0.0 0.0 4118.974358974359 4064.615384615385 4252.820512820514 4480.000000000001 4488.717948717949 4686.666666666667 4407.6923076923085 4393.846153846154 4731.794871794872 4062.0512820512827 3937.435897435898 4277.435897435898 4602.564102564103 4387.179487179487 1614.0 1712.0 5.536 5.379622936248779 0.0 0.0 0.0 0.0  1  0  0  0  0  0  0  0  0  0  0  0  0  0 
5544 54.0 0.0 0.0 4129.74358974359 4070.2564102564106 4260.000000000001 4485.641025641026 4482.564102564103 4687.179487179488 4399.48717948718 4382.564102564103 4728.205128205129 4058.9743589743593 3939.48717948718 4290.256410256411 4611.794871794872 4389.2307692307695 1613.0 1712.0 5.544 5.379622936248779 0.0 0.0 0.0 0.0  1  0  0  0  0  0  0  0  0  0  0  0  0  0 
5552 55.0 0.0 0.0 4144.102564102564 4085.6410256410263 4264.615384615385 4492.307692307693 4477.435897435898 4680.512820512821 4385.641025641026 4370.769230769231 4725.641025641026 4061.0256410256416 3945.1282051282055 4300.000000000001 4618.461538461539 4395.8974358974365 1614.0 1712.0 5.552 5.504730701446533 0.0 0.0 0.0 0.0  1  0  0  0  0  0  0  0  0  0  0  0  0  0 
5560 56.0 0.0 0.0 4132.307692307693 4084.615384615385 4251.282051282052 4492.307692307693 4483.076923076924 4680.000000000001 4381.538461538462 4373.333333333334 4727.179487179488 4063.076923076924 3946.666666666667 4293.333333333334 4611.794871794872 4396.410256410257 1612.0 1711.0 5.56 5.504730701446533 0.0 0.0 0.0 0.0  1  0  0  0  0  0  0  0  0  0  0  0  0  0 
5568 57.0 0.0 0.0 4135.8974358974365 4083.076923076924 4256.410256410257 4488.205128205129 4482.051282051282 4680.512820512821 4390.256410256411 4384.102564102564 4727.6923076923085 4060.5128205128212 3946.666666666667 4297.948717948719 4613.846153846154 4395.8974358974365 1614.0 1712.0 5.568 5.504730701446533 0.0 0.0 0.0 0.0  1  0  0  0  0  0  0  0  0  0  0  0  0  0 
5575 58.0 0.0 0.0 4134.358974358975 4082.564102564103 4260.000000000001 4490.256410256411 4481.025641025642 4686.666666666667 4390.256410256411 4392.307692307693 4727.6923076923085 4062.0512820512827 3943.076923076924 4300.000000000001 4614.358974358975 4391.282051282052 1613.0 1711.0 5.575 5.504730701446533 0.0 0.0 0.0 0.0  1  0  0  0  0  0  0  0  0  0  0  0  0  0 
5583 59.0 0.0 0.0 4134.358974358975 4084.615384615385 4256.410256410257 4495.384615384616 4480.512820512821 4682.564102564103 4381.025641025642 4385.641025641026 4728.205128205129 4064.1025641025644 3943.076923076924 4296.923076923077 4612.820512820514 4393.333333333334 1614.0 1712.0 5.583 5.536007404327393 0.0 0.0 0.0 0.0  1  0  0  0  0  0  0  0  0  0  0  0  0  0 
5591 60.0 0.0 0.0 4137.435897435898 4082.0512820512827 4261.025641025642 4491.794871794872 4478.974358974359 4676.923076923077 4383.589743589744 4377.948717948719 4726.666666666667 4060.5128205128212 3946.1538461538466 4295.384615384616 4612.820512820514 4401.538461538462 1614.0 1711.0 5.591 5.536007404327393 0.0 0.0 0.0 0.0  1  0  0  0  0  0  0  0  0  0  0  0  0  0 
5599 61.0 0.0 0.0 4140.000000000001 4073.8461538461543 4274.871794871796 4488.205128205129 4477.435897435898 4676.923076923077 4392.820512820514 4378.974358974359 4724.615384615386 4060.0000000000005 3946.666666666667 4302.051282051282 4613.333333333334 4402.564102564103 1613.0 1712.0 5.599 5.536007404327393 0.0 0.0 0.0 0.0  1  0  0  0  0  0  0  0  0  0  0  0  0  0 
5607 62.0 0.0 0.0 4141.025641025642 4075.3846153846157 4278.974358974359 4496.410256410257 4477.948717948719 4677.948717948719 4393.846153846154 4375.8974358974365 4722.564102564103 4063.076923076924 3947.1794871794878 4312.820512820514 4614.871794871796 4398.974358974359 1614.0 1711.0 5.607 5.536007404327393 0.0 0.0 0.0 0.0  1  0  0  0  0  0  0  0  0  0  0  0  0  0 
5614 63.0 0.0 0.0 4134.871794871796 4083.076923076924 4263.589743589744 4500.000000000001 4480.512820512821 4682.051282051282 4396.923076923077 4374.358974358975 4725.128205128206 4061.0256410256416 3945.1282051282055 4308.205128205129 4612.307692307693 4396.410256410257 1613.0 1712.0 5.614 5.536007404327393 0.0 0.0 0.0 0.0  1  0  0  0  0  0  0  0  0  0  0  0  0  0 
5622 64.0 0.0 0.0 4142.051282051282 4084.615384615385 4265.128205128206 4495.8974358974365 4474.358974358975 4679.48717948718 4396.923076923077 4379.48717948718 4727.6923076923085 4059.48717948718 3944.615384615385 4310.769230769231 4614.358974358975 4400.512820512821 1614.0 1712.0 5.622 5.536007404327393 0.0 0.0 0.0 0.0  1  0  0  0  0  0  0  0  0  0  0  0  0  0 
5630 65.0 0.0 0.0 4141.025641025642 4076.9230769230776 4263.076923076924 4493.846153846154 4474.871794871796 4682.051282051282 4388.717948717949 4389.743589743591 4724.615384615386 4060.0000000000005 3941.538461538462 4312.820512820514 4611.282051282052 4394.871794871796 1613.0 1712.0 5.63 5.536007404327393 0.0 0.0 0.0 0.0  1  0  0  0  0  0  0  0  0  0  0  0  0  0 
5638 66.0 0.0 0.0 4148.717948717949 4081.538461538462 4266.153846153847 4496.923076923077 4476.410256410257 4681.538461538462 4386.153846153847 4384.615384615385 4722.564102564103 4061.0256410256416 3943.589743589744 4318.974358974359 4616.923076923077 4395.8974358974365 1614.0 1712.0 5.638 5.536007404327393 0.0 0.0 0.0 0.0  1  0  0  0  0  0  0  0  0  0  0  0  0  0 
5646 67.0 0.0 0.0 4140.000000000001 4085.6410256410263 4258.974358974359 4495.384615384616 4482.051282051282 4686.666666666667 4398.974358974359 4375.384615384616 4725.641025641026 4062.564102564103 3942.0512820512827 4308.717948717949 4614.358974358975 4396.923076923077 1613.0 1712.0 5.646 5.536007404327393 0.0 0.0 0.0 0.0  1  0  0  0  0  0  0  0  0  0  0  0  0  0 
5654 68.0 0.0 0.0 4146.153846153847 4085.1282051282055 4263.589743589744 4496.410256410257 4480.512820512821 4683.076923076924 4406.666666666667 4373.333333333334 4725.128205128206 4063.076923076924 3943.589743589744 4310.769230769231 4613.333333333334 4399.48717948718 1614.0 1712.0 5.654 5.536007404327393 0.0 0.0 0.0 0.0  1  0  0  0  0  0  0  0  0  0  0  0  0  0 
5661 69.0 0.0 0.0 4141.025641025642 4076.9230769230776 4256.410256410257 4496.410256410257 4484.102564102564 4686.666666666667 4405.641025641026 4381.538461538462 4724.102564102564 4062.0512820512827 3939.48717948718 4308.717948717949 4610.769230769231 4393.333333333334 1613.0 1712.0 5.661 5.536007404327393 0.0 0.0 0.0 0.0  1  0  0  0  0  0  0  0  0  0  0  0  0  0 
5669 70.0 0.0 0.0 4142.051282051282 4078.461538461539 4269.2307692307695 4496.923076923077 4482.051282051282 4685.128205128206 4401.025641025642 4384.102564102564 4725.128205128206 4063.076923076924 3943.076923076924 4309.2307692307695 4615.384615384616 4392.820512820514 1613.0 1711.0 5.669 5.536007404327393 0.0 0.0 0.0 0.0  1  0  0  0  0  0  0  0  0  0  0  0  0  0 
5677 71.0 0.0 0.0 4128.205128205129 4079.48717948718 4272.307692307693 4495.384615384616 4482.051282051282 4688.205128205129 4392.307692307693 4386.666666666667 4724.615384615386 4062.0512820512827 3946.1538461538466 4293.333333333334 4609.743589743591 4391.282051282052 1613.0 1711.0 5.677 5.629837989807129 0.0 0.0 0.0 0.0  1  0  0  0  0  0  0  0  0  0  0  0  0  0 
5685 72.0 0.0 0.0 4136.410256410257 4076.410256410257 4272.307692307693 4492.820512820514 4479.48717948718 4684.102564102564 4385.128205128206 4388.205128205129 4724.615384615386 4058.9743589743593 3947.692307692308 4292.820512820514 4609.2307692307695 4395.384615384616 1613.0 1711.0 5.685 5.629837989807129 0.0 0.0 0.0 0.0  1  0  0  0  0  0  0  0  0  0  0  0  0  0 
5693 73.0 0.0 0.0 4132.820512820514 4071.2820512820517 4260.512820512821 4492.820512820514 4482.051282051282 4685.641025641026 4393.846153846154 4385.128205128206 4728.717948717949 4059.48717948718 3943.589743589744 4297.435897435898 4607.6923076923085 4396.410256410257 1613.0 1712.0 5.693 5.629837989807129 0.0 0.0 0.0 0.0  1  0  0  0  0  0  0  0  0  0  0  0  0  0 
5700 74.0 0.0 0.0 4131.282051282052 4076.410256410257 4269.74358974359 4493.846153846154 4482.051282051282 4686.666666666667 4397.948717948719 4378.974358974359 4727.179487179488 4062.0512820512827 3940.0000000000005 4297.948717948719 4606.666666666667 4398.974358974359 1613.0 1711.0 5.7 5.629837989807129 0.0 0.0 0.0 0.0  1  0  0  0  0  0  0  0  0  0  0  0  0  0 
5708 75.0 0.0 0.0 4130.769230769231 4078.461538461539 4266.666666666667 4492.307692307693 4484.615384615385 4689.743589743591 4389.2307692307695 4378.974358974359 4724.102564102564 4062.564102564103 3938.461538461539 4290.769230769231 4606.666666666667 4397.435897435898 1612.0 1711.0 5.708 5.629837989807129 0.0 0.0 0.0 0.0  1  0  0  0  0  0  0  0  0  0  0  0  0  0 
5716 76.0 0.0 0.0 4136.410256410257 4077.9487179487187 4249.74358974359 4493.333333333334 4486.666666666667 4690.256410256411 4391.282051282052 4384.615384615385 4728.717948717949 4062.564102564103 3938.9743589743593 4296.923076923077 4607.179487179488 4390.769230769231 1614.0 1712.0 5.716 5.629837989807129 0.0 0.0 0.0 0.0  1  0  0  0  0  0  0  0  0  0  0  0  0  0 
5724 77.0 0.0 0.0 4129.2307692307695 4081.0256410256416 4244.102564102564 4494.358974358975 4486.666666666667 4691.282051282052 4410.769230769231 4391.282051282052 4731.794871794872 4061.538461538462 3937.435897435898 4305.128205128206 4603.589743589744 4388.717948717949 1612.0 1712.0 5.724 5.629837989807129 0.0 0.0 0.0 0.0  1  0  0  0  0  0  0  0  0  0  0  0  0  0 
5732 78.0 0.0 0.0 4125.641025641026 4082.564102564103 4251.282051282052 4490.769230769231 4485.641025641026 4691.282051282052 4423.589743589744 4391.794871794872 4728.205128205129 4061.0256410256416 3933.8461538461543 4302.564102564103 4601.538461538462 4390.256410256411 1614.0 1712.0 5.732 5.629837989807129 0.0 0.0 0.0 0.0  1  0  0  0  0  0  0  0  0  0  0  0  0  0 
5740 79.0 0.0 0.0 4139.48717948718 4076.9230769230776 4258.461538461539 4488.717948717949 4483.589743589744 4687.6923076923085 4428.205128205129 4382.564102564103 4726.153846153847 4061.0256410256416 3935.8974358974365 4308.717948717949 4605.128205128206 4390.769230769231 1614.0 1710.0 5.74 5.629837989807129 0.0 0.0 0.0 0.0  1  0  0  0  0  0  0  0  0  0  0  0  0  0 
5747 80.0 0.0 0.0 4135.8974358974365 4070.7692307692314 4252.307692307693 4489.743589743591 4487.179487179488 4689.2307692307695 4433.333333333334 4379.48717948718 4727.179487179488 4058.9743589743593 3935.8974358974365 4308.205128205129 4602.051282051282 4386.666666666667 1613.0 1712.0 5.747 5.629837989807129 0.0 0.0 0.0 0.0  1  0  0  0  0  0  0  0  0  0  0  0  0  0 
5755 81.0 0.0 0.0 4133.846153846154 4076.9230769230776 4256.410256410257 4490.769230769231 4485.128205128206 4686.153846153847 4429.743589743591 4379.48717948718 4725.641025641026 4059.48717948718 3937.9487179487182 4306.666666666667 4606.153846153847 4391.282051282052 1614.0 1711.0 5.755 5.629837989807129 0.0 0.0 0.0 0.0  1  0  0  0  0  0  0  0  0  0  0  0  0  0 
5763 82.0 0.0 0.0 4124.615384615385 4078.461538461539 4249.2307692307695 4486.153846153847 4486.153846153847 4688.717948717949 4418.974358974359 4385.128205128206 4725.128205128206 4060.0000000000005 3938.9743589743593 4300.000000000001 4605.641025641026 4391.794871794872 1613.0 1712.0 5.763 5.629837989807129 0.0 0.0 0.0 0.0  1  0  0  0  0  0  0  0  0  0  0  0  0  0 
5771 83.0 0.0 0.0 4133.846153846154 4076.410256410257 4260.000000000001 4488.205128205129 4482.564102564103 4685.128205128206 4405.641025641026 4386.666666666667 4726.153846153847 4058.9743589743593 3941.0256410256416 4307.179487179487 4608.205128205129 4392.820512820514 1614.0 1712.0 5.771 5.629837989807129 0.0 0.0 0.0 0.0  1  0  0  0  0  0  0  0  0  0  0  0  0  0 
5779 84.0 0.0 0.0 4127.6923076923085 4074.358974358975 4258.461538461539 4494.358974358975 4484.615384615385 4686.153846153847 4399.48717948718 4388.205128205129 4726.153846153847 4061.0256410256416 3936.410256410257 4303.076923076924 4606.666666666667 4390.769230769231 1614.0 1712.0 5.779 5.629837989807129 0.0 0.0 0.0 0.0  1  0  0  0  0  0  0  0  0  0  0  0  0  0 
5786 85.0 0.0 0.0 4137.948717948719 4084.615384615385 4261.025641025642 4498.461538461539 4482.564102564103 4680.000000000001 4398.461538461539 4382.564102564103 4726.153846153847 4062.564102564103 3939.48717948718 4306.666666666667 4612.820512820514 4395.384615384616 1614.0 1711.0 5.786 5.629837989807129 0.0 0.0 0.0 0.0  1  0  0  0  0  0  0  0  0  0  0  0  0  0 
5794 86.0 0.0 0.0 4136.923076923077 4084.1025641025644 4253.846153846154 4496.923076923077 4485.641025641026 4686.153846153847 4397.435897435898 4381.025641025642 4725.128205128206 4058.461538461539 3940.5128205128212 4302.564102564103 4610.256410256411 4393.846153846154 1613.0 1712.0 5.794 5.629837989807129 0.0 0.0 0.0 0.0  1  0  0  0  0  0  0  0  0  0  0  0  0  0 
5802 87.0 0.0 0.0 4142.564102564103 4080.0000000000005 4265.128205128206 4498.974358974359 4482.564102564103 4687.6923076923085 4391.794871794872 4377.435897435898 4722.564102564103 4059.48717948718 3940.5128205128212 4306.153846153847 4612.307692307693 4396.410256410257 1614.0 1712.0 5.802 5.754945755004883 0.0 0.0 0.0 0.0  1  0  0  0  0  0  0  0  0  0  0  0  0  0 
5810 88.0 0.0 0.0 4132.307692307693 4078.461538461539 4264.615384615385 4497.948717948719 4484.102564102564 4687.6923076923085 4392.820512820514 4378.461538461539 4724.102564102564 4063.589743589744 3938.9743589743593 4302.051282051282 4609.2307692307695 4394.358974358975 1613.0 1711.0 5.81 5.754945755004883 0.0 0.0 0.0 0.0  1  0  0  0  0  0  0  0  0  0  0  0  0  0 
5818 89.0 0.0 0.0 4135.384615384616 4085.1282051282055 4264.615384615385 4493.846153846154 4482.564102564103 4682.051282051282 4403.076923076924 4381.025641025642 4726.153846153847 4063.076923076924 3943.589743589744 4299.48717948718 4609.743589743591 4393.846153846154 1613.0 1712.0 5.818 5.754945755004883 0.0 0.0 0.0 0.0  1  0  0  0  0  0  0  0  0  0  0  0  0  0 
5826 90.0 0.0 0.0 4133.333333333334 4082.0512820512827 4258.461538461539 4493.846153846154 4483.076923076924 4686.153846153847 4414.871794871796 4385.128205128206 4726.153846153847 4059.48717948718 3944.1025641025644 4290.769230769231 4611.282051282052 4392.307692307693 1614.0 1711.0 5.826 5.754945755004883 0.0 0.0 0.0 0.0  1  0  0  0  0  0  0  0  0  0  0  0  0  0 
5833 91.0 0.0 0.0 4132.820512820514 4078.461538461539 4263.589743589744 4494.871794871796 4482.564102564103 4689.2307692307695 4414.358974358975 4385.128205128206 4725.128205128206 4059.48717948718 3942.564102564103 4289.74358974359 4614.871794871796 4393.846153846154 1613.0 1712.0 5.833 5.754945755004883 0.0 0.0 0.0 0.0  1  0  0  0  0  0  0  0  0  0  0  0  0  0 
5841 92.0 0.0 0.0 4129.2307692307695 4082.0512820512827 4269.2307692307695 4494.871794871796 4483.076923076924 4688.717948717949 4406.153846153847 4380.000000000001 4725.128205128206 4061.538461538462 3946.1538461538466 4291.282051282052 4613.846153846154 4392.307692307693 1614.0 1711.0 5.841 5.754945755004883 0.0 0.0 0.0 0.0  1  0  0  0  0  0  0  0  0  0  0  0  0  0 
5849 93.0 0.0 0.0 4134.358974358975 4082.564102564103 4272.307692307693 4496.923076923077 4483.589743589744 4686.666666666667 4404.102564102564 4376.923076923077 4724.615384615386 4061.538461538462 3948.717948717949 4292.820512820514 4611.794871794872 4391.794871794872 1613.0 1711.0 5.849 5.754945755004883 0.0 0.0 0.0 0.0  1  0  0  0  0  0  0  0  0  0  0  0  0  0 
5857 94.0 0.0 0.0 4140.512820512821 4078.461538461539 4268.717948717949 4499.48717948718 4484.102564102564 4686.666666666667 4411.794871794872 4377.435897435898 4724.615384615386 4060.5128205128212 3946.666666666667 4296.923076923077 4610.256410256411 4394.358974358975 1613.0 1712.0 5.857 5.754945755004883 0.0 0.0 0.0 0.0  1  0  0  0  0  0  0  0  0  0  0  0  0  0 
5865 95.0 0.0 0.0 4139.48717948718 4075.8974358974365 4262.051282051282 4496.410256410257 4484.615384615385 4689.743589743591 4414.358974358975 4380.512820512821 4725.128205128206 4060.0000000000005 3943.589743589744 4297.948717948719 4605.128205128206 4394.358974358975 1613.0 1711.0 5.865 5.754945755004883 0.0 0.0 0.0 0.0  1  0  0  0  0  0  0  0  0  0  0  0  0  0 
5873 96.0 0.0 0.0 4144.102564102564 4078.461538461539 4271.282051282052 4494.871794871796 4480.000000000001 4687.179487179488 4403.076923076924 4380.512820512821 4724.615384615386 4061.538461538462 3942.564102564103 4306.153846153847 4607.179487179488 4397.435897435898 1614.0 1711.0 5.873 5.754945755004883 0.0 0.0 0.0 0.0  1  0  0  0  0  0  0  0  0  0  0  0  0  0 
5880 97.0 0.0 0.0 4140.000000000001 4077.9487179487187 4269.74358974359 4494.358974358975 4481.538461538462 4687.6923076923085 4391.282051282052 4384.102564102564 4725.128205128206 4061.538461538462 3934.8717948717954 4309.2307692307695 4603.589743589744 4394.871794871796 1613.0 1712.0 5.88 5.754945755004883 0.0 0.0 0.0 0.0  1  0  0  0  0  0  0  0  0  0  0  0  0  0 
5888 98.0 0.0 0.0 4146.666666666667 4077.9487179487187 4267.6923076923085 4495.384615384616 4477.435897435898 4685.641025641026 4387.6923076923085 4383.076923076924 4725.641025641026 4061.538461538462 3937.435897435898 4317.948717948719 4609.743589743591 4396.923076923077 1613.0 1711.0 5.888 5.754945755004883 0.0 0.0 0.0 0.0  1  0  0  0  0  0  0  0  0  0  0  0  0  0 
5896 99.0 0.0 0.0 4136.410256410257 4076.9230769230776 4256.410256410257 4494.871794871796 4480.000000000001 4691.282051282052 4397.435897435898 4382.564102564103 4725.128205128206 4061.538461538462 3939.48717948718 4312.820512820514 4610.769230769231 4394.871794871796 1613.0 1712.0 5.896 5.754945755004883 0.0 0.0 0.0 0.0  1  0  0  0  0  0  0  0  0  0  0  0  0  0 
5904 100.0 0.0 0.0 4141.025641025642 4081.0256410256416 4272.307692307693 4493.333333333334 4482.564102564103 4690.769230769231 4412.820512820514 4380.000000000001 4723.589743589744 4061.0256410256416 3936.410256410257 4313.333333333334 4612.307692307693 4395.384615384616 1613.0 1713.0 5.904 5.754945755004883 0.0 0.0 0.0 0.0  1  0  0  0  0  0  0  0  0  0  0  0  0  0 
5912 101.0 0.0 0.0 4135.384615384616 4078.461538461539 4267.6923076923085 4492.307692307693 4486.666666666667 4691.794871794872 4422.564102564103 4382.564102564103 4725.128205128206 4062.0512820512827 3933.8461538461543 4306.153846153847 4605.128205128206 4390.256410256411 1614.0 1711.0 5.912 5.754945755004883 0.0 0.0 0.0 0.0  1  0  0  0  0  0  0  0  0  0  0  0  0  0 
5919 102.0 0.0 0.0 4144.102564102564 4078.461538461539 4261.538461538462 4496.410256410257 4481.538461538462 4685.128205128206 4428.205128205129 4383.076923076924 4726.153846153847 4063.076923076924 3941.538461538462 4309.743589743591 4609.743589743591 4391.282051282052 1613.0 1712.0 5.919 5.754945755004883 0.0 0.0 0.0 0.0  1  0  0  0  0  0  0  0  0  0  0  0  0  0 
5927 103.0 0.0 0.0 4137.948717948719 4078.461538461539 4252.820512820514 4495.8974358974365 4482.051282051282 4688.717948717949 4439.48717948718 4382.564102564103 4726.666666666667 4062.0512820512827 3940.5128205128212 4303.589743589744 4609.2307692307695 4387.179487179487 1614.0 1712.0 5.927 5.8800530433654785 0.0 0.0 0.0 0.0  1  0  0  0  0  0  0  0  0  0  0  0  0  0 
5935 104.0 0.0 0.0 4146.153846153847 4081.0256410256416 4266.666666666667 4495.8974358974365 4481.025641025642 4687.179487179488 4435.8974358974365 4379.48717948718 4727.179487179488 4060.5128205128212 3940.0000000000005 4303.076923076924 4609.2307692307695 4390.256410256411 1613.0 1712.0 5.935 5.8800530433654785 0.0 0.0 0.0 0.0  1  0  0  0  0  0  0  0  0  0  0  0  0  0 
5943 105.0 0.0 0.0 4140.512820512821 4077.435897435898 4265.128205128206 4496.410256410257 4484.102564102564 4687.179487179488 4417.948717948719 4380.000000000001 4726.153846153847 4059.48717948718 3942.0512820512827 4301.025641025642 4607.179487179488 4391.794871794872 1614.0 1712.0 5.943 5.8800530433654785 0.0 0.0 0.0 0.0  1  0  0  0  0  0  0  0  0  0  0  0  0  0 
5951 106.0 0.0 0.0 4138.461538461539 4080.0000000000005 4265.641025641026 4495.384615384616 4482.564102564103 4686.153846153847 4405.641025641026 4379.48717948718 4724.615384615386 4061.538461538462 3944.615384615385 4304.615384615385 4611.282051282052 4394.358974358975 1613.0 1711.0 5.951 5.8800530433654785 0.0 0.0 0.0 0.0  1  0  0  0  0  0  0  0  0  0  0  0  0  0 
5959 107.0 0.0 0.0 4130.769230769231 4081.538461538462 4264.615384615385 4494.358974358975 4482.051282051282 4689.2307692307695 4400.000000000001 4379.48717948718 4727.179487179488 4063.589743589744 3943.589743589744 4300.000000000001 4611.794871794872 4393.333333333334 1614.0 1712.0 5.959 5.8800530433654785 0.0 0.0 0.0 0.0  1  0  0  0  0  0  0  0  0  0  0  0  0  0 
5966 108.0 0.0 0.0 4129.2307692307695 4077.9487179487187 4266.153846153847 4496.410256410257 4483.076923076924 4686.666666666667 4398.974358974359 4381.538461538462 4727.179487179488 4063.589743589744 3942.564102564103 4296.410256410257 4609.743589743591 4395.8974358974365 1613.0 1711.0 5.966 5.8800530433654785 0.0 0.0 0.0 0.0  1  0  0  0  0  0  0  0  0  0  0  0  0  0 
5974 109.0 0.0 0.0 4128.717948717949 4075.8974358974365 4265.641025641026 4497.948717948719 4482.051282051282 4686.666666666667 4410.769230769231 4383.076923076924 4725.641025641026 4062.0512820512827 3942.0512820512827 4297.948717948719 4609.2307692307695 4398.461538461539 1614.0 1712.0 5.974 5.8800530433654785 0.0 0.0 0.0 0.0  1  0  0  0  0  0  0  0  0  0  0  0  0  0 
5982 110.0 0.0 0.0 4125.641025641026 4081.538461538462 4263.589743589744 4496.923076923077 4479.48717948718 4689.743589743591 4425.128205128206 4381.025641025642 4727.6923076923085 4063.589743589744 3942.564102564103 4297.948717948719 4611.794871794872 4394.871794871796 1614.0 1712.0 5.982 5.8800530433654785 0.0 0.0 0.0 0.0  1  0  0  0  0  0  0  0  0  0  0  0  0  0 
5990 111.0 0.0 0.0 4129.2307692307695 4083.589743589744 4268.717948717949 4499.48717948718 4482.051282051282 4688.205128205129 4429.2307692307695 4378.974358974359 4727.6923076923085 4065.6410256410263 3945.1282051282055 4296.410256410257 4615.384615384616 4392.307692307693 1613.0 1712.0 5.99 5.8800530433654785 0.0 0.0 0.0 0.0  1  0  0  0  0  0  0  0  0  0  0  0  0  0 
5998 112.0 0.0 0.0 4132.820512820514 4076.410256410257 4269.74358974359 4500.000000000001 4487.179487179488 4687.6923076923085 4428.205128205129 4381.025641025642 4724.615384615386 4062.0512820512827 3944.1025641025644 4290.769230769231 4610.769230769231 4392.307692307693 1614.0 1710.0 5.998 5.8800530433654785 0.0 0.0 0.0 0.0  1  0  0  0  0  0  0  0  0  0  0  0  0  0 
6005 113.0 0.0 0.0 4140.000000000001 4078.461538461539 4269.74358974359 4497.435897435898 4481.025641025642 4686.153846153847 4422.051282051282 4380.000000000001 4724.615384615386 4060.0000000000005 3946.1538461538466 4296.410256410257 4609.2307692307695 4395.8974358974365 1612.0 1711.0 6.005 5.8800530433654785 0.0 0.0 0.0 0.0  1  0  0  0  0  0  0  0  0  0  0  0  0  0 
6013 114.0 0.0 0.0 4134.871794871796 4080.0000000000005 4258.461538461539 4494.871794871796 4480.512820512821 4689.2307692307695 4419.48717948718 4382.564102564103 4726.666666666667 4063.589743589744 3944.615384615385 4294.358974358975 4606.666666666667 4392.307692307693 1614.0 1711.0 6.013 5.8800530433654785 0.0 0.0 0.0 0.0  1  0  0  0  0  0  0  0  0  0  0  0  0  0 
6021 115.0 0.0 0.0 4143.076923076924 4078.461538461539 4265.128205128206 4496.410256410257 4483.589743589744 4686.153846153847 4424.615384615385 4382.051282051282 4725.641025641026 4064.615384615385 3944.1025641025644 4300.512820512821 4612.307692307693 4395.8974358974365 1612.0 1711.0 6.021 5.8800530433654785 0.0 0.0 0.0 0.0  1  0  0  0  0  0  0  0  0  0  0  0  0  0 
6029 116.0 0.0 0.0 4136.923076923077 4075.3846153846157 4264.615384615385 4495.8974358974365 4485.641025641026 4690.256410256411 4427.179487179487 4384.615384615385 4726.153846153847 4060.5128205128212 3940.0000000000005 4300.512820512821 4609.2307692307695 4396.923076923077 1614.0 1712.0 6.029 5.8800530433654785 0.0 0.0 0.0 0.0  1  0  0  0  0  0  0  0  0  0  0  0  0  0 
6037 117.0 0.0 0.0 4143.076923076924 4080.5128205128212 4275.384615384616 4495.8974358974365 4478.461538461539 4687.6923076923085 4423.589743589744 4381.538461538462 4726.666666666667 4061.0256410256416 3938.9743589743593 4312.307692307693 4610.769230769231 4400.512820512821 1613.0 1711.0 6.037 5.8800530433654785 0.0 0.0 0.0 0.0  1  0  0  0  0  0  0  0  0  0  0  0  0  0 
6045 118.0 0.0 0.0 4135.8974358974365 4077.435897435898 4267.6923076923085 4495.384615384616 4483.589743589744 4691.794871794872 4431.794871794872 4380.000000000001 4726.153846153847 4061.538461538462 3936.410256410257 4312.820512820514 4607.179487179488 4395.384615384616 1613.0 1712.0 6.045 5.8800530433654785 0.0 0.0 0.0 0.0  1  0  0  0  0  0  0  0  0  0  0  0  0  0 
6052 119.0 0.0 0.0 4145.641025641026 4078.9743589743593 4269.74358974359 4494.358974358975 4484.102564102564 4692.820512820514 4437.948717948719 4378.974358974359 4725.128205128206 4058.9743589743593 3936.9230769230776 4316.923076923077 4609.2307692307695 4395.8974358974365 1614.0 1711.0 6.052 6.005160808563232 0.0 0.0 0.0 0.0  1  0  0  0  0  0  0  0  0  0  0  0  0  0 
6060 120.0 0.0 0.0 4140.512820512821 4080.0000000000005 4262.564102564103 4491.282051282052 4483.589743589744 4693.333333333334 4432.307692307693 4383.076923076924 4724.102564102564 4060.5128205128212 3935.3846153846157 4313.846153846154 4606.666666666667 4390.769230769231 1613.0 1712.0 6.06 6.005160808563232 0.0 0.0 0.0 0.0  1  0  0  0  0  0  0  0  0  0  0  0  0  0 
6068 121.0 0.0 0.0 4146.666666666667 4081.0256410256416 4270.256410256411 4492.307692307693 4480.000000000001 4683.076923076924 4431.282051282052 4382.051282051282 4722.564102564103 4062.564102564103 3937.435897435898 4316.923076923077 4611.282051282052 4389.743589743591 1614.0 1711.0 6.068 6.005160808563232 0.0 0.0 0.0 0.0  1  0  0  0  0  0  0  0  0  0  0  0  0  0 
6076 122.0 0.0 0.0 4144.615384615385 4076.410256410257 4267.179487179487 4495.384615384616 4485.641025641026 4685.128205128206 4438.974358974359 4378.461538461539 4723.589743589744 4060.0000000000005 3938.461538461539 4310.256410256411 4611.794871794872 4391.794871794872 1613.0 1712.0 6.076 6.005160808563232 0.0 0.0 0.0 0.0  1  0  0  0  0  0  0  0  0  0  0  0  0  0 
6084 123.0 0.0 0.0 4147.179487179487 4078.9743589743593 4265.641025641026 4496.923076923077 4485.641025641026 4689.743589743591 4434.358974358975 4377.435897435898 4724.615384615386 4060.0000000000005 3942.0512820512827 4304.102564102564 4609.2307692307695 4395.8974358974365 1614.0 1712.0 6.084 6.036437511444092 0.0 0.0 0.0 0.0  1  0  0  0  0  0  0  0  0  0  0  0  0  0 
6091 124.0 0.0 0.0 4140.512820512821 4080.0000000000005 4265.128205128206 4496.923076923077 4480.512820512821 4691.794871794872 4424.102564102564 4380.512820512821 4723.589743589744 4061.538461538462 3942.0512820512827 4302.051282051282 4606.666666666667 4394.358974358975 1614.0 1712.0 6.091 6.036437511444092 0.0 0.0 0.0 0.0  1  0  0  0  0  0  0  0  0  0  0  0  0  0 
6099 125.0 0.0 0.0 4137.948717948719 4077.435897435898 4266.666666666667 4497.435897435898 4479.48717948718 4688.205128205129 4416.410256410257 4381.025641025642 4723.589743589744 4062.564102564103 3940.5128205128212 4302.051282051282 4609.2307692307695 4391.794871794872 1613.0 1712.0 6.099 6.036437511444092 0.0 0.0 0.0 0.0  1  0  0  0  0  0  0  0  0  0  0  0  0  0 
6107 126.0 0.0 0.0 4137.948717948719 4078.9743589743593 4271.794871794872 4496.923076923077 4481.538461538462 4685.641025641026 4408.205128205129 4381.025641025642 4725.641025641026 4061.0256410256416 3941.0256410256416 4302.051282051282 4611.282051282052 4394.358974358975 1613.0 1712.0 6.107 6.036437511444092 0.0 0.0 0.0 0.0  1  0  0  0  0  0  0  0  0  0  0  0  0  0 
6115 127.0 0.0 0.0 4129.74358974359 4078.9743589743593 4274.358974358975 4494.871794871796 4482.564102564103 4689.2307692307695 4405.128205128206 4385.128205128206 4727.179487179488 4059.48717948718 3942.564102564103 4298.461538461539 4609.2307692307695 4394.871794871796 1613.0 1711.0 6.115 6.036437511444092 0.0 0.0 0.0 0.0  1  0  0  0  0  0  0  0  0  0  0  0  0  0 
6123 128.0 0.0 0.0 4133.333333333334 4076.9230769230776 4274.358974358975 4496.410256410257 4478.974358974359 4688.717948717949 4405.641025641026 4383.589743589744 4727.179487179488 4061.538461538462 3944.1025641025644 4297.948717948719 4610.769230769231 4396.410256410257 1614.0 1712.0 6.123 6.036437511444092 0.0 0.0 0.0 0.0  1  0  0  0  0  0  0  0  0  0  0  0  0  0 
6131 0.0 0.0 0.0 4132.307692307693 4077.435897435898 4260.512820512821 4497.948717948719 4480.512820512821 4686.666666666667 4409.2307692307695 4380.000000000001 4725.128205128206 4062.0512820512827 3941.0256410256416 4295.384615384616 4607.179487179488 4395.384615384616 1613.0 1711.0 6.131 6.036437511444092 0.0 0.0 0.0 0.0  1  0  0  0  0  0  0  0  0  0  0  0  0  0 
6138 1.0 0.0 0.0 4137.435897435898 4083.589743589744 4271.282051282052 4498.461538461539 4482.564102564103 4683.589743589744 4414.358974358975 4377.435897435898 4724.102564102564 4061.538461538462 3944.615384615385 4302.051282051282 4610.769230769231 4397.435897435898 1613.0 1712.0 6.138 6.036437511444092 0.0 0.0 0.0 0.0  1  0  0  0  0  0  0  0  0  0  0  0  0  0 
6146 2.0 0.0 0.0 4132.820512820514 4081.0256410256416 4276.923076923077 4497.435897435898 4486.666666666667 4690.769230769231 4416.923076923077 4381.025641025642 4726.153846153847 4062.564102564103 3944.1025641025644 4297.435897435898 4610.769230769231 4394.358974358975 1614.0 1710.0 6.146 6.036437511444092 0.0 0.0 0.0 0.0  1  0  0  0  0  0  0  0  0  0  0  0  0  0 
6154 3.0 0.0 0.0 4142.564102564103 4081.538461538462 4273.846153846154 4499.48717948718 4481.025641025642 4687.179487179488 4411.282051282052 4381.025641025642 4726.153846153847 4063.589743589744 3944.1025641025644 4300.000000000001 4616.410256410257 4396.410256410257 1613.0 1712.0 6.154 6.036437511444092 0.0 0.0 0.0 0.0  1  0  0  0  0  0  0  0  0  0  0  0  0  0 
6162 4.0 0.0 0.0 4133.846153846154 4078.461538461539 4257.435897435898 4497.435897435898 4481.538461538462 4687.6923076923085 4412.820512820514 4382.564102564103 4726.153846153847 4062.0512820512827 3943.589743589744 4295.384615384616 4612.307692307693 4395.384615384616 1614.0 1711.0 6.162 6.036437511444092 0.0 0.0 0.0 0.0  1  0  0  0  0  0  0  0  0  0  0  0  0  0 
6170 5.0 0.0 0.0 4134.871794871796 4078.461538461539 4270.256410256411 4493.846153846154 4479.48717948718 4685.641025641026 4420.512820512821 4380.000000000001 4726.153846153847 4063.076923076924 3948.717948717949 4301.025641025642 4611.794871794872 4395.384615384616 1612.0 1711.0 6.17 6.036437511444092 0.0 0.0 0.0 0.0  1  0  0  0  0  0  0  0  0  0  0  0  0  0 
6177 6.0 0.0 0.0 4127.6923076923085 4075.8974358974365 4270.769230769231 4492.307692307693 4480.512820512821 4692.307692307693 4426.666666666667 4380.512820512821 4725.641025641026 4063.589743589744 3944.1025641025644 4300.512820512821 4607.6923076923085 4393.333333333334 1614.0 1713.0 6.177 6.130268096923828 0.0 0.0 0.0 0.0  1  0  0  0  0  0  0  0  0  0  0  0  0  0 
6185 7.0 0.0 0.0 4136.410256410257 4077.9487179487187 4270.256410256411 4494.358974358975 4480.000000000001 4691.282051282052 4425.641025641026 4379.48717948718 4725.641025641026 4061.538461538462 3939.48717948718 4307.179487179487 4613.333333333334 4398.974358974359 1613.0 1710.0 6.185 6.130268096923828 0.0 0.0 0.0 0.0  1  0  0  0  0  0  0  0  0  0  0  0  0  0 
6193 8.0 0.0 0.0 4132.820512820514 4074.358974358975 4258.974358974359 4493.333333333334 4485.641025641026 4692.307692307693 4420.000000000001 4381.538461538462 4727.6923076923085 4060.5128205128212 3938.461538461539 4305.128205128206 4613.846153846154 4393.846153846154 1613.0 1712.0 6.193 6.130268096923828 0.0 0.0 0.0 0.0  1  0  0  0  0  0  0  0  0  0  0  0  0  0 
6201 9.0 0.0 0.0 4141.025641025642 4076.9230769230776 4266.153846153847 4490.769230769231 4481.025641025642 4687.6923076923085 4409.2307692307695 4382.051282051282 4726.666666666667 4061.0256410256416 3939.48717948718 4307.6923076923085 4611.794871794872 4390.256410256411 1614.0 1711.0 6.201 6.130268096923828 0.0 0.0 0.0 0.0  1  0  0  0  0  0  0  0  0  0  0  0  0  0 
6209 10.0 0.0 0.0 4142.564102564103 4078.9743589743593 4264.615384615385 4488.717948717949 4480.000000000001 4687.6923076923085 4408.205128205129 4383.076923076924 4724.615384615386 4060.5128205128212 3936.9230769230776 4308.205128205129 4609.2307692307695 4390.769230769231 1613.0 1712.0 6.209 6.130268096923828 0.0 0.0 0.0 0.0  1  0  0  0  0  0  0  0  0  0  0  0  0  0 
6217 11.0 0.0 0.0 4146.153846153847 4078.461538461539 4267.6923076923085 4488.717948717949 4484.102564102564 4687.179487179488 4413.333333333334 4383.589743589744 4725.128205128206 4061.0256410256416 3936.9230769230776 4311.282051282052 4613.846153846154 4393.333333333334 1614.0 1711.0 6.217 6.130268096923828 0.0 0.0 0.0 0.0  1  0  0  0  0  0  0  0  0  0  0  0  0  0 
6224 12.0 0.0 0.0 4140.000000000001 4075.8974358974365 4269.74358974359 4492.307692307693 4485.128205128206 4687.179487179488 4397.948717948719 4379.48717948718 4725.641025641026 4061.0256410256416 3938.9743589743593 4312.307692307693 4612.820512820514 4392.307692307693 1614.0 1712.0 6.224 6.130268096923828 0.0 0.0 0.0 0.0  1  0  0  0  0  0  0  0  0  0  0  0  0  0 
6232 13.0 0.0 0.0 4141.025641025642 4080.5128205128212 4266.153846153847 4495.384615384616 4482.564102564103 4687.179487179488 4371.282051282052 4376.410256410257 4724.615384615386 4058.9743589743593 3938.9743589743593 4312.820512820514 4609.743589743591 4392.820512820514 1614.0 1711.0 6.232 6.130268096923828 0.0 0.0 0.0 0.0  1  0  0  0  0  0  0  0  0  0  0  0  0  0 
6240 14.0 0.0 0.0 4147.179487179487 4082.564102564103 4262.564102564103 4494.871794871796 4482.051282051282 4686.153846153847 4369.2307692307695 4378.461538461539 4725.128205128206 4062.0512820512827 3940.5128205128212 4313.846153846154 4614.358974358975 4396.410256410257 1613.0 1712.0 6.24 6.130268096923828 0.0 0.0 0.0 0.0  1  0  0  0  0  0  0  0  0  0  0  0  0  0 
6248 15.0 0.0 0.0 4140.512820512821 4077.9487179487187 4266.666666666667 4491.282051282052 4484.102564102564 4686.666666666667 4381.538461538462 4382.564102564103 4726.666666666667 4064.1025641025644 3941.0256410256416 4305.128205128206 4613.846153846154 4394.871794871796 1614.0 1712.0 6.248 6.130268096923828 0.0 0.0 0.0 0.0  1  0  0  0  0  0  0  0  0  0  0  0  0  0 
6256 16.0 0.0 0.0 4136.410256410257 4076.9230769230776 4286.153846153847 4490.256410256411 4480.000000000001 4683.076923076924 4381.538461538462 4384.615384615385 4727.179487179488 4062.0512820512827 3944.615384615385 4303.589743589744 4611.794871794872 4397.435897435898 1613.0 1711.0 6.256 6.130268096923828 0.0 0.0 0.0 0.0  1  0  0  0  0  0  0  0  0  0  0  0  0  0 
6263 17.0 0.0 0.0 4128.717948717949 4073.8461538461543 4282.051282051282 4491.282051282052 4481.025641025642 4688.205128205129 4382.564102564103 4386.666666666667 4726.153846153847 4059.48717948718 3946.1538461538466 4297.948717948719 4608.717948717949 4397.435897435898 1613.0 1712.0 6.263 6.130268096923828 0.0 0.0 0.0 0.0  1  0  0  0  0  0  0  0  0  0  0  0  0  0 
6271 18.0 0.0 0.0 4138.974358974359 4075.3846153846157 4279.48717948718 4497.435897435898 4479.48717948718 4686.666666666667 4381.025641025642 4378.974358974359 4725.641025641026 4061.538461538462 3949.2307692307695 4297.435897435898 4612.820512820514 4398.974358974359 1613.0 1711.0 6.271 6.130268096923828 0.0 0.0 0.0 0.0  1  0  0  0  0  0  0  0  0  0  0  0  0  0 
6279 19.0 0.0 0.0 4135.384615384616 4078.461538461539 4263.589743589744 4499.48717948718 4480.512820512821 4685.641025641026 4371.282051282052 4376.410256410257 4726.153846153847 4063.076923076924 3946.1538461538466 4290.256410256411 4609.743589743591 4394.358974358975 1614.0 1712.0 6.279 6.130268096923828 0.0 0.0 0.0 0.0  1  0  0  0  0  0  0  0  0  0  0  0  0  0 
6287 20.0 0.0 0.0 4146.666666666667 4084.1025641025644 4257.435897435898 4498.461538461539 4476.923076923077 4682.051282051282 4367.6923076923085 4376.410256410257 4727.179487179488 4062.564102564103 3945.1282051282055 4298.974358974359 4614.358974358975 4395.8974358974365 1614.0 1711.0 6.287 6.130268096923828 0.0 0.0 0.0 0.0  1  0  0  0  0  0  0  0  0  0  0  0  0  0 
6295 21.0 0.0 0.0 4134.358974358975 4082.0512820512827 4246.153846153847 4496.923076923077 4481.025641025642 4690.256410256411 4376.410256410257 4379.48717948718 4727.6923076923085 4061.538461538462 3941.538461538462 4296.410256410257 4612.307692307693 4391.282051282052 1613.0 1712.0 6.295 6.130268096923828 0.0 0.0 0.0 0.0  1  0  0  0  0  0  0  0  0  0  0  0  0  0 
6303 22.0 0.0 0.0 4133.333333333334 4083.076923076924 4265.128205128206 4497.435897435898 4482.051282051282 4684.615384615386 4376.410256410257 4384.102564102564 4729.2307692307695 4063.076923076924 3946.666666666667 4296.410256410257 4613.846153846154 4392.307692307693 1614.0 1711.0 6.303 6.255375862121582 0.0 0.0 0.0 0.0  1  0  0  0  0  0  0  0  0  0  0  0  0  0 
6310 23.0 0.0 0.0 4126.666666666667 4078.461538461539 4275.8974358974365 4493.846153846154 4483.589743589744 4682.564102564103 4368.717948717949 4390.769230769231 4731.282051282052 4064.615384615385 3946.1538461538466 4293.333333333334 4610.769230769231 4394.871794871796 1614.0 1712.0 6.31 6.255375862121582 0.0 0.0 0.0 0.0  1  0  0  0  0  0  0  0  0  0  0  0  0  0 
6318 24.0 0.0 0.0 4133.846153846154 4075.3846153846157 4280.512820512821 4491.282051282052 4479.48717948718 4682.564102564103 4365.641025641026 4383.589743589744 4728.717948717949 4063.589743589744 3944.1025641025644 4303.589743589744 4611.794871794872 4398.974358974359 1614.0 1711.0 6.318 6.255375862121582 0.0 0.0 0.0 0.0  1  0  0  0  0  0  0  0  0  0  0  0  0  0 
6335 25.0 0.0 0.0 4126.153846153847 4075.3846153846157 4267.179487179487 4491.794871794872 4481.025641025642 4689.2307692307695 4371.794871794872 4378.461538461539 4727.179487179488 4061.538461538462 3941.0256410256416 4304.102564102564 4611.794871794872 4397.948717948719 1613.0 1711.0 6.335 6.255375862121582 0.0 0.0 0.0 0.0  1  0  0  0  0  0  0  0  0  0  0  0  0  0 
6338 26.0 0.0 0.0 4128.205128205129 4079.48717948718 4264.615384615385 4492.820512820514 4481.538461538462 4686.153846153847 4383.076923076924 4378.461538461539 4728.717948717949 4062.0512820512827 3941.538461538462 4304.102564102564 4616.410256410257 4399.48717948718 1614.0 1712.0 6.338 6.255375862121582 0.0 0.0 0.0 0.0  1  0  0  0  0  0  0  0  0  0  0  0  0  0 
6342 27.0 0.0 0.0 4132.307692307693 4078.9743589743593 4260.000000000001 4492.820512820514 4483.076923076924 4686.153846153847 4393.333333333334 4381.025641025642 4728.717948717949 4062.0512820512827 3938.9743589743593 4302.564102564103 4614.871794871796 4394.358974358975 1612.0 1711.0 6.342 6.255375862121582 0.0 0.0 0.0 0.0  1  0  0  0  0  0  0  0  0  0  0  0  0  0 
6350 28.0 0.0 0.0 4138.974358974359 4076.410256410257 4261.538461538462 4493.333333333334 4480.512820512821 4686.666666666667 4389.2307692307695 4385.641025641026 4725.128205128206 4062.564102564103 3940.0000000000005 4304.102564102564 4610.769230769231 4389.2307692307695 1613.0 1712.0 6.35 6.255375862121582 0.0 0.0 0.0 0.0  1  0  0  0  0  0  0  0  0  0  0  0  0  0 
6357 29.0 0.0 0.0 4136.410256410257 4074.358974358975 4267.6923076923085 4492.307692307693 4478.974358974359 4686.153846153847 4380.000000000001 4387.6923076923085 4725.128205128206 4062.564102564103 3944.1025641025644 4308.205128205129 4611.794871794872 4391.282051282052 1614.0 1711.0 6.357 6.255375862121582 0.0 0.0 0.0 0.0  1  0  0  0  0  0  0  0  0  0  0  0  0  0 
6365 30.0 0.0 0.0 4136.923076923077 4073.333333333334 4274.358974358975 4488.205128205129 4481.538461538462 4684.615384615386 4378.974358974359 4384.615384615385 4727.179487179488 4063.076923076924 3944.1025641025644 4309.743589743591 4612.820512820514 4394.871794871796 1613.0 1712.0 6.365 6.255375862121582 0.0 0.0 0.0 0.0  1  0  0  0  0  0  0  0  0  0  0  0  0  0 
6373 31.0 0.0 0.0 4147.179487179487 4074.8717948717954 4275.8974358974365 4491.794871794872 4482.564102564103 4684.615384615386 4370.769230769231 4380.512820512821 4724.615384615386 4062.0512820512827 3941.0256410256416 4312.820512820514 4615.8974358974365 4397.948717948719 1615.0 1711.0 6.373 6.255375862121582 0.0 0.0 0.0 0.0  1  0  0  0  0  0  0  0  0  0  0  0  0  0 
6381 32.0 0.0 0.0 4144.102564102564 4075.3846153846157 4263.589743589744 4494.358974358975 4483.076923076924 4688.205128205129 4352.820512820514 4378.461538461539 4724.102564102564 4058.9743589743593 3935.8974358974365 4309.2307692307695 4614.871794871796 4395.384615384616 1614.0 1712.0 6.381 6.255375862121582 0.0 0.0 0.0 0.0  1  0  0  0  0  0  0  0  0  0  0  0  0  0 
6389 33.0 0.0 0.0 4146.153846153847 4079.48717948718 4263.589743589744 4493.846153846154 4479.48717948718 4682.564102564103 4347.179487179487 4378.974358974359 4727.6923076923085 4059.48717948718 3936.9230769230776 4314.358974358975 4615.8974358974365 4396.410256410257 1614.0 1713.0 6.389 6.255375862121582 0.0 0.0 0.0 0.0  1  0  0  0  0  0  0  0  0  0  0  0  0  0 
6396 34.0 0.0 0.0 4141.538461538462 4078.9743589743593 4257.435897435898 4491.794871794872 4483.076923076924 4683.589743589744 4357.435897435898 4388.717948717949 4731.282051282052 4063.076923076924 3937.435897435898 4309.2307692307695 4607.6923076923085 4394.871794871796 1613.0 1712.0 6.396 6.255375862121582 0.0 0.0 0.0 0.0  1  0  0  0  0  0  0  0  0  0  0  0  0  0 
6404 35.0 0.0 0.0 4143.076923076924 4077.435897435898 4269.2307692307695 4491.794871794872 4481.538461538462 4683.589743589744 4351.794871794872 4390.769230769231 4727.6923076923085 4064.1025641025644 3939.48717948718 4308.717948717949 4608.205128205129 4397.435897435898 1614.0 1712.0 6.404 6.255375862121582 0.0 0.0 0.0 0.0  1  0  0  0  0  0  0  0  0  0  0  0  0  0 
6412 36.0 0.0 0.0 4131.794871794872 4075.3846153846157 4270.769230769231 4491.794871794872 4482.051282051282 4686.666666666667 4337.435897435898 4387.6923076923085 4724.615384615386 4062.0512820512827 3938.461538461539 4300.512820512821 4607.179487179488 4392.820512820514 1613.0 1711.0 6.412 6.255375862121582 0.0 0.0 0.0 0.0  1  0  0  0  0  0  0  0  0  0  0  0  0  0 
6420 37.0 0.0 0.0 4141.538461538462 4080.0000000000005 4276.923076923077 4492.307692307693 4476.923076923077 4680.000000000001 4333.846153846154 4380.000000000001 4726.666666666667 4063.076923076924 3945.1282051282055 4302.051282051282 4612.820512820514 4397.435897435898 1613.0 1712.0 6.42 6.255375862121582 0.0 0.0 0.0 0.0  1  0  0  0  0  0  0  0  0  0  0  0  0  0 
6428 38.0 0.0 0.0 4133.333333333334 4072.820512820513 4267.179487179487 4491.282051282052 4479.48717948718 4683.589743589744 4336.410256410257 4376.410256410257 4729.743589743591 4064.615384615385 3950.2564102564106 4293.846153846154 4611.794871794872 4396.923076923077 1613.0 1711.0 6.428 6.380483150482178 0.0 0.0 0.0 0.0  1  0  0  0  0  0  0  0  0  0  0  0  0  0 
6436 39.0 0.0 0.0 4137.435897435898 4072.307692307693 4272.820512820514 4493.846153846154 4476.923076923077 4682.564102564103 4330.769230769231 4375.384615384616 4727.6923076923085 4062.564102564103 3952.307692307693 4293.846153846154 4615.8974358974365 4396.923076923077 1614.0 1712.0 6.436 6.380483150482178 0.0 0.0 0.0 0.0  1  0  0  0  0  0  0  0  0  0  0  0  0  0 
6443 40.0 0.0 0.0 4128.717948717949 4078.461538461539 4262.051282051282 4495.384615384616 4477.948717948719 4685.128205128206 4330.769230769231 4382.564102564103 4726.666666666667 4060.5128205128212 3948.717948717949 4288.717948717949 4612.820512820514 4393.846153846154 1613.0 1711.0 6.443 6.380483150482178 0.0 0.0 0.0 0.0  1  0  0  0  0  0  0  0  0  0  0  0  0  0 
6451 41.0 0.0 0.0 4131.794871794872 4084.615384615385 4263.589743589744 4495.8974358974365 4477.948717948719 4681.025641025642 4332.307692307693 4385.641025641026 4729.743589743591 4063.589743589744 3947.692307692308 4291.794871794872 4615.384615384616 4396.410256410257 1613.0 1712.0 6.451 6.380483150482178 0.0 0.0 0.0 0.0  1  0  0  0  0  0  0  0  0  0  0  0  0  0 
6459 42.0 0.0 0.0 4130.256410256411 4078.461538461539 4266.666666666667 4496.923076923077 4481.025641025642 4680.512820512821 4333.333333333334 4387.179487179487 4730.769230769231 4065.6410256410263 3943.589743589744 4293.333333333334 4613.333333333334 4395.8974358974365 1614.0 1711.0 6.459 6.380483150482178 0.0 0.0 0.0 0.0  1  0  0  0  0  0  0  0  0  0  0  0  0  0 
6467 43.0 0.0 0.0 4135.8974358974365 4075.8974358974365 4270.256410256411 4494.871794871796 4481.025641025642 4678.974358974359 4336.923076923077 4384.102564102564 4727.179487179488 4063.076923076924 3941.538461538462 4301.025641025642 4613.333333333334 4396.923076923077 1613.0 1712.0 6.467 6.380483150482178 0.0 0.0 0.0 0.0  1  0  0  0  0  0  0  0  0  0  0  0  0  0 
6475 44.0 0.0 0.0 4133.846153846154 4076.9230769230776 4266.666666666667 4491.282051282052 4481.025641025642 4683.076923076924 4334.358974358975 4379.48717948718 4726.153846153847 4061.538461538462 3941.538461538462 4305.641025641026 4614.871794871796 4396.410256410257 1614.0 1712.0 6.475 6.380483150482178 0.0 0.0 0.0 0.0  1  0  0  0  0  0  0  0  0  0  0  0  0  0 
6482 45.0 0.0 0.0 4133.333333333334 4075.3846153846157 4267.179487179487 4490.769230769231 4480.512820512821 4685.128205128206 4322.564102564103 4379.48717948718 4727.179487179488 4063.076923076924 3942.0512820512827 4304.102564102564 4614.871794871796 4396.923076923077 1613.0 1711.0 6.482 6.380483150482178 0.0 0.0 0.0 0.0  1  0  0  0  0  0  0  0  0  0  0  0  0  0 
6490 46.0 0.0 0.0 4134.871794871796 4074.358974358975 4264.102564102564 4489.743589743591 4478.974358974359 4685.128205128206 4321.025641025642 4381.538461538462 4726.153846153847 4063.076923076924 3943.589743589744 4303.076923076924 4612.820512820514 4395.8974358974365 1613.0 1712.0 6.49 6.380483150482178 0.0 0.0 0.0 0.0  1  0  0  0  0  0  0  0  0  0  0  0  0  0 
6498 47.0 0.0 0.0 4128.717948717949 4075.3846153846157 4256.410256410257 4487.6923076923085 4480.000000000001 4688.205128205129 4325.641025641026 4384.615384615385 4726.153846153847 4061.0256410256416 3943.589743589744 4302.564102564103 4612.307692307693 4389.743589743591 1613.0 1711.0 6.498 6.380483150482178 0.0 0.0 0.0 0.0  1  0  0  0  0  0  0  0  0  0  0  0  0  0 
6506 48.0 0.0 0.0 4132.307692307693 4077.435897435898 4264.615384615385 4490.769230769231 4478.461538461539 4684.615384615386 4323.589743589744 4385.641025641026 4729.2307692307695 4062.0512820512827 3944.615384615385 4308.717948717949 4617.948717948719 4389.743589743591 1613.0 1711.0 6.506 6.380483150482178 0.0 0.0 0.0 0.0  1  0  0  0  0  0  0  0  0  0  0  0  0  0 
6514 49.0 0.0 0.0 4130.769230769231 4076.410256410257 4264.102564102564 4491.282051282052 4479.48717948718 4683.589743589744 4330.769230769231 4387.179487179487 4728.205128205129 4062.564102564103 3940.0000000000005 4304.615384615385 4615.384615384616 4393.846153846154 1613.0 1711.0 6.514 6.380483150482178 0.0 0.0 0.0 0.0  1  0  0  0  0  0  0  0  0  0  0  0  0  0 
6522 50.0 0.0 0.0 