7862 1.0 0.0 409.0 4514.871794871796 4044.615384615385 4445.641025641026 4518.461538461539 4509.2307692307695 4676.410256410257 4750.769230769231 4024.615384615385 4685.641025641026 4160.000000000001 4054.8717948717954 4167.179487179487 4597.435897435898 4389.743589743591 1614.0 1712.0 7.862 7.7566657066345215 0.0 0.0 0.0 0.0  4  0  0  0  0  3  0  0  0  0  0  1  0  3 
7870 2.0 0.0 0.0 4518.461538461539 4046.666666666667 4448.717948717949 4535.384615384616 4511.282051282052 4680.000000000001 4754.358974358975 4027.692307692308 4687.179487179488 4178.461538461539 4054.358974358975 4186.153846153847 4599.48717948718 4387.179487179487 1615.0 1712.0 7.87 7.7566657066345215 0.0 0.0 0.0 0.0  4  0  0  0  0  3  0  0  0  0  0  1  0  3 
7878 3.0 0.0 0.0 4529.2307692307695 4053.8461538461543 4460.000000000001 4577.435897435898 4515.384615384616 4689.2307692307695 4760.512820512821 4032.307692307693 4693.333333333334 4190.256410256411 4057.9487179487182 4235.384615384616 4608.205128205129 4389.743589743591 1614.0 1711.0 7.878 7.7566657066345215 0.0 0.0 0.0 0.0  4  0  0  0  0  3  0  0  0  0  0  1  0  3 
7886 4.0 0.0 0.0 4537.948717948719 4063.076923076924 4471.282051282052 4615.384615384616 4521.538461538462 4698.461538461539 4765.128205128206 4034.358974358975 4696.410256410257 4209.74358974359 4063.589743589744 4279.48717948718 4614.871794871796 4399.48717948718 1615.0 1712.0 7.886 7.7566657066345215 0.0 0.0 0.0 0.0  4  0  0  0  0  3  0  0  0  0  0  1  0  3 
7894 5.0 0.0 0.0 4544.615384615385 4072.307692307693 4485.641025641026 4662.564102564103 4532.307692307693 4709.2307692307695 4772.820512820514 4035.8974358974365 4698.974358974359 4236.923076923077 4066.1538461538466 4329.2307692307695 4615.8974358974365 4400.512820512821 1614.0 1711.0 7.894 7.7566657066345215 0.0 0.0 0.0 0.0  4  0  0  0  0  3  0  0  0  0  0  1  0  3 
7902 6.0 0.0 0.0 4551.282051282052 4077.435897435898 4495.384615384616 4695.8974358974365 4538.461538461539 4716.923076923077 4777.435897435898 4037.9487179487182 4701.025641025642 4245.128205128206 4066.666666666667 4362.564102564103 4618.461538461539 4398.461538461539 1614.0 1712.0 7.902 7.7566657066345215 0.0 0.0 0.0 0.0  4  0  0  0  0  3  0  0  0  0  0  1  0  3 
7909 7.0 0.0 0.0 4555.8974358974365 4081.538461538462 4504.102564102564 4735.384615384616 4541.025641025642 4725.128205128206 4783.589743589744 4043.589743589744 4708.717948717949 4380.000000000001 4069.7435897435903 4409.2307692307695 4621.538461538462 4403.076923076924 1614.0 1712.0 7.909 7.7566657066345215 0.0 0.0 0.0 0.0  4  0  0  0  0  3  0  0  0  0  0  1  0  3 
7917 8.0 0.0 0.0 4558.974358974359 4081.538461538462 4505.641025641026 4755.384615384616 4539.48717948718 4726.666666666667 4788.717948717949 4048.717948717949 4720.512820512821 4538.974358974359 4071.7948717948725 4437.435897435898 4626.666666666667 4405.128205128206 1615.0 1711.0 7.917 7.7566657066345215 0.0 0.0 0.0 0.0  4  0  0  0  0  3  0  0  0  0  0  1  0  3 
7925 9.0 0.0 178.0 4562.051282051282 4085.1282051282055 4514.871794871796 4782.564102564103 4543.589743589744 4731.282051282052 4795.384615384616 4057.9487179487182 4726.666666666667 4590.256410256411 4070.7692307692314 4469.2307692307695 4627.6923076923085 4404.102564102564 1615.0 1712.0 7.925 7.7566657066345215 0.0 0.0 0.0 0.0  4  0  0  0  0  3  0  0  0  0  0  1  0  3 
7933 10.0 0.0 0.0 4562.051282051282 4087.692307692308 4520.000000000001 4788.205128205129 4545.641025641026 4731.282051282052 4793.846153846154 4056.9230769230776 4721.538461538462 4565.641025641026 4069.7435897435903 4472.820512820514 4624.102564102564 4405.128205128206 1615.0 1711.0 7.933 7.7566657066345215 0.0 0.0 0.0 0.0  4  0  0  0  0  3  0  0  0  0  0  1  0  3 
7941 11.0 0.0 0.0 4561.025641025642 4085.6410256410263 4516.923076923077 4778.974358974359 4544.615384615385 4729.743589743591 4793.333333333334 4054.358974358975 4722.051282051282 4611.282051282052 4070.2564102564106 4462.564102564103 4624.102564102564 4407.179487179487 1614.0 1712.0 7.941 7.7566657066345215 0.0 0.0 0.0 0.0  4  0  0  0  0  3  0  0  0  0  0  1  0  3 
7948 12.0 0.0 0.0 4558.974358974359 4083.076923076924 4509.743589743591 4762.564102564103 4541.025641025642 4725.641025641026 4789.743589743591 4051.2820512820517 4721.025641025642 4591.282051282052 4069.23076923077 4444.102564102564 4623.076923076924 4406.666666666667 1615.0 1711.0 7.948 7.7566657066345215 0.0 0.0 0.0 0.0  4  0  0  0  0  3  0  0  0  0  0  1  0  3 
7956 13.0 0.0 404.0 4552.820512820514 4082.0512820512827 4504.615384615385 4738.461538461539 4537.435897435898 4720.000000000001 4786.153846153847 4048.717948717949 4716.410256410257 4536.410256410257 4066.666666666667 4415.8974358974365 4616.410256410257 4402.051282051282 1614.0 1712.0 7.956 7.7566657066345215 0.0 0.0 0.0 0.0  4  0  0  0  0  3  0  0  0  0  0  1  0  3 
7964 14.0 0.0 0.0 4545.128205128206 4075.3846153846157 4494.358974358975 4699.48717948718 4531.794871794872 4710.256410256411 4781.538461538462 4040.5128205128212 4711.794871794872 4520.512820512821 4065.1282051282055 4375.384615384616 4609.743589743591 4396.923076923077 1615.0 1711.0 7.964 7.7566657066345215 0.0 0.0 0.0 0.0  4  0  0  0  0  3  0  0  0  0  0  1  0  3 
7972 15.0 0.0 0.0 4538.974358974359 4066.666666666667 4480.000000000001 4649.743589743591 4527.179487179488 4700.000000000001 4775.384615384616 4032.820512820513 4707.179487179488 4445.128205128206 4065.1282051282055 4320.000000000001 4608.205128205129 4396.410256410257 1613.0 1711.0 7.972 7.7566657066345215 0.0 0.0 0.0 0.0  4  0  0  0  0  3  0  0  0  0  0  1  0  3 
7980 16.0 0.0 0.0 4533.846153846154 4060.0000000000005 4472.820512820514 4610.769230769231 4522.051282051282 4692.820512820514 4767.6923076923085 4026.1538461538466 4696.410256410257 4313.846153846154 4061.0256410256416 4268.205128205129 4606.153846153847 4396.923076923077 1614.0 1713.0 7.98 7.7566657066345215 0.0 0.0 0.0 0.0  4  0  0  0  0  3  0  0  0  0  0  1  0  3 
7988 17.0 0.0 0.0 4526.666666666667 4053.8461538461543 4466.153846153847 4570.256410256411 4515.8974358974365 4686.153846153847 4761.538461538462 4023.076923076924 4685.128205128206 4219.48717948718 4056.410256410257 4219.48717948718 4602.051282051282 4393.846153846154 1615.0 1711.0 7.988 7.7566657066345215 0.0 0.0 0.0 0.0  4  0  0  0  0  3  0  0  0  0  0  1  0  3 
7995 18.0 0.0 0.0 4520.000000000001 4049.7435897435903 4457.435897435898 4540.000000000001 4512.307692307693 4676.923076923077 4756.923076923077 4015.8974358974365 4677.435897435898 4168.205128205129 4058.461538461539 4184.102564102564 4595.8974358974365 4391.282051282052 1614.0 1712.0 7.995 7.7566657066345215 0.0 0.0 0.0 0.0  4  0  0  0  0  3  0  0  0  0  0  1  0  3 
8003 19.0 0.0 0.0 4514.358974358975 4043.589743589744 4448.205128205129 4508.717948717949 4507.6923076923085 4668.205128205129 4751.282051282052 4008.205128205129 4675.384615384616 4108.717948717949 4058.461538461539 4145.641025641026 4591.794871794872 4388.205128205129 1614.0 1711.0 8.003 7.7566657066345215 0.0 0.0 0.0 0.0  4  0  0  0  0  3  0  0  0  0  0  1  0  3 
8010 20.0 0.0 0.0 4508.205128205129 4035.3846153846157 4442.564102564103 4480.000000000001 4504.102564102564 4665.128205128206 4747.179487179488 4005.6410256410263 4673.846153846154 4065.6410256410263 4052.820512820513 4113.333333333334 4590.256410256411 4382.051282051282 1614.0 1712.0 8.011 7.7566657066345215 0.0 0.0 0.0 0.0  4  0  0  0  0  3  0  0  0  0  0  1  0  3 
8019 21.0 0.0 0.0 4498.974358974359 4031.2820512820517 4434.871794871796 4450.769230769231 4501.538461538462 4660.000000000001 4743.589743589744 4003.076923076924 4668.717948717949 4056.9230769230776 4049.7435897435903 4080.5128205128212 4588.205128205129 4378.974358974359 1615.0 1712.0 8.019 7.7566657066345215 0.0 0.0 0.0 0.0  4  0  0  0  0  3  0  0  0  0  0  1  0  3 
8026 22.0 0.0 0.0 4492.307692307693 4030.2564102564106 4427.179487179487 4433.846153846154 4497.948717948719 4655.384615384616 4743.589743589744 3999.48717948718 4667.6923076923085 4023.589743589744 4047.692307692308 4057.9487179487182 4585.128205128206 4375.384615384616 1615.0 1712.0 8.027 7.7566657066345215 0.0 0.0 0.0 0.0  4  0  0  0  0  3  0  0  0  0  0  1  0  3 
8034 23.0 0.0 0.0 4486.153846153847 4028.205128205129 4420.000000000001 4409.2307692307695 4492.820512820514 4650.769230769231 4740.000000000001 3998.9743589743593 4668.717948717949 4044.1025641025644 4041.538461538462 4026.666666666667 4583.076923076924 4371.282051282052 1615.0 1711.0 8.034 7.7566657066345215 0.0 0.0 0.0 0.0  4  0  0  0  0  3  0  0  0  0  0  1  0  3 
8042 24.0 0.0 0.0 4482.564102564103 4026.1538461538466 4412.307692307693 4389.743589743591 4492.307692307693 4648.717948717949 4735.384615384616 4005.1282051282055 4671.282051282052 4171.282051282052 4037.9487179487182 4009.7435897435903 4581.025641025642 4371.794871794872 1614.0 1712.0 8.042 7.7566657066345215 0.0 0.0 0.0 0.0  4  0  0  0  0  3  0  0  0  0  0  1  0  3 
8050 25.0 0.0 0.0 4477.435897435898 4018.461538461539 4402.564102564103 4361.538461538462 4489.2307692307695 4641.538461538462 4730.256410256411 4007.692307692308 4671.794871794872 4232.820512820514 4036.410256410257 3988.205128205129 4578.974358974359 4369.743589743591 1615.0 1712.0 8.05 8.006880760192871 0.0 0.0 0.0 0.0  4  0  0  0  0  3  0  0  0  0  0  1  0  3 
8058 26.0 0.0 0.0 4470.769230769231 4013.8461538461543 4400.512820512821 4340.000000000001 4483.589743589744 4637.948717948719 4729.2307692307695 4007.1794871794878 4671.282051282052 4255.8974358974365 4034.358974358975 3968.205128205129 4575.8974358974365 4362.564102564103 1614.0 1711.0 8.058 8.006880760192871 0.0 0.0 0.0 0.0  4  0  0  0  0  3  0  0  0  0  0  1  0  3 
8066 27.0 0.0 0.0 4461.025641025642 4009.23076923077 4389.743589743591 4304.615384615385 4477.435897435898 4628.717948717949 4723.076923076924 4004.1025641025644 4669.2307692307695 4267.6923076923085 4030.7692307692314 3942.0512820512827 4571.794871794872 4359.48717948718 1615.0 1713.0 8.066 8.006880760192871 0.0 0.0 0.0 0.0  4  0  0  0  0  3  0  0  0  0  0  1  0  3 
8074 28.0 0.0 0.0 4454.871794871796 4005.6410256410263 4378.461538461539 4275.8974358974365 4474.871794871796 4619.48717948718 4718.974358974359 4003.589743589744 4668.205128205129 4274.358974358975 4029.23076923077 3927.1794871794878 4566.666666666667 4362.051282051282 1615.0 1711.0 8.074 8.006880760192871 0.0 0.0 0.0 0.0  4  0  0  0  0  3  0  0  0  0  0  1  0  3 
8080 29.0 0.0 0.0 4449.2307692307695 3997.9487179487182 4373.846153846154 4242.564102564103 4468.717948717949 4610.769230769231 4714.871794871796 3997.435897435898 4663.589743589744 4221.025641025642 4027.692307692308 3887.1794871794878 4564.615384615385 4356.410256410257 1614.0 1712.0 8.081 8.03815746307373 0.0 0.0 0.0 0.0  4  0  0  0  0  3  0  0  0  0  0  1  0  3 
8089 30.0 0.0 0.0 4442.564102564103 3992.307692307693 4367.6923076923085 4211.794871794872 4460.512820512821 4604.102564102564 4708.717948717949 3992.820512820513 4660.512820512821 4198.974358974359 4023.589743589744 3835.8974358974365 4562.051282051282 4350.256410256411 1616.0 1711.0 8.089 8.03815746307373 0.0 0.0 0.0 0.0  4  0  0  0  0  3  0  0  0  0  0  1  0  3 
8096 31.0 0.0 0.0 4434.871794871796 3987.1794871794878 4351.282051282052 4171.282051282052 4452.307692307693 4595.384615384616 4699.48717948718 3990.7692307692314 4662.051282051282 4196.410256410257 4019.48717948718 3784.615384615385 4554.358974358975 4349.743589743591 1614.0 1712.0 8.097 8.03815746307373 0.0 0.0 0.0 0.0  4  0  0  0  0  3  0  0  0  0  0  1  0  3 
8105 32.0 0.0 0.0 4427.179487179487 3980.0000000000005 4340.000000000001 4129.74358974359 4448.717948717949 4590.256410256411 4695.384615384616 3986.666666666667 4655.384615384616 4077.435897435898 4020.5128205128212 3731.2820512820517 4548.717948717949 4347.179487179487 1615.0 1712.0 8.105 8.03815746307373 0.0 0.0 0.0 0.0  4  0  0  0  0  3  0  0  0  0  0  1  0  3 
8113 33.0 0.0 0.0 4423.076923076924 3976.9230769230776 4339.48717948718 4109.74358974359 4449.2307692307695 4588.205128205129 4695.384615384616 3978.461538461539 4642.564102564103 3917.9487179487182 4021.0256410256416 3695.8974358974365 4549.743589743591 4343.076923076924 1614.0 1711.0 8.113 8.03815746307373 0.0 0.0 0.0 0.0  4  0  0  0  0  3  0  0  0  0  0  1  0  3 
8119 34.0 0.0 0.0 4430.256410256411 3985.6410256410263 4349.743589743591 4147.6923076923085 4454.358974358975 4595.8974358974365 4703.076923076924 3984.1025641025644 4645.128205128206 3899.48717948718 4021.0256410256416 3736.9230769230776 4557.948717948719 4345.641025641026 1615.0 1712.0 8.12 8.03815746307373 0.0 0.0 0.0 0.0  4  0  0  0  0  3  0  0  0  0  0  1  0  3 
8128 35.0 0.0 0.0 4449.743589743591 4000.5128205128212 4370.256410256411 4235.384615384616 4467.6923076923085 4617.435897435898 4718.974358974359 3994.8717948717954 4658.461538461539 3971.2820512820517 4029.7435897435903 3837.9487179487182 4568.717948717949 4355.8974358974365 1614.0 1712.0 8.128 8.03815746307373 0.0 0.0 0.0 0.0  4  0  0  0  0  3  0  0  0  0  0  1  0  3 
8135 36.0 0.0 0.0 4469.743589743591 4010.2564102564106 4390.256410256411 4311.282051282052 4482.564102564103 4633.846153846154 4732.820512820514 4001.538461538462 4666.666666666667 3989.7435897435903 4040.0000000000005 3923.076923076924 4580.512820512821 4365.641025641026 1615.0 1712.0 8.136 8.03815746307373 0.0 0.0 0.0 0.0  4  0  0  0  0  3  0  0  0  0  0  1  0  3 
8144 37.0 0.0 0.0 4481.538461538462 4017.9487179487182 4403.589743589744 4359.48717948718 4486.666666666667 4642.051282051282 4738.974358974359 4003.076923076924 4668.717948717949 3984.615384615385 4040.0000000000005 3977.9487179487182 4587.6923076923085 4371.794871794872 1614.0 1711.0 8.144 8.03815746307373 0.0 0.0 0.0 0.0  4  0  0  0  0  3  0  0  0  0  0  1  0  3 
8151 38.0 0.0 0.0 4486.153846153847 4024.1025641025644 4408.205128205129 4376.410256410257 4484.615384615385 4644.615384615385 4737.948717948719 4003.589743589744 4669.2307692307695 4041.538461538462 4039.48717948718 4000.0000000000005 4586.666666666667 4372.307692307693 1615.0 1712.0 8.152 8.03815746307373 0.0 0.0 0.0 0.0  4  0  0  0  0  3  0  0  0  0  0  1  0  3 
8160 39.0 0.0 0.0 4490.256410256411 4030.2564102564106 4412.307692307693 4395.384615384616 4490.769230769231 4652.307692307693 4742.051282051282 4005.1282051282055 4674.358974358975 4109.74358974359 4043.076923076924 4028.717948717949 4586.153846153847 4371.282051282052 1615.0 1711.0 8.16 8.03815746307373 0.0 0.0 0.0 0.0  4  0  0  0  0  3  0  0  0  0  0  1  0  3 
8167 40.0 0.0 0.0 4495.384615384616 4034.8717948717954 4417.948717948719 4423.076923076924 4498.461538461539 4661.025641025642 4749.2307692307695 4009.23076923077 4684.615384615386 4167.6923076923085 4042.0512820512827 4058.461538461539 4593.846153846154 4370.769230769231 1614.0 1713.0 8.167 8.03815746307373 0.0 0.0 0.0 0.0  4  0  0  0  0  3  0  0  0  0  0  1  0  3 
8175 41.0 0.0 0.0 4503.589743589744 4040.5128205128212 4432.820512820514 4478.974358974359 4505.641025641026 4674.358974358975 4758.461538461539 4019.48717948718 4696.923076923077 4329.2307692307695 4042.564102564103 4121.538461538462 4600.512820512821 4374.358974358975 1615.0 1712.0 8.175 8.131988525390625 0.0 0.0 0.0 0.0  4  0  0  0  0  3  0  0  0  0  0  1  0  3 
8183 42.0 0.0 0.0 4508.205128205129 4046.1538461538466 4442.051282051282 4511.794871794872 4509.2307692307695 4677.948717948719 4761.538461538462 4023.076923076924 4700.512820512821 4435.8974358974365 4049.23076923077 4162.051282051282 4600.512820512821 4379.48717948718 1614.0 1712.0 8.183 8.131988525390625 0.0 0.0 0.0 0.0  4  0  0  0  0  3  0  0  0  0  0  1  0  3 
8191 43.0 0.0 0.0 4510.769230769231 4050.2564102564106 4446.153846153847 4532.820512820514 4511.282051282052 4678.461538461539 4763.589743589744 4026.1538461538466 4703.076923076924 4456.923076923077 4052.307692307693 4189.2307692307695 4601.538461538462 4380.000000000001 1614.0 1712.0 8.191 8.131988525390625 0.0 0.0 0.0 0.0  4  0  0  0  0  3  0  0  0  0  0  1  0  3 
8199 44.0 0.0 0.0 4511.794871794872 4047.1794871794878 4448.717948717949 4544.615384615385 4510.769230769231 4678.461538461539 4765.128205128206 4025.6410256410263 4702.564102564103 4415.384615384616 4050.2564102564106 4201.025641025642 4602.051282051282 4379.48717948718 1614.0 1711.0 8.199 8.131988525390625 0.0 0.0 0.0 0.0  4  0  0  0  0  3  0  0  0  0  0  1  0  3 
8206 45.0 0.0 0.0 4515.384615384616 4048.205128205129 4454.358974358975 4564.102564102564 4513.846153846154 4682.051282051282 4768.717948717949 4027.692307692308 4702.564102564103 4451.794871794872 4050.7692307692314 4223.589743589744 4603.076923076924 4382.564102564103 1614.0 1712.0 8.206 8.131988525390625 0.0 0.0 0.0 0.0  4  0  0  0  0  3  0  0  0  0  0  1  0  3 
8214 46.0 0.0 0.0 4516.923076923077 4047.692307692308 4455.384615384616 4571.794871794872 4510.769230769231 4681.025641025642 4765.641025641026 4024.615384615385 4700.000000000001 4457.435897435898 4053.333333333334 4234.358974358975 4604.102564102564 4384.102564102564 1614.0 1711.0 8.214 8.131988525390625 0.0 0.0 0.0 0.0  4  0  0  0  0  3  0  0  0  0  0  1  0  3 
8222 47.0 0.0 0.0 4517.948717948719 4044.615384615385 4455.8974358974365 4570.256410256411 4509.743589743591 4679.48717948718 4764.615384615386 4023.076923076924 4700.000000000001 4442.564102564103 4053.8461538461543 4232.307692307693 4602.051282051282 4385.128205128206 1615.0 1712.0 8.222 8.131988525390625 0.0 0.0 0.0 0.0  4  0  0  0  0  3  0  0  0  0  0  1  0  3 
8230 48.0 0.0 0.0 4517.948717948719 4045.6410256410263 4455.8974358974365 4565.128205128206 4511.794871794872 4676.410256410257 4768.205128205129 4016.9230769230776 4697.948717948719 4362.051282051282 4054.8717948717954 4228.717948717949 4596.923076923077 4386.666666666667 1613.0 1711.0 8.23 8.131988525390625 0.0 0.0 0.0 0.0  4  0  0  0  0  3  0  0  0  0  0  1  0  3 
8238 49.0 0.0 0.0 4516.410256410257 4047.1794871794878 4454.358974358975 4562.051282051282 4509.743589743591 4675.8974358974365 4767.6923076923085 4011.7948717948725 4689.743589743591 4214.871794871796 4055.8974358974365 4223.589743589744 4595.384615384616 4388.205128205129 1615.0 1713.0 8.238 8.131988525390625 0.0 0.0 0.0 0.0  4  0  0  0  0  3  0  0  0  0  0  1  0  3 
8246 50.0 0.0 0.0 4517.435897435898 4044.1025641025644 4455.8974358974365 4565.128205128206 4507.179487179488 4676.410256410257 4763.076923076924 4009.23076923077 4684.102564102564 4161.025641025642 4056.9230769230776 4228.205128205129 4596.410256410257 4388.717948717949 1615.0 1711.0 8.246 8.131988525390625 0.0 0.0 0.0 0.0  4  0  0  0  0  3  0  0  0  0  0  1  0  3 
8253 51.0 0.0 0.0 4516.923076923077 4042.0512820512827 4455.8974358974365 4549.743589743591 4507.179487179488 4673.333333333334 4764.615384615386 4006.666666666667 4685.128205128206 4158.974358974359 4057.9487179487182 4214.871794871796 4597.435897435898 4388.717948717949 1614.0 1712.0 8.253 8.131988525390625 0.0 0.0 0.0 0.0  4  0  0  0  0  3  0  0  0  0  0  1  0  3 
8261 52.0 0.0 0.0 4514.358974358975 4045.6410256410263 4454.358974358975 4547.6923076923085 4508.717948717949 4671.794871794872 4767.179487179488 4005.6410256410263 4686.666666666667 4134.358974358975 4058.9743589743593 4212.307692307693 4595.8974358974365 4386.666666666667 1615.0 1712.0 8.261 8.131988525390625 0.0 0.0 0.0 0.0  4  0  0  0  0  3  0  0  0  0  0  1  0  3 
8269 53.0 0.0 0.0 4512.307692307693 4046.1538461538466 4452.307692307693 4546.666666666667 4507.179487179488 4672.307692307693 4763.589743589744 4006.666666666667 4685.128205128206 4137.948717948719 4056.9230769230776 4209.2307692307695 4594.871794871796 4386.153846153847 1614.0 1712.0 8.269 8.131988525390625 0.0 0.0 0.0 0.0  4  0  0  0  0  3  0  0  0  0  0  1  0  3 
8277 54.0 0.0 0.0 4513.846153846154 4045.1282051282055 4455.384615384616 4553.846153846154 4507.179487179488 4675.8974358974365 4766.153846153847 4005.6410256410263 4681.538461538462 4132.307692307693 4053.8461538461543 4216.923076923077 4597.435897435898 4388.717948717949 1615.0 1712.0 8.277 8.131988525390625 0.0 0.0 0.0 0.0  4  0  0  0  0  3  0  0  0  0  0  1  0  3 
8285 55.0 0.0 0.0 4512.307692307693 4042.564102564103 4454.871794871796 4551.282051282052 4508.205128205129 4674.871794871796 4768.717948717949 4002.564102564103 4681.025641025642 4121.025641025642 4054.8717948717954 4211.282051282052 4599.48717948718 4389.2307692307695 1614.0 1711.0 8.285 8.131988525390625 0.0 0.0 0.0 0.0  4  0  0  0  0  3  0  0  0  0  0  1  0  3 
8292 56.0 0.0 0.0 4512.820512820514 4042.564102564103 4455.8974358974365 4561.025641025642 4511.282051282052 4676.923076923077 4767.6923076923085 4010.7692307692314 4691.282051282052 4261.025641025642 4054.358974358975 4224.102564102564 4596.410256410257 4385.641025641026 1614.0 1712.0 8.292 8.131988525390625 0.0 0.0 0.0 0.0  4  0  0  0  0  3  0  0  0  0  0  1  0  3 
8300 57.0 0.0 0.0 4512.820512820514 4043.589743589744 4456.410256410257 4564.102564102564 4508.717948717949 4675.384615384616 4765.128205128206 4016.410256410257 4696.923076923077 4388.205128205129 4051.7948717948725 4235.8974358974365 4595.8974358974365 4384.615384615385 1615.0 1711.0 8.3 8.257096290588379 0.0 0.0 0.0 0.0  4  0  0  0  0  3  0  0  0  0  0  1  0  3 
8308 58.0 0.0 0.0 4510.769230769231 4046.666666666667 4458.974358974359 4572.307692307693 4509.2307692307695 4676.410256410257 4767.6923076923085 4018.461538461539 4697.435897435898 4428.205128205129 4052.820512820513 4251.794871794872 4600.512820512821 4385.128205128206 1614.0 1711.0 8.308 8.257096290588379 0.0 0.0 0.0 0.0  4  0  0  0  0  3  0  0  0  0  0  1  0  3 
8316 59.0 0.0 0.0 4511.794871794872 4046.666666666667 4457.435897435898 4581.025641025642 4511.794871794872 4675.8974358974365 4767.6923076923085 4016.9230769230776 4698.461538461539 4435.384615384616 4052.820512820513 4258.974358974359 4602.564102564103 4385.641025641026 1615.0 1711.0 8.316 8.257096290588379 0.0 0.0 0.0 0.0  4  0  0  0  0  3  0  0  0  0  0  1  0  3 
8324 60.0 0.0 0.0 4518.461538461539 4047.692307692308 4459.48717948718 4589.2307692307695 4514.358974358975 4678.461538461539 4770.769230769231 4017.435897435898 4701.025641025642 4485.641025641026 4052.820512820513 4272.307692307693 4601.025641025642 4386.666666666667 1614.0 1712.0 8.324 8.257096290588379 0.0 0.0 0.0 0.0  4  0  0  0  0  3  0  0  0  0  0  1  0  3 
8332 61.0 0.0 0.0 4520.000000000001 4048.717948717949 4460.512820512821 4582.564102564103 4510.769230769231 4678.974358974359 4772.307692307693 4018.461538461539 4700.512820512821 4460.512820512821 4055.3846153846157 4270.769230769231 4600.512820512821 4388.205128205129 1615.0 1711.0 8.332 8.257096290588379 0.0 0.0 0.0 0.0  4  0  0  0  0  3  0  0  0  0  0  1  0  3 
8339 62.0 0.0 0.0 4517.948717948719 4049.23076923077 4457.435897435898 4576.923076923077 4511.282051282052 4681.025641025642 4774.358974358975 4020.0000000000005 4703.076923076924 4440.000000000001 4054.8717948717954 4262.051282051282 4601.025641025642 4390.256410256411 1614.0 1712.0 8.339 8.257096290588379 0.0 0.0 0.0 0.0  4  0  0  0  0  3  0  0  0  0  0  1  0  3 
8347 63.0 0.0 0.0 4515.8974358974365 4049.7435897435903 4455.384615384616 4567.6923076923085 4514.358974358975 4683.076923076924 4775.384615384616 4016.9230769230776 4702.051282051282 4450.769230769231 4052.307692307693 4252.820512820514 4600.000000000001 4391.282051282052 1614.0 1711.0 8.347 8.257096290588379 0.0 0.0 0.0 0.0  4  0  0  0  0  3  0  0  0  0  0  1  0  3 
8355 64.0 0.0 41.0 4517.435897435898 4051.2820512820517 4457.435897435898 4557.948717948719 4514.871794871796 4684.615384615386 4775.384615384616 4017.9487179487182 4701.025641025642 4405.641025641026 4055.8974358974365 4247.6923076923085 4601.538461538462 4391.282051282052 1615.0 1712.0 8.355 8.257096290588379 0.0 0.0 0.0 0.0  4  0  0  0  0  3  0  0  0  0  0  1  0  3 
8363 65.0 0.0 428.0 4516.410256410257 4050.2564102564106 4454.871794871796 4547.179487179488 4512.307692307693 4681.025641025642 4773.333333333334 4014.8717948717954 4696.410256410257 4289.74358974359 4060.5128205128212 4234.358974358975 4600.512820512821 4390.256410256411 1615.0 1711.0 8.363 8.257096290588379 0.0 0.0 0.0 0.0  4  0  0  0  0  3  0  0  0  0  0  1  0  3 
8371 66.0 0.0 0.0 4515.384615384616 4046.666666666667 4448.717948717949 4534.871794871796 4512.820512820514 4676.923076923077 4770.769230769231 4007.692307692308 4688.205128205129 4180.512820512821 4056.9230769230776 4218.461538461539 4599.48717948718 4389.743589743591 1615.0 1712.0 8.371 8.257096290588379 0.0 0.0 0.0 0.0  4  0  0  0  0  3  0  0  0  0  0  1  0  3 
8379 67.0 0.0 0.0 4517.948717948719 4045.6410256410263 4448.205128205129 4524.102564102564 4511.794871794872 4677.435897435898 4770.769230769231 4005.1282051282055 4683.076923076924 4153.846153846154 4052.307692307693 4212.307692307693 4601.538461538462 4391.282051282052 1615.0 1711.0 8.379 8.257096290588379 0.0 0.0 0.0 0.0  4  0  0  0  0  3  0  0  0  0  0  1  0  3 
8386 68.0 0.0 0.0 4516.410256410257 4045.1282051282055 4448.205128205129 4515.8974358974365 4508.205128205129 4678.461538461539 4772.307692307693 4005.6410256410263 4683.589743589744 4146.666666666667 4056.410256410257 4204.102564102564 4601.538461538462 4389.743589743591 1615.0 1712.0 8.386 8.257096290588379 0.0 0.0 0.0 0.0  4  0  0  0  0  3  0  0  0  0  0  1  0  3 
8394 69.0 0.0 0.0 4511.794871794872 4044.1025641025644 4447.179487179487 4518.461538461539 4508.717948717949 4674.871794871796 4772.820512820514 4000.0000000000005 4683.076923076924 4123.076923076924 4058.461538461539 4201.538461538462 4598.461538461539 4387.179487179487 1615.0 1711.0 8.394 8.257096290588379 0.0 0.0 0.0 0.0  4  0  0  0  0  3  0  0  0  0  0  1  0  3 
8402 70.0 0.0 0.0 4512.820512820514 4043.589743589744 4446.153846153847 4509.743589743591 4508.205128205129 4669.2307692307695 4771.282051282052 3996.410256410257 4683.589743589744 4121.025641025642 4052.820512820513 4191.794871794872 4597.435897435898 4384.615384615385 1614.0 1712.0 8.402 8.257096290588379 0.0 0.0 0.0 0.0  4  0  0  0  0  3  0  0  0  0  0  1  0  3 
8410 71.0 0.0 0.0 4513.846153846154 4045.6410256410263 4444.615384615385 4506.666666666667 4506.153846153847 4673.846153846154 4773.333333333334 3997.435897435898 4683.589743589744 4108.205128205129 4050.2564102564106 4188.717948717949 4594.871794871796 4383.076923076924 1615.0 1711.0 8.41 8.257096290588379 0.0 0.0 0.0 0.0  4  0  0  0  0  3  0  0  0  0  0  1  0  3 
8418 72.0 0.0 0.0 4507.6923076923085 4045.6410256410263 4440.000000000001 4497.948717948719 4505.641025641026 4674.358974358975 4772.307692307693 3997.435897435898 4678.974358974359 4131.794871794872 4051.2820512820517 4176.410256410257 4595.384615384616 4383.589743589744 1613.0 1712.0 8.418 8.257096290588379 0.0 0.0 0.0 0.0  4  0  0  0  0  3  0  0  0  0  0  1  0  3 
8425 73.0 0.0 248.0 4506.153846153847 4043.589743589744 4441.025641025642 4501.538461538462 4510.256410256411 4671.282051282052 4770.769230769231 4004.615384615385 4685.128205128206 4300.000000000001 4050.2564102564106 4183.076923076924 4598.461538461539 4382.564102564103 1614.0 1713.0 8.425 8.382203102111816 0.0 0.0 0.0 0.0  4  0  0  0  0  3  0  0  0  0  0  1  0  3 
8433 74.0 0.0 0.0 4506.666666666667 4040.5128205128212 4440.000000000001 4497.948717948719 4508.205128205129 4669.2307692307695 4771.282051282052 4011.2820512820517 4695.384615384616 4422.051282051282 4047.692307692308 4185.128205128206 4597.435897435898 4381.538461538462 1615.0 1711.0 8.433 8.382203102111816 0.0 0.0 0.0 0.0  4  0  0  0  0  3  0  0  0  0  0  1  0  3 
8441 75.0 0.0 0.0 4506.666666666667 4043.589743589744 4440.512820512821 4501.025641025642 4506.153846153847 4674.871794871796 4772.820512820514 4012.820512820513 4700.000000000001 4439.48717948718 4049.7435897435903 4193.846153846154 4595.384615384616 4380.000000000001 1614.0 1712.0 8.441 8.382203102111816 0.0 0.0 0.0 0.0  4  0  0  0  0  3  0  0  0  0  0  1  0  3 
8449 76.0 0.0 0.0 4505.128205128206 4045.6410256410263 4439.48717948718 4497.435897435898 4505.641025641026 4674.871794871796 4771.282051282052 4011.7948717948725 4698.974358974359 4411.282051282052 4048.717948717949 4189.2307692307695 4597.948717948719 4380.000000000001 1614.0 1711.0 8.449 8.382203102111816 0.0 0.0 0.0 0.0  4  0  0  0  0  3  0  0  0  0  0  1  0  3 
8457 77.0 0.0 440.0 4506.666666666667 4044.1025641025644 4441.538461538462 4503.076923076924 4509.743589743591 4673.846153846154 4773.846153846154 4017.9487179487182 4701.025641025642 4449.2307692307695 4048.205128205129 4195.384615384616 4598.974358974359 4381.538461538462 1615.0 1712.0 8.457 8.382203102111816 0.0 0.0 0.0 0.0  4  0  0  0  0  3  0  0  0  0  0  1  0  3 
8465 78.0 0.0 0.0 4510.256410256411 4043.589743589744 4441.025641025642 4501.025641025642 4508.717948717949 4672.307692307693 4772.820512820514 4015.3846153846157 4701.538461538462 4456.923076923077 4050.2564102564106 4199.48717948718 4597.435897435898 4384.102564102564 1615.0 1711.0 8.465 8.382203102111816 0.0 0.0 0.0 0.0  4  0  0  0  0  3  0  0  0  0  0  1  0  3 
8472 79.0 0.0 0.0 4512.820512820514 4045.1282051282055 4441.025641025642 4501.538461538462 4507.179487179488 4674.871794871796 4774.358974358975 4012.307692307693 4699.48717948718 4425.641025641026 4050.7692307692314 4201.538461538462 4597.948717948719 4385.641025641026 1614.0 1713.0 8.472 8.382203102111816 0.0 0.0 0.0 0.0  4  0  0  0  0  3  0  0  0  0  0  1  0  3 
8480 80.0 0.0 0.0 4512.307692307693 4045.1282051282055 4439.48717948718 4504.102564102564 4509.2307692307695 4675.8974358974365 4776.923076923077 4013.333333333334 4695.8974358974365 4360.000000000001 4051.2820512820517 4196.923076923077 4598.461538461539 4385.128205128206 1615.0 1711.0 8.48 8.382203102111816 0.0 0.0 0.0 0.0  4  0  0  0  0  3  0  0  0  0  0  1  0  3 
8488 81.0 0.0 440.0 4512.307692307693 4045.6410256410263 4442.051282051282 4512.307692307693 4510.769230769231 4675.384615384616 4778.461538461539 4011.7948717948725 4692.307692307693 4263.076923076924 4053.333333333334 4201.025641025642 4600.512820512821 4387.6923076923085 1614.0 1712.0 8.488 8.382203102111816 0.0 0.0 0.0 0.0  4  0  0  0  0  3  0  0  0  0  0  1  0  3 
8496 82.0 0.0 0.0 4513.846153846154 4047.692307692308 4445.128205128206 4517.948717948719 4509.743589743591 4673.333333333334 4776.923076923077 4000.0000000000005 4686.153846153847 4187.179487179487 4054.8717948717954 4209.74358974359 4601.025641025642 4390.769230769231 1615.0 1712.0 8.496 8.382203102111816 0.0 0.0 0.0 0.0  4  0  0  0  0  3  0  0  0  0  0  1  0  3 
8504 83.0 0.0 0.0 4511.794871794872 4048.205128205129 4445.641025641026 4516.923076923077 4511.282051282052 4673.333333333334 4775.8974358974365 3995.3846153846157 4684.102564102564 4152.820512820514 4054.358974358975 4209.2307692307695 4598.974358974359 4390.769230769231 1614.0 1712.0 8.504 8.382203102111816 0.0 0.0 0.0 0.0  4  0  0  0  0  3  0  0  0  0  0  1  0  3 
8511 84.0 0.0 0.0 4512.307692307693 4046.666666666667 4447.179487179487 4522.051282051282 4512.820512820514 4675.8974358974365 4776.410256410257 3997.9487179487182 4684.102564102564 4152.307692307693 4054.358974358975 4214.358974358975 4595.8974358974365 4388.205128205129 1614.0 1712.0 8.511 8.382203102111816 0.0 0.0 0.0 0.0  4  0  0  0  0  3  0  0  0  0  0  1  0  3 
8519 85.0 0.0 440.0 4513.333333333334 4044.615384615385 4447.6923076923085 4521.025641025642 4509.2307692307695 4673.333333333334 4776.410256410257 3996.9230769230776 4681.538461538462 4155.384615384616 4056.9230769230776 4213.333333333334 4594.871794871796 4387.179487179487 1615.0 1710.0 8.519 8.382203102111816 0.0 0.0 0.0 0.0  4  0  0  0  0  3  0  0  0  0  0  1  0  3 
8527 86.0 0.0 0.0 4512.307692307693 4045.6410256410263 4450.256410256411 4534.358974358975 4507.179487179488 4671.282051282052 4775.8974358974365 3994.8717948717954 4679.48717948718 4147.6923076923085 4055.8974358974365 4226.153846153847 4594.871794871796 4387.6923076923085 1614.0 1712.0 8.527 8.382203102111816 0.0 0.0 0.0 0.0  4  0  0  0  0  3  0  0  0  0  0  1  0  3 
8535 87.0 0.0 0.0 4511.282051282052 4045.6410256410263 4449.2307692307695 4536.923076923077 4507.6923076923085 4670.769230769231 4773.846153846154 3996.410256410257 4682.564102564103 4154.871794871796 4052.820512820513 4228.205128205129 4595.384615384616 4387.179487179487 1615.0 1711.0 8.535 8.382203102111816 0.0 0.0 0.0 0.0  4  0  0  0  0  3  0  0  0  0  0  1  0  3 
8543 88.0 0.0 0.0 4510.256410256411 4045.1282051282055 4450.256410256411 4547.6923076923085 4508.205128205129 4673.333333333334 4775.8974358974365 3998.9743589743593 4688.205128205129 4205.641025641026 4052.820512820513 4242.051282051282 4595.8974358974365 4388.205128205129 1614.0 1712.0 8.543 8.382203102111816 0.0 0.0 0.0 0.0  4  0  0  0  0  3  0  0  0  0  0  1  0  3 
8551 89.0 0.0 440.0 4508.205128205129 4041.0256410256416 4447.179487179487 4542.051282051282 4506.666666666667 4670.256410256411 4773.846153846154 3996.9230769230776 4688.717948717949 4276.410256410257 4052.820512820513 4237.435897435898 4594.871794871796 4387.179487179487 1615.0 1712.0 8.551 8.50731086730957 0.0 0.0 0.0 0.0  4  0  0  0  0  4  0  0  0  0  0  2  0  4 
8558 90.0 0.0 0.0 4507.6923076923085 4040.0000000000005 4448.717948717949 4540.512820512821 4507.6923076923085 4669.743589743591 4773.846153846154 4001.0256410256416 4691.794871794872 4377.948717948719 4050.2564102564106 4237.948717948719 4594.871794871796 4384.102564102564 1614.0 1712.0 8.558 8.50731086730957 0.0 0.0 0.0 0.0  4  0  0  0  0  4  0  0  0  0  0  2  0  4 
8566 91.0 0.0 0.0 4505.641025641026 4039.48717948718 4448.205128205129 4535.384615384616 4505.128205128206 4669.2307692307695 4775.384615384616 4005.6410256410263 4695.8974358974365 4425.641025641026 4047.692307692308 4234.871794871796 4595.8974358974365 4385.128205128206 1615.0 1711.0 8.566 8.50731086730957 0.0 0.0 0.0 0.0  4  0  0  0  0  4  0  0  0  0  0  2  0  4 
8574 92.0 0.0 0.0 4505.128205128206 4042.0512820512827 4446.666666666667 4535.8974358974365 4506.153846153847 4669.2307692307695 4775.8974358974365 4008.717948717949 4697.435897435898 4448.205128205129 4048.717948717949 4235.384615384616 4593.333333333334 4384.615384615385 1614.0 1712.0 8.574 8.50731086730957 0.0 0.0 0.0 0.0  4  0  0  0  0  4  0  0  0  0  0  2  0  4 
8582 93.0 0.0 440.0 4504.102564102564 4041.538461538462 4441.538461538462 4524.615384615385 4505.641025641026 4666.666666666667 4773.846153846154 4006.1538461538466 4694.358974358975 4425.641025641026 4047.692307692308 4220.512820512821 4591.794871794872 4382.051282051282 1615.0 1711.0 8.582 8.53858757019043 0.0 0.0 0.0 0.0  4  0  0  0  0  4  0  0  0  0  0  2  0  4 
8590 94.0 0.0 0.0 4503.589743589744 4041.538461538462 4441.538461538462 4519.48717948718 4502.564102564103 4670.769230769231 4775.384615384616 4005.6410256410263 4696.410256410257 4437.948717948719 4049.23076923077 4212.820512820514 4594.358974358975 4382.564102564103 1614.0 1711.0 8.59 8.53858757019043 0.0 0.0 0.0 0.0  4  0  0  0  0  4  0  0  0  0  0  2  0  4 
8597 95.0 0.0 0.0 4501.538461538462 4040.0000000000005 4445.641025641026 4518.974358974359 4498.974358974359 4670.769230769231 4776.410256410257 4005.1282051282055 4698.974358974359 4439.48717948718 4052.307692307693 4216.410256410257 4594.871794871796 4384.615384615385 1614.0 1712.0 8.597 8.53858757019043 0.0 0.0 0.0 0.0  4  0  0  0  0  4  0  0  0  0  0  2  0  4 
8605 96.0 0.0 0.0 4502.051282051282 4038.461538461539 4444.102564102564 4514.871794871796 4503.076923076924 4668.205128205129 4777.435897435898 4006.1538461538466 4697.948717948719 4397.948717948719 4050.2564102564106 4213.846153846154 4592.820512820514 4384.102564102564 1615.0 1711.0 8.605 8.53858757019043 0.0 0.0 0.0 0.0  4  0  0  0  0  4  0  0  0  0  0  2  0  4 
8613 97.0 0.0 440.0 4501.538461538462 4036.9230769230776 4437.948717948719 4503.076923076924 4505.641025641026 4668.205128205129 4775.8974358974365 4000.5128205128212 4691.282051282052 4291.794871794872 4049.23076923077 4200.512820512821 4591.282051282052 4383.076923076924 1614.0 1712.0 8.613 8.53858757019043 0.0 0.0 0.0 0.0  4  0  0  0  0  4  0  0  0  0  0  2  0  4 
8621 98.0 0.0 0.0 4503.076923076924 4036.9230769230776 4437.948717948719 4488.205128205129 4501.538461538462 4669.2307692307695 4774.358974358975 3992.307692307693 4683.076923076924 4164.615384615385 4051.7948717948725 4185.641025641026 4594.871794871796 4382.564102564103 1615.0 1711.0 8.621 8.53858757019043 0.0 0.0 0.0 0.0  4  0  0  0  0  4  0  0  0  0  0  2  0  4 
8629 99.0 0.0 0.0 4505.641025641026 4036.9230769230776 4440.000000000001 4478.461538461539 4500.512820512821 4664.102564102564 4774.358974358975 3988.717948717949 4676.923076923077 4121.025641025642 4053.333333333334 4178.461538461539 4595.8974358974365 4382.564102564103 1613.0 1712.0 8.629 8.53858757019043 0.0 0.0 0.0 0.0  4  0  0  0  0  4  0  0  0  0  0  2  0  4 
8637 100.0 0.0 0.0 4502.051282051282 4037.435897435898 4436.410256410257 4473.333333333334 4503.076923076924 4662.051282051282 4775.384615384616 3991.2820512820517 4678.461538461539 4112.820512820514 4050.2564102564106 4172.307692307693 4592.307692307693 4383.589743589744 1615.0 1711.0 8.637 8.53858757019043 0.0 0.0 0.0 0.0  4  0  0  0  0  4  0  0  0  0  0  2  0  4 
8644 101.0 0.0 440.0 4501.538461538462 4037.9487179487182 4432.307692307693 4469.2307692307695 4502.564102564103 4664.615384615386 4775.384615384616 3989.23076923077 4678.974358974359 4090.2564102564106 4049.23076923077 4165.641025641026 4589.743589743591 4383.076923076924 1614.0 1711.0 8.644 8.53858757019043 0.0 0.0 0.0 0.0  4  0  0  0  0  4  0  0  0  0  0  2  0  4 
8652 102.0 0.0 0.0 4502.051282051282 4035.8974358974365 4427.6923076923085 4453.846153846154 4499.48717948718 4662.564102564103 4775.8974358974365 3986.1538461538466 4677.948717948719 4092.307692307693 4049.23076923077 4150.256410256411 4592.307692307693 4383.076923076924 1615.0 1712.0 8.652 8.53858757019043 0.0 0.0 0.0 0.0  4  0  0  0  0  4  0  0  0  0  0  2  0  4 
8660 103.0 0.0 0.0 4500.512820512821 4035.8974358974365 4427.179487179487 4451.282051282052 4502.051282051282 4663.589743589744 4778.974358974359 3985.6410256410263 4678.461538461539 4080.0000000000005 4046.666666666667 4147.179487179487 4591.794871794872 4383.076923076924 1614.0 1712.0 8.66 8.53858757019043 0.0 0.0 0.0 0.0  4  0  0  0  0  4  0  0  0  0  0  2  0  4 
8668 104.0 0.0 0.0 4500.512820512821 4035.3846153846157 4427.6923076923085 4447.6923076923085 4502.051282051282 4662.564102564103 4776.923076923077 3986.666666666667 4676.923076923077 4077.435897435898 4047.1794871794878 4140.000000000001 4589.2307692307695 4379.48717948718 1615.0 1712.0 8.668 8.53858757019043 0.0 0.0 0.0 0.0  4  0  0  0  0  4  0  0  0  0  0  2  0  4 
8676 105.0 0.0 440.0 4500.512820512821 4034.8717948717954 4427.179487179487 4450.769230769231 4501.025641025642 4662.051282051282 4775.384615384616 3991.2820512820517 4682.051282051282 4203.589743589744 4047.1794871794878 4146.153846153847 4591.282051282052 4375.8974358974365 1613.0 1712.0 8.676 8.632418632507324 0.0 0.0 0.0 0.0  4  0  0  0  0  4  0  0  0  0  0  2  0  4 
8683 106.0 0.0 0.0 4492.820512820514 4032.820512820513 4422.051282051282 4443.589743589744 4500.512820512821 4660.512820512821 4772.820512820514 3994.358974358975 4690.769230769231 4314.358974358975 4045.1282051282055 4143.076923076924 4592.307692307693 4376.923076923077 1615.0 1713.0 8.683 8.632418632507324 0.0 0.0 0.0 0.0  4  0  0  0  0  4  0  0  0  0  0  2  0  4 
8691 107.0 0.0 0.0 4489.743589743591 4033.333333333334 4424.102564102564 4445.641025641026 4503.076923076924 4663.589743589744 4774.358974358975 3997.435897435898 4693.333333333334 4363.589743589744 4044.1025641025644 4151.282051282052 4588.717948717949 4378.974358974359 1615.0 1711.0 8.691 8.632418632507324 0.0 0.0 0.0 0.0  4  0  0  0  0  4  0  0  0  0  0  2  0  4 
8699 108.0 0.0 0.0 4492.820512820514 4032.820512820513 4423.076923076924 4436.923076923077 4499.48717948718 4661.538461538462 4773.846153846154 3994.8717948717954 4690.256410256411 4381.538461538462 4044.1025641025644 4143.076923076924 4586.666666666667 4376.923076923077 1613.0 1713.0 8.699 8.632418632507324 0.0 0.0 0.0 0.0  4  0  0  0  0  4  0  0  0  0  0  2  0  4 
8707 109.0 0.0 440.0 4493.333333333334 4032.820512820513 4421.025641025642 4430.769230769231 4498.974358974359 4660.000000000001 4776.410256410257 3995.8974358974365 4693.846153846154 4421.025641025642 4042.564102564103 4138.974358974359 4587.6923076923085 4375.384615384616 1614.0 1711.0 8.707 8.632418632507324 0.0 0.0 0.0 0.0  4  0  0  0  0  4  0  0  0  0  0  2  0  4 
8715 110.0 0.0 0.0 4488.717948717949 4030.7692307692314 4417.948717948719 4422.051282051282 4498.974358974359 4655.8974358974365 4776.410256410257 3995.8974358974365 4691.794871794872 4388.717948717949 4040.5128205128212 4132.820512820514 4587.6923076923085 4376.923076923077 1614.0 1712.0 8.715 8.632418632507324 0.0 0.0 0.0 0.0  4  0  0  0  0  4  0  0  0  0  0  2  0  4 
8723 111.0 0.0 0.0 4488.205128205129 4028.717948717949 4417.435897435898 4423.076923076924 4497.435897435898 4656.410256410257 4773.846153846154 3996.9230769230776 4689.2307692307695 4389.743589743591 4043.076923076924 4133.846153846154 4589.2307692307695 4377.948717948719 1614.0 1712.0 8.723 8.632418632507324 0.0 0.0 0.0 0.0  4  0  0  0  0  4  0  0  0  0  0  2  0  4 
8730 112.0 0.0 0.0 4490.256410256411 4029.23076923077 4418.461538461539 4418.461538461539 4494.871794871796 4656.923076923077 4772.307692307693 3993.333333333334 4689.2307692307695 4383.076923076924 4043.589743589744 4129.2307692307695 4588.205128205129 4374.871794871796 1614.0 1712.0 8.73 8.632418632507324 0.0 0.0 0.0 0.0  4  0  0  0  0  4  0  0  0  0  0  2  0  4 
8738 113.0 0.0 440.0 4491.282051282052 4031.7948717948725 4416.923076923077 4410.769230769231 4495.8974358974365 4656.923076923077 4773.846153846154 3991.7948717948725 4685.641025641026 4288.717948717949 4042.564102564103 4121.538461538462 4587.6923076923085 4374.871794871796 1614.0 1712.0 8.738 8.632418632507324 0.0 0.0 0.0 0.0  4  0  0  0  0  4  0  0  0  0  0  2  0  4 
8746 114.0 0.0 0.0 4490.256410256411 4030.7692307692314 4413.333333333334 4403.589743589744 4496.923076923077 4656.410256410257 4773.333333333334 3988.205128205129 4677.948717948719 4177.435897435898 4044.615384615385 4113.846153846154 4587.6923076923085 4379.48717948718 1615.0 1711.0 8.746 8.632418632507324 0.0 0.0 0.0 0.0  4  0  0  0  0  4  0  0  0  0  0  2  0  4 
8754 115.0 0.0 0.0 4491.794871794872 4029.7435897435903 4414.358974358975 4403.076923076924 4497.435897435898 4655.8974358974365 4772.307692307693 3983.076923076924 4675.8974358974365 4102.564102564103 4047.692307692308 4109.74358974359 4588.205128205129 4377.948717948719 1615.0 1711.0 8.754 8.632418632507324 0.0 0.0 0.0 0.0  4  0  0  0  0  4  0  0  0  0  0  2  0  4 
8762 116.0 0.0 0.0 4492.820512820514 4030.2564102564106 4417.435897435898 4406.153846153847 4494.871794871796 4654.871794871796 4772.307692307693 3978.9743589743593 4673.846153846154 4070.7692307692314 4047.692307692308 4110.256410256411 4587.6923076923085 4376.923076923077 1615.0 1712.0 8.762 8.632418632507324 0.0 0.0 0.0 0.0  4  0  0  0  0  4  0  0  0  0  0  2  0  4 
8769 117.0 0.0 440.0 4492.307692307693 4030.2564102564106 4416.410256410257 4402.051282051282 4492.307692307693 4654.358974358975 4769.743589743591 3978.9743589743593 4671.282051282052 4043.076923076924 4046.666666666667 4103.589743589744 4587.179487179488 4382.051282051282 1615.0 1712.0 8.769 8.632418632507324 0.0 0.0 0.0 0.0  4  0  0  0  0  4  0  0  0  0  0  2  0  4 
8777 118.0 0.0 0.0 4493.333333333334 4028.717948717949 4415.384615384616 4402.564102564103 4496.410256410257 4655.384615384616 4769.743589743591 3976.9230769230776 4671.794871794872 4029.23076923077 4045.6410256410263 4106.153846153847 4587.179487179488 4383.076923076924 1614.0 1712.0 8.777 8.632418632507324 0.0 0.0 0.0 0.0  4  0  0  0  0  4  0  0  0  0  0  2  0  4 
8785 119.0 0.0 0.0 4492.820512820514 4028.717948717949 4416.410256410257 4404.615384615385 4497.435897435898 4654.358974358975 4772.820512820514 3977.9487179487182 4674.871794871796 4052.820512820513 4043.076923076924 4109.74358974359 4588.205128205129 4377.435897435898 1615.0 1712.0 8.785 8.632418632507324 0.0 0.0 0.0 0.0  4  0  0  0  0  4  0  0  0  0  0  2  0  4 
8793 120.0 0.0 0.0 4492.820512820514 4031.7948717948725 4422.051282051282 4419.48717948718 4494.871794871796 4656.410256410257 4775.384615384616 3982.0512820512827 4677.435897435898 4050.7692307692314 4045.6410256410263 4122.051282051282 4590.256410256411 4375.8974358974365 1614.0 1712.0 8.793 8.632418632507324 0.0 0.0 0.0 0.0  4  0  0  0  0  4  0  0  0  0  0  2  0  4 
8801 121.0 0.0 440.0 4492.820512820514 4031.7948717948725 4421.025641025642 4424.102564102564 4495.384615384616 4655.8974358974365 4774.358974358975 3979.48717948718 4676.923076923077 4073.8461538461543 4046.666666666667 4126.153846153847 4590.769230769231 4379.48717948718 1614.0 1712.0 8.801 8.632418632507324 0.0 0.0 0.0 0.0  4  0  0  0  0  4  0  0  0  0  0  2  0  4 
8809 122.0 0.0 0.0 4493.333333333334 4031.2820512820517 4422.051282051282 4443.076923076924 4498.974358974359 4655.8974358974365 4777.948717948719 3985.6410256410263 4684.102564102564 4267.6923076923085 4043.589743589744 4153.333333333334 4589.2307692307695 4381.538461538462 1614.0 1711.0 8.809 8.632418632507324 0.0 0.0 0.0 0.0  4  0  0  0  0  4  0  0  0  0  0  2  0  4 
8816 123.0 0.0 0.0 4493.333333333334 4028.717948717949 4424.615384615385 4454.358974358975 4496.410256410257 4655.8974358974365 4777.435897435898 3996.9230769230776 4691.282051282052 4410.769230769231 4043.076923076924 4168.205128205129 4590.769230769231 4378.974358974359 1615.0 1711.0 8.816 8.632418632507324 0.0 0.0 0.0 0.0  4  0  0  0  0  4  0  0  0  0  0  2  0  4 
8824 124.0 0.0 0.0 4497.948717948719 4032.820512820513 4430.256410256411 4467.6923076923085 4496.923076923077 4661.538461538462 4777.948717948719 3999.48717948718 4693.333333333334 4414.871794871796 4046.1538461538466 4183.076923076924 4592.820512820514 4376.923076923077 1614.0 1712.0 8.824 8.632418632507324 0.0 0.0 0.0 0.0  4  0  0  0  0  4  0  0  0  0  0  2  0  4 
8832 125.0 0.0 440.0 4496.923076923077 4036.410256410257 4431.794871794872 4471.794871794872 4500.000000000001 4660.000000000001 4779.48717948718 3993.8461538461543 4692.307692307693 4376.410256410257 4044.615384615385 4188.717948717949 4592.820512820514 4378.974358974359 1615.0 1712.0 8.832 8.632418632507324 0.0 0.0 0.0 0.0  4  0  0  0  0  4  0  0  0  0  0  2  0  4 
8840 126.0 0.0 0.0 4495.8974358974365 4034.358974358975 4434.871794871796 4489.2307692307695 4502.564102564103 4661.538461538462 4782.564102564103 3996.410256410257 4695.8974358974365 4432.307692307693 4043.589743589744 4208.717948717949 4592.820512820514 4381.025641025642 1615.0 1711.0 8.84 8.632418632507324 0.0 0.0 0.0 0.0  4  0  0  0  0  4  0  0  0  0  0  2  0  4 
8848 127.0 0.0 0.0 4499.48717948718 4033.333333333334 4435.8974358974365 4497.948717948719 4500.512820512821 4662.564102564103 4781.538461538462 3995.8974358974365 4693.846153846154 4438.974358974359 4047.692307692308 4216.923076923077 4594.358974358975 4381.538461538462 1613.0 1713.0 8.848 8.632418632507324 0.0 0.0 0.0 0.0  4  0  0  0  0  4  0  0  0  0  0  2  0  4 
8856 128.0 0.0 0.0 4501.025641025642 4038.9743589743593 4438.461538461539 4499.48717948718 4498.974358974359 4664.102564102564 4782.051282051282 3994.8717948717954 4692.820512820514 4408.717948717949 4050.7692307692314 4220.000000000001 4595.384615384616 4383.589743589744 1615.0 1711.0 8.856 8.632418632507324 0.0 0.0 0.0 0.0  4  0  0  0  0  4  0  0  0  0  0  2  0  4 
8863 0.0 0.0 41.0 4501.025641025642 4039.48717948718 4440.512820512821 4500.000000000001 4498.974358974359 4664.615384615386 4780.512820512821 3991.7948717948725 4695.384615384616 4356.410256410257 4050.2564102564106 4222.051282051282 4593.333333333334 4385.128205128206 1613.0 1712.0 8.863 8.632418632507324 0.0 0.0 0.0 0.0  4  0  0  0  0  4  0  0  0  0  0  2  0  4 
8871 1.0 0.0 434.0 4503.589743589744 4035.3846153846157 4440.000000000001 4494.358974358975 4502.051282051282 4665.128205128206 4780.000000000001 3990.2564102564106 4692.820512820514 4263.076923076924 4051.7948717948725 4212.307692307693 4594.358974358975 4386.666666666667 1615.0 1712.0 8.871 8.632418632507324 0.0 0.0 0.0 0.0  4  0  0  0  0  4  0  0  0  0  0  2  0  4 
8879 2.0 0.0 0.0 4504.615384615385 4035.8974358974365 4439.48717948718 4492.307692307693 4503.076923076924 4662.564102564103 4781.538461538462 3987.1794871794878 4684.102564102564 4186.666666666667 4053.8461538461543 4208.205128205129 4595.8974358974365 4388.717948717949 1615.0 1711.0 8.879 8.632418632507324 0.0 0.0 0.0 0.0  4  0  0  0  0  4  0  0  0  0  0  2  0  4 
8887 3.0 0.0 0.0 4505.641025641026 4038.461538461539 4437.435897435898 4487.179487179488 4502.051282051282 4662.564102564103 4783.589743589744 3985.6410256410263 4681.025641025642 4151.794871794872 4051.7948717948725 4204.615384615385 4596.923076923077 4388.717948717949 1615.0 1711.0 8.887 8.632418632507324 0.0 0.0 0.0 0.0  4  0  0  0  0  4  0  0  0  0  0  2  0  4 
8895 4.0 0.0 0.0 4510.256410256411 4037.9487179487182 4437.435897435898 4490.769230769231 4503.076923076924 4667.6923076923085 4785.128205128206 3986.1538461538466 4682.051282051282 4149.74358974359 4052.820512820513 4210.769230769231 4595.8974358974365 4387.6923076923085 1614.0 1712.0 8.895 8.632418632507324 0.0 0.0 0.0 0.0  4  0  0  0  0  4  0  0  0  0  0  2  0  4 
8902 5.0 0.0 0.0 4509.743589743591 4038.461538461539 4437.435897435898 4489.743589743591 4504.102564102564 4668.717948717949 4784.615384615386 3986.666666666667 4681.025641025642 4127.179487179487 4053.8461538461543 4210.256410256411 4595.384615384616 4387.179487179487 1615.0 1712.0 8.902 8.632418632507324 0.0 0.0 0.0 0.0  4  0  0  0  0  4  0  0  0  0  0  2  0  4 
8910 6.0 0.0 0.0 4506.666666666667 4038.9743589743593 4441.025641025642 4497.948717948719 4505.641025641026 4669.2307692307695 4784.615384615386 3982.0512820512827 4680.000000000001 4101.025641025642 4052.307692307693 4217.948717948719 4593.846153846154 4387.179487179487 1614.0 1712.0 8.91 8.632418632507324 0.0 0.0 0.0 0.0  4  0  0  0  0  4  0  0  0  0  0  2  0  4 
8918 7.0 0.0 0.0 4506.153846153847 4037.435897435898 4442.564102564103 4497.948717948719 4506.666666666667 4666.666666666667 4784.615384615386 3981.538461538462 4680.000000000001 4124.102564102564 4050.2564102564106 4214.871794871796 4593.333333333334 4386.153846153847 1614.0 1712.0 8.918 8.632418632507324 0.0 0.0 0.0 0.0  4  0  0  0  0  4  0  0  0  0  0  2  0  4 
8926 8.0 0.0 0.0 4507.179487179488 4040.5128205128212 4442.564102564103 4501.538461538462 4507.6923076923085 4667.6923076923085 4788.717948717949 3987.692307692308 4681.538461538462 4182.564102564103 4048.205128205129 4220.000000000001 4594.871794871796 4383.076923076924 1614.0 1711.0 8.926 8.632418632507324 0.0 0.0 0.0 0.0  4  0  0  0  0  4  0  0  0  0  0  2  0  4 
8934 9.0 0.0 226.0 4505.641025641026 4043.076923076924 4437.435897435898 4493.333333333334 4503.589743589744 4667.179487179488 4788.205128205129 3989.7435897435903 4685.641025641026 4256.410256410257 4046.666666666667 4211.794871794872 4596.410256410257 4381.538461538462 1613.0 1713.0 8.934 8.632418632507324 0.0 0.0 0.0 0.0  4  0  0  0  0  4  0  0  0  0  0  2  0  4 
8942 10.0 0.0 0.0 4504.615384615385 4042.564102564103 4437.435897435898 4491.282051282052 4503.589743589744 4668.205128205129 4787.6923076923085 3992.820512820513 4692.820512820514 4373.333333333334 4046.666666666667 4208.205128205129 4594.871794871796 4382.564102564103 1615.0 1711.0 8.942 8.632418632507324 0.0 0.0 0.0 0.0  4  0  0  0  0  4  0  0  0  0  0  2  0  4 
8949 11.0 0.0 0.0 4500.512820512821 4037.9487179487182 4435.8974358974365 4480.512820512821 4503.076923076924 4664.102564102564 4786.666666666667 3994.8717948717954 4693.333333333334 4417.435897435898 4045.6410256410263 4197.435897435898 4592.307692307693 4382.564102564103 1614.0 1711.0 8.949 8.632418632507324 0.0 0.0 0.0 0.0  4  0  0  0  0  4  0  0  0  0  0  2  0  4 
8957 12.0 0.0 0.0 4499.48717948718 4038.9743589743593 4434.871794871796 4475.8974358974365 4505.128205128206 4665.128205128206 4785.641025641026 3996.9230769230776 4695.384615384616 4437.435897435898 4044.615384615385 4195.384615384616 4593.846153846154 4382.051282051282 1615.0 1712.0 8.957 8.632418632507324 0.0 0.0 0.0 0.0  4  0  0  0  0  4  0  0  0  0  0  2  0  4 
8965 13.0 0.0 448.0 4500.000000000001 4041.0256410256416 4431.794871794872 4470.256410256411 4503.589743589744 4665.641025641026 4782.051282051282 3995.3846153846157 4698.461538461539 4419.48717948718 4043.589743589744 4187.179487179487 4595.8974358974365 4382.051282051282 1614.0 1711.0 8.965 8.632418632507324 0.0 0.0 0.0 0.0  4  0  0  0  0  4  0  0  0  0  0  2  0  4 
8973 14.0 0.0 0.0 4499.48717948718 4041.0256410256416 4429.743589743591 4466.153846153847 4501.025641025642 4666.666666666667 4783.076923076924 3995.8974358974365 4697.435897435898 4414.871794871796 4043.589743589744 4184.615384615385 4595.8974358974365 4380.512820512821 1614.0 1712.0 8.973 8.632418632507324 0.0 0.0 0.0 0.0  4  0  0  0  0  4  0  0  0  0  0  2  0  4 
8981 15.0 0.0 0.0 4497.948717948719 4039.48717948718 4423.589743589744 4448.717948717949 4501.025641025642 4664.615384615386 4781.538461538462 3994.358974358975 4693.846153846154 4402.051282051282 4044.1025641025644 4167.179487179487 4593.846153846154 4380.000000000001 1615.0 1712.0 8.981 8.632418632507324 0.0 0.0 0.0 0.0  4  0  0  0  0  4  0  0  0  0  0  2  0  4 
8988 16.0 0.0 0.0 4496.410256410257 4037.435897435898 4424.615384615385 4442.564102564103 4504.102564102564 4662.564102564103 4780.512820512821 3993.333333333334 4693.846153846154 4354.358974358975 4046.666666666667 4158.461538461539 4593.333333333334 4382.051282051282 1614.0 1712.0 8.988 8.632418632507324 0.0 0.0 0.0 0.0  4  0  0  0  0  4  0  0  0  0  0  2  0  4 
8996 17.0 0.0 0.0 4497.948717948719 4036.410256410257 4429.743589743591 4444.102564102564 4502.051282051282 4660.512820512821 4784.102564102564 3987.692307692308 4688.717948717949 4250.769230769231 4049.23076923077 4163.076923076924 4592.820512820514 4384.615384615385 1614.0 1712.0 8.996 8.632418632507324 0.0 0.0 0.0 0.0  4  0  0  0  0  4  0  0  0  0  0  2  0  4 
9004 18.0 0.0 0.0 4500.512820512821 4037.9487179487182 4428.717948717949 4441.538461538462 4500.000000000001 4662.051282051282 4785.641025641026 3983.076923076924 4683.076923076924 4146.153846153847 4048.717948717949 4159.48717948718 4594.358974358975 4384.615384615385 1614.0 1712.0 9.004 8.632418632507324 0.0 0.0 0.0 0.0  4  0  0  0  0  4  0  0  0  0  0  2  0  4 
9012 19.0 0.0 0.0 4498.974358974359 4040.0000000000005 4424.102564102564 4435.384615384616 4500.512820512821 4662.051282051282 4783.076923076924 3980.5128205128212 4681.538461538462 4110.769230769231 4049.23076923077 4150.769230769231 4593.846153846154 4383.076923076924 1615.0 1711.0 9.012 8.632418632507324 0.0 0.0 0.0 0.0  4  0  0  0  0  4  0  0  0  0  0  2  0  4 
9020 20.0 0.0 0.0 4499.48717948718 4036.9230769230776 4425.128205128206 4430.256410256411 4500.000000000001 4662.051282051282 4783.589743589744 3980.0000000000005 4679.48717948718 4095.3846153846157 4051.7948717948725 4146.666666666667 4591.282051282052 4378.974358974359 1614.0 1712.0 9.02 8.632418632507324 0.0 0.0 0.0 0.0  4  0  0  0  0  4  0  0  0  0  0  2  0  4 
9028 21.0 0.0 0.0 4504.102564102564 4036.410256410257 4428.205128205129 4436.410256410257 4503.076923076924 4665.128205128206 4785.641025641026 3978.9743589743593 4677.948717948719 4084.1025641025644 4052.820512820513 4154.871794871796 4591.282051282052 4378.974358974359 1615.0 1711.0 9.028 8.632418632507324 0.0 0.0 0.0 0.0  4  0  0  0  0  4  0  0  0  0  0  2  0  4 
9035 22.0 0.0 0.0 4505.641025641026 4039.48717948718 4425.641025641026 4436.410256410257 4504.615384615385 4664.615384615386 4783.589743589744 3980.5128205128212 4680.512820512821 4104.102564102564 4050.7692307692314 4150.769230769231 4593.846153846154 4383.589743589744 1614.0 1711.0 9.035 8.632418632507324 0.0 0.0 0.0 0.0  4  0  0  0  0  4  0  0  0  0  0  2  0  4 
9043 23.0 0.0 0.0 4504.615384615385 4041.0256410256416 4426.153846153847 4443.076923076924 4503.076923076924 4665.128205128206 4784.615384615386 3981.538461538462 4681.538461538462 4101.025641025642 4047.692307692308 4155.384615384616 4593.846153846154 4382.051282051282 1615.0 1712.0 9.043 8.632418632507324 0.0 0.0 0.0 0.0  4  0  0  0  0  4  0  0  0  0  0  2  0  4 
9051 24.0 0.0 0.0 4503.076923076924 4038.461538461539 4428.205128205129 4444.102564102564 4502.051282051282 4666.153846153847 4785.128205128206 3980.5128205128212 4680.000000000001 4108.717948717949 4045.6410256410263 4154.358974358975 4594.358974358975 4380.512820512821 1614.0 1711.0 9.051 9.00774097442627 0.0 0.0 0.0 0.0  4  0  0  0  0  4  0  0  0  0  0  2  0  4 
9059 25.0 0.0 0.0 4502.564102564103 4038.461538461539 4428.717948717949 4453.846153846154 4506.666666666667 4666.666666666667 4786.666666666667 3986.666666666667 4686.666666666667 4252.820512820514 4044.615384615385 4167.179487179487 4594.871794871796 4382.051282051282 1614.0 1712.0 9.059 9.00774097442627 0.0 0.0 0.0 0.0  4  0  0  0  0  4  0  0  0  0  0  2  0  4 
9067 26.0 0.0 0.0 4501.025641025642 4039.48717948718 4426.666666666667 4450.769230769231 4505.128205128206 4663.589743589744 4785.641025641026 3991.7948717948725 4694.871794871796 4372.820512820514 4043.076923076924 4168.205128205129 4593.846153846154 4381.025641025642 1614.0 1711.0 9.067 9.00774097442627 0.0 0.0 0.0 0.0  4  0  0  0  0  4  0  0  0  0  0  2  0  4 
9074 27.0 0.0 0.0 4501.538461538462 4041.0256410256416 4429.743589743591 4457.948717948719 4506.666666666667 4667.6923076923085 4788.717948717949 3994.8717948717954 4698.974358974359 4403.589743589744 4041.0256410256416 4178.461538461539 4593.846153846154 4379.48717948718 1614.0 1712.0 9.074 9.00774097442627 0.0 0.0 0.0 0.0  4  0  0  0  0  4  0  0  0  0  0  2  0  4 
9082 28.0 0.0 0.0 4503.076923076924 4040.5128205128212 4434.871794871796 4478.461538461539 4511.282051282052 4674.358974358975 4792.820512820514 3995.8974358974365 4695.8974358974365 4406.666666666667 4042.0512820512827 4196.410256410257 4593.333333333334 4379.48717948718 1614.0 1712.0 9.082 9.039017677307129 0.0 0.0 0.0 0.0  4  0  0  0  0  4  0  0  0  0  0  2  0  4 
9090 29.0 0.0 0.0 4498.974358974359 4033.8461538461543 4422.051282051282 4443.076923076924 4495.8974358974365 4657.435897435898 4777.948717948719 3988.717948717949 4691.282051282052 4439.48717948718 4043.589743589744 4165.641025641026 4594.358974358975 4377.948717948719 1614.0 1712.0 9.09 9.039017677307129 0.0 0.0 0.0 0.0  4  0  0  0  0  4  0  0  0  0  0  2  0  4 
9098 30.0 0.0 0.0 4496.410256410257 4037.9487179487182 4421.538461538462 4432.307692307693 4496.410256410257 4662.564102564103 4784.102564102564 3997.435897435898 4696.923076923077 4391.794871794872 4044.1025641025644 4158.461538461539 4595.384615384616 4375.384615384616 1615.0 1712.0 9.098 9.039017677307129 0.0 0.0 0.0 0.0  4  0  0  0  0  4  0  0  0  0  0  2  0  4 
9106 31.0 0.0 0.0 4511.282051282052 4057.435897435898 4454.871794871796 4552.307692307693 4526.153846153847 4701.538461538462 4812.307692307693 4002.0512820512827 4701.025641025642 4442.564102564103 4046.1538461538466 4263.589743589744 4587.179487179488 4380.000000000001 1614.0 1712.0 9.106 9.039017677307129 0.0 0.0 0.0 0.0  4  0  0  0  0  4  0  0  0  0  0  2  0  4 
9114 32.0 0.0 0.0 4491.282051282052 4026.1538461538466 4401.025641025642 4382.564102564103 4474.358974358975 4628.717948717949 4753.846153846154 3972.820512820513 4682.051282051282 4395.384615384616 4040.0000000000005 4133.333333333334 4596.923076923077 4379.48717948718 1616.0 1711.0 9.114 9.039017677307129 0.0 0.0 0.0 0.0  4  0  0  0  0  4  0  0  0  0  0  2  0  4 
9121 33.0 0.0 0.0 4469.2307692307695 4005.1282051282055 4367.6923076923085 4234.358974358975 4445.128205128206 4587.179487179488 4726.153846153847 3979.48717948718 4680.000000000001 4219.48717948718 4038.461538461539 4080.5128205128212 4610.256410256411 4373.333333333334 1613.0 1711.0 9.121 9.039017677307129 0.0 0.0 0.0 0.0  4  0  0  0  0  4  0  0  0  0  0  2  0  4 
9129 34.0 0.0 0.0 4486.153846153847 4029.7435897435903 4415.384615384616 4372.307692307693 4490.256410256411 4645.641025641026 4773.333333333334 3998.9743589743593 4689.743589743591 4164.615384615385 4044.615384615385 4238.974358974359 4599.48717948718 4373.846153846154 1615.0 1712.0 9.129 9.039017677307129 0.0 0.0 0.0 0.0  4  0  0  0  0  4  0  0  0  0  0  2  0  4 
9137 35.0 0.0 0.0 4506.153846153847 4051.7948717948725 4451.794871794872 4511.282051282052 4520.512820512821 4687.6923076923085 4803.076923076924 3999.48717948718 4688.717948717949 4208.205128205129 4050.2564102564106 4323.589743589744 4587.6923076923085 4375.384615384616 1615.0 1711.0 9.137 9.039017677307129 0.0 0.0 0.0 0.0  4  0  0  0  0  4  0  0  0  0  0  2  0  4 
9145 36.0 0.0 0.0 4493.333333333334 4034.8717948717954 4420.512820512821 4415.8974358974365 4489.743589743591 4646.153846153847 4770.256410256411 3982.564102564103 4676.410256410257 4191.794871794872 4047.692307692308 4232.307692307693 4595.384615384616 4374.871794871796 1614.0 1713.0 9.145 9.039017677307129 0.0 0.0 0.0 0.0  4  0  0  0  0  4  0  0  0  0  0  2  0  4 
9153 37.0 0.0 0.0 4493.333333333334 4034.8717948717954 4429.2307692307695 4428.205128205129 4500.000000000001 4658.974358974359 4781.538461538462 3995.3846153846157 4685.128205128206 4169.2307692307695 4044.615384615385 4250.769230769231 4594.871794871796 4374.871794871796 1614.0 1711.0 9.153 9.039017677307129 0.0 0.0 0.0 0.0  4  0  0  0  0  4  0  0  0  0  0  2  0  4 
9160 38.0 0.0 0.0 4501.025641025642 4043.076923076924 4445.128205128206 4492.820512820514 4509.2307692307695 4674.358974358975 4789.743589743591 3989.23076923077 4684.102564102564 4195.384615384616 4045.1282051282055 4297.435897435898 4588.717948717949 4378.974358974359 1614.0 1712.0 9.16 9.039017677307129 0.0 0.0 0.0 0.0  4  0  0  0  0  4  0  0  0  0  0  2  0  4 
9168 39.0 0.0 0.0 4495.384615384616 4041.538461538462 4429.743589743591 4444.102564102564 4495.8974358974365 4654.871794871796 4778.461538461539 3988.717948717949 4683.589743589744 4186.666666666667 4048.205128205129 4282.564102564103 4596.923076923077 4378.974358974359 1615.0 1712.0 9.168 9.039017677307129 0.0 0.0 0.0 0.0  4  0  0  0  0  4  0  0  0  0  0  2  0  4 
9176 40.0 0.0 0.0 4497.435897435898 4044.1025641025644 4442.564102564103 4480.512820512821 4503.589743589744 4664.615384615386 4787.179487179488 3992.820512820513 4689.2307692307695 4247.6923076923085 4050.2564102564106 4363.076923076924 4596.923076923077 4378.974358974359 1614.0 1712.0 9.176 9.039017677307129 0.0 0.0 0.0 0.0  4  0  0  0  0  4  0  0  0  0  0  2  0  4 
9184 41.0 0.0 0.0 4494.358974358975 4037.9487179487182 4441.025641025642 4480.512820512821 4500.512820512821 4662.051282051282 4780.512820512821 3991.7948717948725 4691.282051282052 4304.615384615385 4047.692307692308 4375.8974358974365 4593.333333333334 4378.461538461539 1614.0 1711.0 9.184 9.039017677307129 0.0 0.0 0.0 0.0  4  0  0  0  0  4  0  0  0  0  0  2  0  4 
9192 42.0 0.0 0.0 4494.358974358975 4038.9743589743593 4440.000000000001 4488.717948717949 4502.051282051282 4661.538461538462 4782.051282051282 3997.9487179487182 4693.333333333334 4364.102564102564 4049.7435897435903 4405.128205128206 4591.282051282052 4377.948717948719 1614.0 1712.0 9.192 9.039017677307129 0.0 0.0 0.0 0.0  4  0  0  0  0  4  0  0  0  0  0  2  0  4 
9200 43.0 0.0 0.0 4493.333333333334 4040.0000000000005 4438.974358974359 4497.948717948719 4504.102564102564 4659.48717948718 4784.615384615386 3997.435897435898 4693.333333333334 4387.6923076923085 4054.8717948717954 4437.948717948719 4591.794871794872 4382.564102564103 1615.0 1711.0 9.2 9.039017677307129 0.0 0.0 0.0 0.0  4  0  0  0  0  4  0  0  0  0  0  2  0  4 
9207 44.0 0.0 0.0 4491.794871794872 4042.0512820512827 4441.025641025642 4505.641025641026 4505.128205128206 4662.051282051282 4784.102564102564 3997.435897435898 4694.358974358975 4400.000000000001 4053.333333333334 4437.948717948719 4591.794871794872 4385.641025641026 1614.0 1713.0 9.207 9.039017677307129 0.0 0.0 0.0 0.0  4  0  0  0  0  4  0  0  0  0  0  2  0  4 
9215 45.0 0.0 0.0 4491.282051282052 4041.538461538462 4437.948717948719 4496.410256410257 4500.512820512821 4662.051282051282 4780.512820512821 3997.9487179487182 4692.307692307693 4387.179487179487 4049.7435897435903 4428.205128205129 4593.333333333334 4384.615384615385 1615.0 1712.0 9.215 9.039017677307129 0.0 0.0 0.0 0.0  4  0  0  0  0  4  0  0  0  0  0  2  0  4 
9223 46.0 0.0 0.0 4495.384615384616 4042.564102564103 4437.948717948719 4501.538461538462 4502.051282051282 4665.641025641026 4784.615384615386 4000.5128205128212 4694.358974358975 4393.846153846154 4051.2820512820517 4429.743589743591 4595.384615384616 4380.512820512821 1614.0 1712.0 9.223 9.039017677307129 0.0 0.0 0.0 0.0  4  0  0  0  0  4  0  0  0  0  0  2  0  4 
9231 47.0 0.0 0.0 4495.384615384616 4042.0512820512827 4439.48717948718 4496.410256410257 4503.076923076924 4663.076923076924 4784.102564102564 3999.48717948718 4693.846153846154 4401.025641025642 4052.820512820513 4410.256410256411 4597.435897435898 4379.48717948718 1615.0 1711.0 9.231 9.039017677307129 0.0 0.0 0.0 0.0  4  0  0  0  0  4  0  0  0  0  0  2  0  4 
9239 48.0 0.0 0.0 4496.923076923077 4043.076923076924 4444.102564102564 4485.641025641026 4504.102564102564 4662.051282051282 4784.102564102564 4003.076923076924 4694.871794871796 4393.846153846154 4051.2820512820517 4400.512820512821 4598.461538461539 4382.564102564103 1614.0 1712.0 9.239 9.039017677307129 0.0 0.0 0.0 0.0  4  0  0  0  0  4  0  0  0  0  0  2  0  4 
9246 49.0 0.0 0.0 4503.076923076924 4042.0512820512827 4443.589743589744 4480.000000000001 4503.076923076924 4664.102564102564 4784.102564102564 3999.48717948718 4692.820512820514 4337.435897435898 4049.7435897435903 4382.564102564103 4594.871794871796 4382.564102564103 1615.0 1711.0 9.246 9.039017677307129 0.0 0.0 0.0 0.0  4  0  0  0  0  4  0  0  0  0  0  2  0  4 
9254 50.0 0.0 0.0 4504.615384615385 4044.1025641025644 4439.48717948718 4476.410256410257 4504.102564102564 4666.666666666667 4784.102564102564 3993.333333333334 4688.717948717949 4258.461538461539 4050.7692307692314 4350.256410256411 4593.333333333334 4381.025641025642 1614.0 1711.0 9.254 9.039017677307129 0.0 0.0 0.0 0.0  4  0  0  0  0  4  0  0  0  0  0  2  0  4 
9262 51.0 0.0 0.0 4501.538461538462 4047.1794871794878 4437.435897435898 4461.538461538462 4505.641025641026 4665.128205128206 4783.589743589744 3989.23076923077 4686.153846153847 4222.051282051282 4051.2820512820517 4317.435897435898 4594.871794871796 4380.512820512821 1615.0 1712.0 9.262 9.039017677307129 0.0 0.0 0.0 0.0  4  0  0  0  0  4  0  0  0  0  0  2  0  4 
9270 52.0 0.0 0.0 4500.512820512821 4045.1282051282055 4435.8974358974365 4451.282051282052 4503.076923076924 4663.589743589744 4784.615384615386 3990.7692307692314 4685.641025641026 4206.153846153847 4049.7435897435903 4282.564102564103 4596.923076923077 4377.948717948719 1613.0 1711.0 9.27 9.039017677307129 0.0 0.0 0.0 0.0  4  0  0  0  0  4  0  0  0  0  0  2  0  4 
9278 53.0 0.0 0.0 4501.538461538462 4043.589743589744 4432.820512820514 4448.717948717949 4502.051282051282 4664.615384615386 4784.615384615386 3990.2564102564106 4684.615384615386 4196.410256410257 4047.1794871794878 4263.589743589744 4595.384615384616 4374.871794871796 1615.0 1712.0 9.278 9.039017677307129 0.0 0.0 0.0 0.0  4  0  0  0  0  4  0  0  0  0  0  2  0  4 
9286 54.0 0.0 0.0 4498.461538461539 4044.615384615385 4430.769230769231 4435.384615384616 4503.589743589744 4666.153846153847 4784.102564102564 3990.7692307692314 4685.641025641026 4203.076923076924 4046.1538461538466 4261.538461538462 4594.871794871796 4376.410256410257 1614.0 1711.0 9.286 9.039017677307129 0.0 0.0 0.0 0.0  4  0  0  0  0  4  0  0  0  0  0  2  0  4 
9293 55.0 0.0 0.0 4497.435897435898 4045.1282051282055 4431.282051282052 4440.512820512821 4504.615384615385 4668.205128205129 4784.102564102564 3990.2564102564106 4686.153846153847 4186.666666666667 4044.615384615385 4284.102564102564 4595.8974358974365 4378.461538461539 1614.0 1713.0 9.293 9.039017677307129 0.0 0.0 0.0 0.0  4  0  0  0  0  4  0  0  0  0  0  2  0  4 
9301 56.0 0.0 0.0 4496.923076923077 4042.0512820512827 4426.153846153847 4432.307692307693 4501.538461538462 4663.076923076924 4781.025641025642 3988.717948717949 4685.641025641026 4176.410256410257 4046.1538461538466 4301.538461538462 4594.358974358975 4376.923076923077 1615.0 1711.0 9.301 9.039017677307129 0.0 0.0 0.0 0.0  4  0  0  0  0  4  0  0  0  0  0  2  0  4 
9309 57.0 0.0 0.0 4494.358974358975 4042.564102564103 4428.205128205129 4439.48717948718 4504.102564102564 4663.589743589744 4783.589743589744 3994.358974358975 4688.717948717949 4266.666666666667 4047.692307692308 4351.282051282052 4593.333333333334 4376.410256410257 1614.0 1712.0 9.309 9.039017677307129 0.0 0.0 0.0 0.0  4  0  0  0  0  4  0  0  0  0  0  2  0  4 
9317 58.0 0.0 0.0 4492.307692307693 4043.589743589744 4430.769230769231 4457.435897435898 4504.615384615385 4664.615384615386 4785.641025641026 3998.461538461539 4691.282051282052 4336.410256410257 4047.692307692308 4388.717948717949 4595.384615384616 4378.461538461539 1614.0 1712.0 9.317 9.039017677307129 0.0 0.0 0.0 0.0  4  0  0  0  0  4  0  0  0  0  0  2  0  4 
9325 59.0 0.0 0.0 4495.8974358974365 4043.589743589744 4430.769230769231 4474.358974358975 4502.564102564103 4664.615384615386 4784.615384615386 3998.9743589743593 4694.358974358975 4365.641025641026 4049.23076923077 4409.743589743591 4594.358974358975 4380.000000000001 1615.0 1712.0 9.325 9.039017677307129 0.0 0.0 0.0 0.0  4  0  0  0  0  4  0  0  0  0  0  2  0  4 
9332 60.0 0.0 0.0 4496.410256410257 4041.538461538462 4425.128205128206 4477.948717948719 4498.461538461539 4661.025641025642 4781.538461538462 3998.461538461539 4694.871794871796 4370.769230769231 4050.7692307692314 4430.769230769231 4593.846153846154 4381.025641025642 1615.0 1711.0 9.332 9.039017677307129 0.0 0.0 0.0 0.0  4  0  0  0  0  4  0  0  0  0  0  2  0  4 
9340 61.0 0.0 0.0 4495.384615384616 4041.538461538462 4427.6923076923085 4493.333333333334 4502.564102564103 4664.615384615386 4784.102564102564 4002.0512820512827 4695.8974358974365 4398.974358974359 4052.820512820513 4447.179487179487 4595.384615384616 4379.48717948718 1614.0 1712.0 9.34 9.039017677307129 0.0 0.0 0.0 0.0  4  0  0  0  0  4  0  0  0  0  0  2  0  4 
9348 62.0 0.0 0.0 4493.846153846154 4040.5128205128212 4426.666666666667 4487.179487179488 4504.615384615385 4663.076923076924 4782.051282051282 4001.538461538462 4695.8974358974365 4378.974358974359 4053.8461538461543 4434.871794871796 4594.871794871796 4378.974358974359 1615.0 1712.0 9.348 9.039017677307129 0.0 0.0 0.0 0.0  4  0  0  0  0  4  0  0  0  0  0  2  0  4 
9356 63.0 0.0 0.0 4493.846153846154 4042.0512820512827 4425.128205128206 4474.871794871796 4505.128205128206 4663.076923076924 4783.589743589744 4001.0256410256416 4700.000000000001 4367.6923076923085 4054.358974358975 4424.102564102564 4591.282051282052 4381.538461538462 1614.0 1711.0 9.356 9.039017677307129 0.0 0.0 0.0 0.0  4  0  0  0  0  4  0  0  0  0  0  2  0  4 
9364 64.0 0.0 46.0 4492.307692307693 4044.1025641025644 4423.076923076924 4449.743589743591 4502.051282051282 4661.025641025642 4784.102564102564 3999.48717948718 4697.948717948719 4375.384615384616 4051.2820512820517 4396.410256410257 4592.307692307693 4382.564102564103 1614.0 1712.0 9.364 9.039017677307129 0.0 0.0 0.0 0.0  4  0  0  0  0  4  0  0  0  0  0  2  0  4 
9383 65.0 0.0 419.0 4492.820512820514 4044.1025641025644 4425.641025641026 4435.8974358974365 4504.102564102564 4663.589743589744 4784.615384615386 4002.0512820512827 4694.871794871796 4331.282051282052 4048.205128205129 4369.743589743591 4596.923076923077 4379.48717948718 1614.0 1711.0 9.383 9.039017677307129 0.0 0.0 0.0 0.0  4  0  0  0  0  4  0  0  0  0  0  2  0  4 
9383 66.0 0.0 0.0 4496.410256410257 4040.0000000000005 4426.666666666667 4418.974358974359 4503.076923076924 4664.615384615386 4781.538461538462 3997.435897435898 4690.769230769231 4241.538461538462 4046.1538461538466 4326.666666666667 4595.8974358974365 4378.461538461539 1614.0 1713.0 9.383 9.039017677307129 0.0 0.0 0.0 0.0  4  0  0  0  0  4  0  0  0  0  0  2  0  4 
9387 67.0 0.0 0.0 4496.923076923077 4040.5128205128212 4429.743589743591 4417.948717948719 4502.051282051282 4664.102564102564 4782.051282051282 3996.410256410257 4689.743589743591 4204.102564102564 4046.666666666667 4295.384615384616 4592.307692307693 4379.48717948718 1615.0 1711.0 9.387 9.039017677307129 0.0 0.0 0.0 0.0  4  0  0  0  0  4  0  0  0  0  0  2  0  4 
9395 68.0 0.0 0.0 4494.871794871796 4044.1025641025644 4432.307692307693 4420.512820512821 4500.512820512821 4663.589743589744 4783.076923076924 3994.8717948717954 4686.666666666667 4214.358974358975 4047.692307692308 4278.974358974359 4590.769230769231 4376.923076923077 1614.0 1712.0 9.395 9.039017677307129 0.0 0.0 0.0 0.0  4  0  0  0  0  4  0  0  0  0  0  2  0  4 
9403 69.0 0.0 0.0 4493.333333333334 4041.538461538462 4428.205128205129 4412.307692307693 4498.461538461539 4660.512820512821 4781.025641025642 3995.8974358974365 4684.615384615386 4224.615384615385 4045.1282051282055 4250.769230769231 4595.384615384616 4376.410256410257 1615.0 1711.0 9.403 9.039017677307129 0.0 0.0 0.0 0.0  4  0  0  0  0  4  0  0  0  0  0  2  0  4 
9411 70.0 0.0 0.0 4498.461538461539 4041.538461538462 4434.358974358975 4435.8974358974365 4504.615384615385 4663.589743589744 4783.589743589744 3996.410256410257 4687.6923076923085 4232.820512820514 4043.589743589744 4257.948717948719 4595.8974358974365 4377.948717948719 1614.0 1711.0 9.411 9.039017677307129 0.0 0.0 0.0 0.0  4  0  0  0  0  4  0  0  0  0  0  2  0  4 
9419 71.0 0.0 0.0 4497.948717948719 4044.1025641025644 4435.8974358974365 4443.589743589744 4505.641025641026 4665.128205128206 4783.589743589744 3993.333333333334 4686.153846153847 4224.615384615385 4045.6410256410263 4274.358974358975 4594.358974358975 4375.384615384616 1614.0 1711.0 9.419 9.039017677307129 0.0 0.0 0.0 0.0  4  0  0  0  0  4  0  0  0  0  0  2  0  4 
9426 72.0 0.0 0.0 4496.410256410257 4046.1538461538466 4437.435897435898 4464.102564102564 4504.615384615385 4668.205128205129 4783.076923076924 3991.7948717948725 4683.589743589744 4221.538461538462 4048.717948717949 4320.512820512821 4593.333333333334 4373.846153846154 1614.0 1712.0 9.426 9.039017677307129 0.0 0.0 0.0 0.0  4  0  0  0  0  4  0  0  0  0  0  2  0  4 
9434 73.0 0.0 159.0 4494.871794871796 4041.538461538462 4435.384615384616 4455.384615384616 4501.025641025642 4661.538461538462 4777.948717948719 3992.307692307693 4685.641025641026 4258.461538461539 4048.205128205129 4338.461538461539 4592.820512820514 4376.923076923077 1615.0 1712.0 9.434 9.039017677307129 0.0 0.0 0.0 0.0  4  0  0  0  0  4  0  0  0  0  0  2  0  4 
9442 74.0 0.0 0.0 4496.923076923077 4044.1025641025644 4443.076923076924 4481.025641025642 4504.615384615385 4665.641025641026 4782.564102564103 3998.461538461539 4690.769230769231 4338.461538461539 4048.717948717949 4394.358974358975 4592.820512820514 4379.48717948718 1614.0 1712.0 9.442 9.039017677307129 0.0 0.0 0.0 0.0  4  0  0  0  0  4  0  0  0  0  0  2  0  4 
9450 75.0 0.0 0.0 4494.871794871796 4045.1282051282055 4440.000000000001 4489.2307692307695 4501.538461538462 4663.589743589744 4780.000000000001 3996.410256410257 4687.6923076923085 4351.282051282052 4048.717948717949 4419.48717948718 4593.333333333334 4380.000000000001 1614.0 1713.0 9.45 9.039017677307129 0.0 0.0 0.0 0.0  4  0  0  0  0  4  0  0  0  0  0  2  0  4 
9458 76.0 0.0 0.0 4493.846153846154 4042.0512820512827 4438.974358974359 4495.8974358974365 4501.538461538462 4663.076923076924 4780.000000000001 4002.564102564103 4690.769230769231 4376.923076923077 4049.23076923077 4418.461538461539 4592.307692307693 4378.974358974359 1615.0 1711.0 9.458 9.039017677307129 0.0 0.0 0.0 0.0  4  0  0  0  0  4  0  0  0  0  0  2  0  4 
9465 77.0 0.0 404.0 4494.871794871796 4039.48717948718 4439.48717948718 4501.538461538462 4504.615384615385 4662.051282051282 4782.051282051282 4004.1025641025644 4693.333333333334 4375.384615384616 4052.820512820513 4422.051282051282 4592.820512820514 4381.025641025642 1614.0 1712.0 9.465 9.039017677307129 0.0 0.0 0.0 0.0  4  0  0  0  0  4  0  0  0  0  0  2  0  4 
9473 78.0 0.0 0.0 4494.871794871796 4043.076923076924 4440.512820512821 4506.153846153847 4507.179487179488 4664.615384615386 4785.641025641026 4002.564102564103 4693.846153846154 4399.48717948718 4052.820512820513 4433.846153846154 4595.8974358974365 4383.076923076924 1615.0 1711.0 9.473 9.039017677307129 0.0 0.0 0.0 0.0  4  0  0  0  0  4  0  0  0  0  0  2  0  4 
9481 79.0 0.0 0.0 4490.256410256411 4037.435897435898 4430.256410256411 4464.102564102564 4495.384615384616 4650.769230769231 4772.820512820514 3997.435897435898 4689.743589743591 4401.025641025642 4046.1538461538466 4381.538461538462 4594.871794871796 4381.538461538462 1614.0 1712.0 9.481 9.039017677307129 0.0 0.0 0.0 0.0  4  0  0  0  0  4  0  0  0  0  0  2  0  4 
9489 80.0 0.0 0.0 4495.384615384616 4043.589743589744 4442.051282051282 4476.923076923077 4506.153846153847 4671.794871794872 4785.128205128206 4011.2820512820517 4696.923076923077 4369.2307692307695 4048.717948717949 4389.2307692307695 4592.307692307693 4380.512820512821 1615.0 1712.0 9.489 9.039017677307129 0.0 0.0 0.0 0.0  4  0  0  0  0  4  0  0  0  0  0  2  0  4 
9497 81.0 0.0 404.0 4501.538461538462 4047.692307692308 4451.282051282052 4510.769230769231 4512.820512820514 4680.512820512821 4789.743589743591 3993.333333333334 4687.179487179488 4327.179487179487 4052.307692307693 4402.564102564103 4589.2307692307695 4381.538461538462 1614.0 1712.0 9.497 9.039017677307129 0.0 0.0 0.0 0.0  4  0  0  0  0  4  0  0  0  0  0  2  0  4 
9505 82.0 0.0 0.0 4480.512820512821 4019.48717948718 4395.8974358974365 4337.435897435898 4469.743589743591 4616.410256410257 4744.102564102564 3971.7948717948725 4675.8974358974365 4214.871794871796 4042.0512820512827 4204.102564102564 4601.538461538462 4377.948717948719 1615.0 1712.0 9.505 9.039017677307129 0.0 0.0 0.0 0.0  4  0  0  0  0  4  0  0  0  0  0  2  0  4 
9512 83.0 0.0 0.0 4496.410256410257 4042.0512820512827 4429.2307692307695 4434.871794871796 4507.179487179488 4666.666666666667 4785.641025641026 4008.717948717949 4694.358974358975 4133.333333333334 4044.1025641025644 4247.6923076923085 4595.384615384616 4374.871794871796 1614.0 1711.0 9.512 9.039017677307129 0.0 0.0 0.0 0.0  4  0  0  0  0  4  0  0  0  0  0  2  0  4 
9520 84.0 0.0 0.0 4527.6923076923085 4069.23076923077 4483.589743589744 4622.564102564103 4551.282051282052 4728.717948717949 4828.205128205129 4008.205128205129 4692.307692307693 4129.74358974359 4052.820512820513 4360.000000000001 4582.051282051282 4382.564102564103 1614.0 1712.0 9.52 9.039017677307129 0.0 0.0 0.0 0.0  4  0  0  0  0  4  0  0  0  0  0  2  0  4 
9528 85.0 0.0 404.0 4517.948717948719 4048.717948717949 4450.769230769231 4530.769230769231 4521.025641025642 4685.128205128206 4793.333333333334 3977.435897435898 4675.384615384616 4129.2307692307695 4052.307692307693 4223.076923076924 4588.205128205129 4387.179487179487 1614.0 1711.0 9.528 9.039017677307129 0.0 0.0 0.0 0.0  4  0  0  0  0  4  0  0  0  0  0  2  0  4 
9536 86.0 0.0 0.0 4493.846153846154 4023.589743589744 4400.512820512821 4365.128205128206 4482.564102564103 4630.769230769231 4754.871794871796 3975.3846153846157 4675.8974358974365 4094.358974358975 4045.6410256410263 4062.564102564103 4601.538461538462 4384.102564102564 1614.0 1712.0 9.536 9.039017677307129 0.0 0.0 0.0 0.0  4  0  0  0  0  4  0  0  0  0  0  2  0  4 
9544 87.0 0.0 0.0 4504.615384615385 4043.589743589744 4431.794871794872 4456.923076923077 4512.307692307693 4674.871794871796 4789.2307692307695 3999.48717948718 4687.6923076923085 4075.3846153846157 4046.666666666667 4163.076923076924 4597.435897435898 4382.051282051282 1615.0 1711.0 9.544 9.039017677307129 0.0 0.0 0.0 0.0  4  0  0  0  0  4  0  0  0  0  0  2  0  4 
9551 88.0 0.0 0.0 4509.2307692307695 4046.1538461538466 4437.435897435898 4482.564102564103 4510.256410256411 4677.435897435898 4785.128205128206 3980.0000000000005 4676.410256410257 4112.820512820514 4046.1538461538466 4176.923076923077 4593.333333333334 4384.615384615385 1614.0 1713.0 9.551 9.508171081542969 0.0 0.0 0.0 0.0  4  0  0  0  0  4  0  0  0  0  0  1  0  3 
9559 89.0 0.0 404.0 4498.461538461539 4035.3846153846157 4411.794871794872 4403.076923076924 4492.307692307693 4653.333333333334 4768.205128205129 3981.0256410256416 4677.435897435898 4114.871794871796 4043.076923076924 4101.025641025642 4600.000000000001 4385.128205128206 1615.0 1711.0 9.559 9.508171081542969 0.0 0.0 0.0 0.0  4  0  0  0  0  4  0  0  0  0  0  1  0  3 
9567 90.0 0.0 0.0 4504.102564102564 4043.589743589744 4425.641025641026 4441.025641025642 4507.6923076923085 4669.2307692307695 4786.153846153847 3991.7948717948725 4685.128205128206 4155.384615384616 4040.5128205128212 4134.871794871796 4597.435897435898 4381.025641025642 1614.0 1712.0 9.567 9.508171081542969 0.0 0.0 0.0 0.0  4  0  0  0  0  4  0  0  0  0  0  1  0  3 
9575 91.0 0.0 0.0 4504.615384615385 4044.1025641025644 4427.179487179487 4445.641025641026 4506.153846153847 4667.179487179488 4785.641025641026 3993.333333333334 4692.307692307693 4329.2307692307695 4037.9487179487182 4147.179487179487 4595.8974358974365 4377.435897435898 1615.0 1712.0 9.575 9.508171081542969 0.0 0.0 0.0 0.0  4  0  0  0  0  4  0  0  0  0  0  1  0  3 
9583 92.0 0.0 0.0 4501.025641025642 4043.589743589744 4423.589743589744 4448.717948717949 4505.128205128206 4669.2307692307695 4781.025641025642 4001.0256410256416 4699.48717948718 4438.461538461539 4036.410256410257 4152.307692307693 4594.358974358975 4378.461538461539 1614.0 1711.0 9.583 9.539447784423828 0.0 0.0 0.0 0.0  4  0  0  0  0  4  0  0  0  0  0  1  0  3 
9591 93.0 0.0 404.0 4492.820512820514 4034.358974358975 4406.666666666667 4402.564102564103 4495.384615384616 4652.820512820514 4766.153846153847 3994.358974358975 4693.333333333334 4443.589743589744 4033.333333333334 4105.641025641026 4596.923076923077 4379.48717948718 1614.0 1712.0 9.591 9.539447784423828 0.0 0.0 0.0 0.0  4  0  0  0  0  4  0  0  0  0  0  1  0  3 
9598 94.0 0.0 0.0 4489.2307692307695 4030.2564102564106 4400.512820512821 4363.589743589744 4494.358974358975 4649.743589743591 4768.717948717949 3995.3846153846157 4691.282051282052 4337.435897435898 4034.358974358975 4061.0256410256416 4600.512820512821 4374.871794871796 1614.0 1711.0 9.598 9.539447784423828 0.0 0.0 0.0 0.0  4  0  0  0  0  4  0  0  0  0  0  1  0  3 
9606 95.0 0.0 0.0 4497.435897435898 4039.48717948718 4417.948717948719 4417.948717948719 4504.102564102564 4668.205128205129 4780.512820512821 3995.3846153846157 4689.743589743591 4351.794871794872 4036.410256410257 4110.256410256411 4597.435897435898 4375.384615384616 1614.0 1712.0 9.606 9.539447784423828 0.0 0.0 0.0 0.0  4  0  0  0  0  4  0  0  0  0  0  1  0  3 
9614 96.0 0.0 0.0 4490.256410256411 4030.7692307692314 4396.410256410257 4350.256410256411 4484.615384615385 4641.538461538462 4757.435897435898 3988.717948717949 4684.615384615386 4370.769230769231 4031.2820512820517 4082.0512820512827 4600.512820512821 4376.410256410257 1615.0 1711.0 9.614 9.539447784423828 0.0 0.0 0.0 0.0  4  0  0  0  0  4  0  0  0  0  0  1  0  3 
9622 97.0 0.0 404.0 4494.871794871796 4040.0000000000005 4412.307692307693 4383.589743589744 4501.025641025642 4657.948717948719 4774.871794871796 4004.615384615385 4693.846153846154 4348.205128205129 4036.410256410257 4177.948717948719 4597.435897435898 4373.333333333334 1615.0 1712.0 9.622 9.539447784423828 0.0 0.0 0.0 0.0  4  0  0  0  0  4  0  0  0  0  0  1  0  3 
9630 98.0 0.0 0.0 4499.48717948718 4045.6410256410263 4426.666666666667 4423.076923076924 4510.256410256411 4670.256410256411 4785.128205128206 4000.5128205128212 4689.743589743591 4258.461538461539 4041.538461538462 4240.000000000001 4593.333333333334 4374.358974358975 1614.0 1712.0 9.63 9.539447784423828 0.0 0.0 0.0 0.0  4  0  0  0  0  4  0  0  0  0  0  1  0  3 
9637 99.0 0.0 0.0 4503.076923076924 4050.7692307692314 4434.871794871796 4451.282051282052 4517.435897435898 4681.025641025642 4792.307692307693 4003.589743589744 4688.205128205129 4202.051282051282 4043.076923076924 4262.051282051282 4594.871794871796 4376.923076923077 1615.0 1711.0 9.637 9.539447784423828 0.0 0.0 0.0 0.0  4  0  0  0  0  4  0  0  0  0  0  1  0  3 
9645 100.0 0.0 0.0 4506.153846153847 4048.717948717949 4433.333333333334 4448.717948717949 4510.769230769231 4672.307692307693 4787.179487179488 3991.2820512820517 4684.615384615386 4243.589743589744 4044.615384615385 4264.615384615385 4594.871794871796 4378.974358974359 1615.0 1711.0 9.645 9.539447784423828 0.0 0.0 0.0 0.0  4  0  0  0  0  4  0  0  0  0  0  1  0  3 
9653 101.0 0.0 404.0 4491.794871794872 4030.2564102564106 4400.000000000001 4327.6923076923085 4476.410256410257 4629.2307692307695 4755.8974358974365 3982.0512820512827 4681.538461538462 4184.615384615385 4041.0256410256416 4141.025641025642 4603.589743589744 4376.923076923077 1614.0 1712.0 9.653 9.539447784423828 0.0 0.0 0.0 0.0  4  0  0  0  0  4  0  0  0  0  0  1  0  3 
9661 102.0 0.0 0.0 4503.589743589744 4049.7435897435903 4435.384615384616 4445.641025641026 4513.846153846154 4679.48717948718 4794.871794871796 4012.820512820513 4695.384615384616 4148.205128205129 4044.1025641025644 4236.410256410257 4600.000000000001 4372.820512820514 1614.0 1711.0 9.661 9.539447784423828 0.0 0.0 0.0 0.0  4  0  0  0  0  4  0  0  0  0  0  1  0  3 
9669 103.0 0.0 0.0 4536.923076923077 4082.564102564103 4500.000000000001 4692.307692307693 4574.358974358975 4755.8974358974365 4851.794871794872 4020.0000000000005 4697.948717948719 4190.769230769231 4056.9230769230776 4440.000000000001 4581.025641025642 4380.512820512821 1615.0 1712.0 9.669 9.539447784423828 0.0 0.0 0.0 0.0  4  0  0  0  0  4  0  0  0  0  0  1  0  3 
9677 104.0 0.0 0.0 4530.769230769231 4065.6410256410263 4477.948717948719 4636.923076923077 4543.076923076924 4716.410256410257 4815.384615384616 3982.564102564103 4680.000000000001 4144.102564102564 4056.9230769230776 4329.743589743591 4582.564102564103 4392.820512820514 1614.0 1711.0 9.677 9.633278846740723 0.0 0.0 0.0 0.0  4  0  0  0  0  4  0  0  0  0  0  1  0  3 
9684 105.0 0.0 404.0 4502.051282051282 4033.333333333334 4415.384615384616 4423.589743589744 4488.717948717949 4644.102564102564 4759.48717948718 3969.7435897435903 4675.384615384616 4101.025641025642 4044.615384615385 4097.435897435898 4601.025641025642 4389.743589743591 1614.0 1712.0 9.684 9.633278846740723 0.0 0.0 0.0 0.0  4  0  0  0  0  4  0  0  0  0  0  1  0  3 
9692 106.0 0.0 0.0 4505.641025641026 4040.5128205128212 4426.666666666667 4458.461538461539 4505.641025641026 4662.564102564103 4780.000000000001 3997.9487179487182 4692.820512820514 4216.410256410257 4042.564102564103 4163.076923076924 4605.641025641026 4381.538461538462 1615.0 1711.0 9.692 9.633278846740723 0.0 0.0 0.0 0.0  4  0  0  0  0  4  0  0  0  0  0  1  0  3 
9700 107.0 0.0 0.0 4525.641025641026 4060.0000000000005 4467.6923076923085 4600.000000000001 4537.948717948719 4707.6923076923085 4811.794871794872 4010.7692307692314 4701.025641025642 4349.2307692307695 4049.23076923077 4295.384615384616 4596.410256410257 4384.102564102564 1614.0 1713.0 9.7 9.633278846740723 0.0 0.0 0.0 0.0  4  0  0  0  0  4  0  0  0  0  0  1  0  3 
9708 108.0 0.0 0.0 4519.48717948718 4051.7948717948725 4448.205128205129 4546.666666666667 4512.307692307693 4678.461538461539 4785.641025641026 3997.435897435898 4693.333333333334 4460.000000000001 4045.6410256410263 4225.128205128206 4598.461538461539 4388.717948717949 1616.0 1711.0 9.708 9.633278846740723 0.0 0.0 0.0 0.0  4  0  0  0  0  4  0  0  0  0  0  1  0  3 
9716 109.0 0.0 404.0 4493.846153846154 4028.717948717949 4399.48717948718 4385.641025641026 4468.205128205129 4620.000000000001 4743.589743589744 3990.2564102564106 4688.717948717949 4491.282051282052 4038.461538461539 4171.794871794872 4612.820512820514 4387.179487179487 1613.0 1711.0 9.716 9.633278846740723 0.0 0.0 0.0 0.0  4  0  0  0  0  4  0  0  0  0  0  1  0  3 
9724 110.0 0.0 0.0 4490.256410256411 4033.333333333334 4404.615384615385 4382.051282051282 4478.974358974359 4630.256410256411 4755.384615384616 4003.589743589744 4700.512820512821 4441.538461538462 4044.615384615385 4294.871794871796 4616.410256410257 4384.615384615385 1615.0 1712.0 9.724 9.633278846740723 0.0 0.0 0.0 0.0  4  0  0  0  0  4  0  0  0  0  0  1  0  3 
9731 111.0 0.0 0.0 4512.307692307693 4063.076923076924 4457.435897435898 4547.179487179488 4528.205128205129 4695.8974358974365 4804.102564102564 4022.0512820512827 4709.743589743591 4382.564102564103 4054.358974358975 4455.8974358974365 4602.564102564103 4385.128205128206 1614.0 1711.0 9.731 9.633278846740723 0.0 0.0 0.0 0.0  4  0  0  0  0  4  0  0  0  0  0  1  0  3 
9739 112.0 0.0 0.0 4519.48717948718 4065.1282051282055 4464.102564102564 4579.48717948718 4527.6923076923085 4696.923076923077 4800.512820512821 4006.1538461538466 4696.923076923077 4421.538461538462 4051.2820512820517 4440.000000000001 4595.384615384616 4385.641025641026 1614.0 1712.0 9.739 9.633278846740723 0.0 0.0 0.0 0.0  4  0  0  0  0  4  0  0  0  0  0  1  0  3 
9747 113.0 0.0 404.0 4502.564102564103 4044.1025641025644 4429.2307692307695 4448.205128205129 4494.358974358975 4652.820512820514 4767.6923076923085 3997.435897435898 4692.307692307693 4403.589743589744 4047.1794871794878 4318.974358974359 4606.666666666667 4383.076923076924 1614.0 1711.0 9.747 9.633278846740723 0.0 0.0 0.0 0.0  4  0  0  0  0  4  0  0  0  0  0  1  0  3 
9755 114.0 0.0 0.0 4512.820512820514 4060.5128205128212 4458.461538461539 4531.794871794872 4523.076923076924 4693.333333333334 4801.025641025642 4013.333333333334 4702.051282051282 4359.48717948718 4052.820512820513 4407.6923076923085 4601.025641025642 4382.051282051282 1614.0 1712.0 9.755 9.633278846740723 0.0 0.0 0.0 0.0  4  0  0  0  0  4  0  0  0  0  0  1  0  3 
9763 115.0 0.0 0.0 4514.358974358975 4057.9487179487182 4450.769230769231 4520.512820512821 4517.435897435898 4684.102564102564 4793.846153846154 3996.410256410257 4691.282051282052 4300.000000000001 4050.7692307692314 4375.384615384616 4595.8974358974365 4384.102564102564 1615.0 1711.0 9.763 9.633278846740723 0.0 0.0 0.0 0.0  4  0  0  0  0  4  0  0  0  0  0  1  0  3 
9770 116.0 0.0 0.0 4511.282051282052 4050.7692307692314 4436.923076923077 4462.564102564103 4508.717948717949 4666.666666666667 4782.051282051282 3995.8974358974365 4689.2307692307695 4232.307692307693 4049.23076923077 4292.307692307693 4599.48717948718 4380.512820512821 1614.0 1712.0 9.77 9.633278846740723 0.0 0.0 0.0 0.0  4  0  0  0  0  4  0  0  0  0  0  1  0  3 
9778 117.0 0.0 404.0 4513.333333333334 4051.7948717948725 4438.461538461539 4456.410256410257 4510.256410256411 4669.2307692307695 4783.589743589744 3992.820512820513 4687.179487179488 4228.717948717949 4049.7435897435903 4273.846153846154 4598.461538461539 4379.48717948718 1615.0 1711.0 9.778 9.633278846740723 0.0 0.0 0.0 0.0  4  0  0  0  0  4  0  0  0  0  0  1  0  3 
9786 118.0 0.0 0.0 4505.641025641026 4048.205128205129 4432.820512820514 4435.384615384616 4503.589743589744 4667.6923076923085 4781.025641025642 3990.7692307692314 4685.128205128206 4210.769230769231 4045.1282051282055 4243.589743589744 4597.948717948719 4377.435897435898 1613.0 1712.0 9.786 9.633278846740723 0.0 0.0 0.0 0.0  4  0  0  0  0  4  0  0  0  0  0  1  0  3 
9794 119.0 0.0 0.0 4500.512820512821 4046.666666666667 4426.153846153847 4428.717948717949 4504.102564102564 4666.153846153847 4780.512820512821 3989.23076923077 4683.589743589744 4191.282051282052 4041.0256410256416 4232.820512820514 4592.307692307693 4373.333333333334 1616.0 1712.0 9.794 9.633278846740723 0.0 0.0 0.0 0.0  4  0  0  0  0  4  0  0  0  0  0  1  0  3 
9802 120.0 0.0 0.0 4496.410256410257 4043.589743589744 4415.8974358974365 4393.846153846154 4501.538461538462 4657.948717948719 4777.948717948719 3989.7435897435903 4683.076923076924 4181.025641025642 4041.0256410256416 4231.282051282052 4590.256410256411 4373.333333333334 1613.0 1712.0 9.802 9.633278846740723 0.0 0.0 0.0 0.0  4  0  0  0  0  4  0  0  0  0  0  1  0  3 
9810 121.0 0.0 404.0 4493.333333333334 4042.564102564103 4419.48717948718 4392.307692307693 4500.512820512821 4660.000000000001 4781.538461538462 3990.7692307692314 4685.128205128206 4170.769230769231 4040.0000000000005 4273.333333333334 4592.820512820514 4375.384615384616 1615.0 1712.0 9.81 9.633278846740723 0.0 0.0 0.0 0.0  4  0  0  0  0  4  0  0  0  0  0  1  0  3 
9817 122.0 0.0 0.0 4490.256410256411 4042.564102564103 4418.974358974359 4403.589743589744 4499.48717948718 4657.435897435898 4780.000000000001 3988.717948717949 4684.615384615386 4221.538461538462 4040.5128205128212 4294.358974358975 4594.358974358975 4374.358974358975 1614.0 1711.0 9.817 9.633278846740723 0.0 0.0 0.0 0.0  4  0  0  0  0  4  0  0  0  0  0  1  0  3 
9825 123.0 0.0 0.0 4490.769230769231 4045.6410256410263 4417.948717948719 4424.615384615385 4504.102564102564 4658.461538461539 4780.000000000001 3992.820512820513 4685.641025641026 4329.2307692307695 4043.076923076924 4328.205128205129 4590.769230769231 4373.846153846154 1614.0 1712.0 9.825 9.633278846740723 0.0 0.0 0.0 0.0  4  0  0  0  0  4  0  0  0  0  0  1  0  3 
9833 124.0 0.0 0.0 4488.717948717949 4040.0000000000005 4414.358974358975 4428.205128205129 4498.974358974359 4654.358974358975 4777.435897435898 3993.8461538461543 4686.153846153847 4342.051282051282 4043.076923076924 4351.794871794872 4591.282051282052 4376.923076923077 1615.0 1711.0 9.833 9.633278846740723 0.0 0.0 0.0 0.0  4  0  0  0  0  4  0  0  0  0  0  1  0  3 
9841 125.0 0.0 404.0 4488.205128205129 4037.435897435898 4415.384615384616 4441.025641025642 4496.923076923077 4656.410256410257 4780.000000000001 3995.8974358974365 4689.2307692307695 4343.076923076924 4043.076923076924 4356.923076923077 4593.846153846154 4380.512820512821 1614.0 1712.0 9.841 9.633278846740723 0.0 0.0 0.0 0.0  4  0  0  0  0  4  0  0  0  0  0  1  0  3 
9849 126.0 0.0 0.0 4486.153846153847 4035.3846153846157 4410.769230769231 4443.589743589744 4496.923076923077 4654.871794871796 4779.48717948718 3994.8717948717954 4688.717948717949 4352.307692307693 4044.615384615385 4354.358974358975 4590.769230769231 4378.461538461539 1614.0 1712.0 9.849 9.633278846740723 0.0 0.0 0.0 0.0  4  0  0  0  0  4  0  0  0  0  0  1  0  3 
9856 127.0 0.0 0.0 4480.512820512821 4032.820512820513 4406.153846153847 4434.358974358975 4497.948717948719 4652.820512820514 4777.948717948719 3994.358974358975 4688.717948717949 4360.000000000001 4043.589743589744 4345.641025641026 4588.205128205129 4375.8974358974365 1615.0 1713.0 9.856 9.633278846740723 0.0 0.0 0.0 0.0  4  0  0  0  0  4  0  0  0  0  0  1  0  3 
9864 128.0 0.0 0.0 