8147 31.0 0.0 0.0 4304.102564102564 4077.9487179487187 4392.820512820514 4502.051282051282 4485.128205128206 4725.641025641026 4426.666666666667 4380.512820512821 4725.128205128206 4069.23076923077 3938.461538461539 4322.564102564103 4609.743589743591 4395.8974358974365 1613.0 1712.0 8.147 8.03815746307373 0.0 0.0 0.0 0.0  1  0  0  0  0  0  0  0  0  0  0  0  0  0 
8154 32.0 0.0 0.0 4302.564102564103 4082.0512820512827 4386.153846153847 4503.076923076924 4488.717948717949 4726.666666666667 4429.743589743591 4385.128205128206 4730.769230769231 4070.2564102564106 3940.0000000000005 4318.974358974359 4613.846153846154 4397.435897435898 1613.0 1712.0 8.155 8.03815746307373 0.0 0.0 0.0 0.0  1  0  0  0  0  0  0  0  0  0  0  0  0  0 
8163 33.0 0.0 0.0 4298.461538461539 4078.9743589743593 4375.384615384616 4499.48717948718 4492.307692307693 4729.743589743591 4422.051282051282 4389.743589743591 4734.358974358975 4071.2820512820517 3938.9743589743593 4313.333333333334 4620.000000000001 4396.410256410257 1614.0 1711.0 8.163 8.03815746307373 0.0 0.0 0.0 0.0  1  0  0  0  0  0  0  0  0  0  0  0  0  0 
8170 34.0 0.0 0.0 4293.333333333334 4080.5128205128212 4358.461538461539 4492.307692307693 4494.871794871796 4732.820512820514 4426.666666666667 4389.2307692307695 4734.358974358975 4073.8461538461543 3932.820512820513 4298.974358974359 4620.000000000001 4395.384615384616 1613.0 1711.0 8.171 8.03815746307373 0.0 0.0 0.0 0.0  1  0  0  0  0  0  0  0  0  0  0  0  0  0 
8179 35.0 0.0 0.0 4303.589743589744 4087.1794871794878 4355.384615384616 4496.410256410257 4494.358974358975 4727.6923076923085 4435.8974358974365 4385.641025641026 4733.846153846154 4074.358974358975 3931.7948717948725 4297.948717948719 4619.48717948718 4396.410256410257 1613.0 1712.0 8.179 8.03815746307373 0.0 0.0 0.0 0.0  1  0  0  0  0  0  0  0  0  0  0  0  0  0 
8186 36.0 0.0 0.0 4317.435897435898 4082.564102564103 4370.256410256411 4501.025641025642 4489.2307692307695 4720.000000000001 4433.846153846154 4384.615384615385 4731.794871794872 4072.307692307693 3934.8717948717954 4309.2307692307695 4617.435897435898 4392.820512820514 1613.0 1712.0 8.186 8.03815746307373 0.0 0.0 0.0 0.0  1  0  0  0  0  0  0  0  0  0  0  0  0  0 
8194 37.0 0.0 0.0 4321.025641025642 4076.9230769230776 4389.743589743591 4495.8974358974365 4483.076923076924 4716.410256410257 4428.717948717949 4381.538461538462 4727.6923076923085 4070.7692307692314 3940.0000000000005 4320.000000000001 4619.48717948718 4392.820512820514 1613.0 1712.0 8.194 8.03815746307373 0.0 0.0 0.0 0.0  1  0  0  0  0  0  0  0  0  0  0  0  0  0 
8202 38.0 0.0 0.0 4310.256410256411 4078.9743589743593 4384.615384615385 4491.794871794872 4485.128205128206 4720.000000000001 4431.282051282052 4382.564102564103 4727.179487179488 4069.7435897435903 3937.9487179487182 4312.820512820514 4616.410256410257 4393.846153846154 1613.0 1712.0 8.202 8.03815746307373 0.0 0.0 0.0 0.0  1  0  0  0  0  0  0  0  0  0  0  0  0  0 
8210 39.0 0.0 0.0 4316.923076923077 4080.0000000000005 4388.717948717949 4498.461538461539 4484.615384615385 4716.410256410257 4434.871794871796 4382.564102564103 4730.256410256411 4072.307692307693 3937.9487179487182 4316.410256410257 4622.051282051282 4398.974358974359 1613.0 1712.0 8.21 8.03815746307373 0.0 0.0 0.0 0.0  1  0  0  0  0  0  0  0  0  0  0  0  0  0 
8218 40.0 0.0 0.0 4310.769230769231 4076.9230769230776 4390.769230769231 4497.435897435898 4483.076923076924 4712.307692307693 4434.358974358975 4382.051282051282 4734.358974358975 4075.3846153846157 3938.461538461539 4318.461538461539 4626.666666666667 4401.025641025642 1613.0 1711.0 8.218 8.03815746307373 0.0 0.0 0.0 0.0  1  0  0  0  0  0  0  0  0  0  0  0  0  0 
8225 41.0 0.0 0.0 4305.128205128206 4082.0512820512827 4398.461538461539 4490.769230769231 4478.461538461539 4707.6923076923085 4433.846153846154 4381.025641025642 4736.410256410257 4072.820512820513 3941.538461538462 4323.076923076924 4630.256410256411 4405.128205128206 1613.0 1713.0 8.225 8.03815746307373 0.0 0.0 0.0 0.0  1  0  0  0  0  0  0  0  0  0  0  0  0  0 
8233 42.0 0.0 0.0 4265.128205128206 4073.8461538461543 4353.333333333334 4492.820512820514 4509.743589743591 4750.256410256411 4460.000000000001 4390.256410256411 4720.512820512821 4060.0000000000005 3921.0256410256416 4287.179487179487 4582.564102564103 4374.358974358975 1614.0 1711.0 8.233 8.03815746307373 0.0 0.0 0.0 0.0  1  0  0  0  0  0  0  0  0  0  0  0  0  0 
8241 43.0 0.0 0.0 4352.307692307693 4085.1282051282055 4410.769230769231 4497.948717948719 4470.256410256411 4696.410256410257 4443.589743589744 4382.564102564103 4738.974358974359 4075.3846153846157 3952.307692307693 4338.974358974359 4646.666666666667 4415.384615384616 1613.0 1712.0 8.241 8.03815746307373 0.0 0.0 0.0 0.0  1  0  0  0  0  0  0  0  0  0  0  0  0  0 
8249 44.0 0.0 0.0 4308.205128205129 4077.435897435898 4401.538461538462 4503.076923076924 4474.358974358975 4699.48717948718 4440.000000000001 4380.000000000001 4733.333333333334 4075.3846153846157 3950.2564102564106 4332.820512820514 4633.333333333334 4407.6923076923085 1614.0 1712.0 8.249 8.03815746307373 0.0 0.0 0.0 0.0  1  0  0  0  0  0  0  0  0  0  0  0  0  0 
8257 45.0 0.0 0.0 4190.769230769231 4046.666666666667 4264.102564102564 4501.025641025642 4581.538461538462 4857.948717948719 4480.512820512821 4401.025641025642 4665.641025641026 4038.461538461539 3863.589743589744 4201.025641025642 4447.179487179487 4286.153846153847 1613.0 1712.0 8.257 8.03815746307373 0.0 0.0 0.0 0.0  1  0  0  0  0  0  0  0  0  0  0  0  0  0 
8265 46.0 0.0 0.0 4361.538461538462 4052.307692307693 4296.923076923077 4501.538461538462 4567.179487179488 4845.641025641026 4463.076923076924 4401.538461538462 4676.410256410257 4045.1282051282055 3870.2564102564106 4224.102564102564 4475.384615384616 4300.512820512821 1613.0 1712.0 8.265 8.03815746307373 0.0 0.0 0.0 0.0  1  0  0  0  0  0  0  0  0  0  0  0  0  0 
8272 47.0 0.0 0.0 4579.48717948718 4082.0512820512827 4432.307692307693 4510.769230769231 4468.717948717949 4697.948717948719 4411.282051282052 4380.000000000001 4734.358974358975 4075.3846153846157 3945.6410256410263 4347.179487179487 4642.564102564103 4410.256410256411 1613.0 1712.0 8.272 8.03815746307373 0.0 0.0 0.0 0.0  1  0  0  0  0  0  0  0  0  0  0  0  0  0 
8280 48.0 0.0 0.0 4545.128205128206 4081.0256410256416 4434.871794871796 4515.8974358974365 4463.589743589744 4680.512820512821 4410.256410256411 4374.358974358975 4739.48717948718 4074.8717948717954 3950.2564102564106 4351.794871794872 4652.820512820514 4420.512820512821 1613.0 1712.0 8.28 8.03815746307373 0.0 0.0 0.0 0.0  1  0  0  0  0  0  0  0  0  0  0  0  0  0 
8288 49.0 0.0 0.0 4463.076923076924 4064.1025641025644 4372.307692307693 4512.820512820514 4513.333333333334 4755.384615384616 4431.794871794872 4386.153846153847 4710.769230769231 4057.9487179487182 3911.7948717948725 4294.871794871796 4568.205128205129 4368.205128205129 1613.0 1712.0 8.288 8.03815746307373 0.0 0.0 0.0 0.0  1  0  0  0  0  0  0  0  0  0  0  0  0  0 
8296 50.0 0.0 0.0 4535.384615384616 4073.8461538461543 4427.179487179487 4511.282051282052 4475.8974358974365 4707.179487179488 4413.846153846154 4380.512820512821 4733.333333333334 4070.7692307692314 3944.615384615385 4347.179487179487 4631.282051282052 4410.769230769231 1613.0 1712.0 8.296 8.03815746307373 0.0 0.0 0.0 0.0  1  0  0  0  0  0  0  0  0  0  0  0  0  0 
8304 51.0 0.0 0.0 4496.410256410257 4070.2564102564106 4416.410256410257 4513.333333333334 4486.153846153847 4712.307692307693 4426.153846153847 4380.000000000001 4728.205128205129 4068.717948717949 3941.538461538462 4338.974358974359 4622.564102564103 4406.153846153847 1613.0 1711.0 8.304 8.03815746307373 0.0 0.0 0.0 0.0  1  0  0  0  0  0  0  0  0  0  0  0  0  0 
8311 52.0 0.0 0.0 4480.000000000001 4068.205128205129 4407.6923076923085 4508.205128205129 4499.48717948718 4730.256410256411 4425.128205128206 4385.128205128206 4721.025641025642 4066.1538461538466 3931.2820512820517 4325.641025641026 4602.564102564103 4393.846153846154 1612.0 1713.0 8.311 8.03815746307373 0.0 0.0 0.0 0.0  1  0  0  0  0  0  0  0  0  0  0  0  0  0 
8319 53.0 0.0 0.0 4489.2307692307695 4069.7435897435903 4412.307692307693 4508.205128205129 4493.333333333334 4722.051282051282 4417.948717948719 4386.153846153847 4727.179487179488 4070.2564102564106 3935.8974358974365 4326.666666666667 4611.794871794872 4397.948717948719 1613.0 1711.0 8.319 8.03815746307373 0.0 0.0 0.0 0.0  1  0  0  0  0  0  0  0  0  0  0  0  0  0 
8327 54.0 0.0 0.0 4484.102564102564 4072.307692307693 4391.282051282052 4512.307692307693 4495.8974358974365 4733.846153846154 4423.076923076924 4382.051282051282 4722.051282051282 4067.692307692308 3930.2564102564106 4314.358974358975 4603.076923076924 4387.6923076923085 1612.0 1712.0 8.327 8.03815746307373 0.0 0.0 0.0 0.0  1  0  0  0  0  0  0  0  0  0  0  0  0  0 
8335 55.0 0.0 0.0 4489.2307692307695 4073.8461538461543 4381.025641025642 4515.8974358974365 4496.923076923077 4734.871794871796 4415.384615384616 4380.512820512821 4725.641025641026 4066.666666666667 3927.692307692308 4315.8974358974365 4607.179487179488 4388.205128205129 1614.0 1712.0 8.335 8.03815746307373 0.0 0.0 0.0 0.0  1  0  0  0  0  0  0  0  0  0  0  0  0  0 
8343 56.0 0.0 0.0 4491.282051282052 4070.7692307692314 4386.153846153847 4515.8974358974365 4499.48717948718 4734.358974358975 4408.205128205129 4384.615384615385 4724.615384615386 4066.1538461538466 3926.1538461538466 4315.384615384616 4603.589743589744 4386.153846153847 1613.0 1711.0 8.343 8.03815746307373 0.0 0.0 0.0 0.0  1  0  0  0  0  0  0  0  0  0  0  0  0  0 
8351 57.0 0.0 0.0 4484.102564102564 4070.7692307692314 4387.6923076923085 4507.6923076923085 4500.512820512821 4736.410256410257 4410.769230769231 4388.717948717949 4725.641025641026 4066.666666666667 3924.615384615385 4304.102564102564 4600.000000000001 4380.000000000001 1614.0 1713.0 8.351 8.03815746307373 0.0 0.0 0.0 0.0  1  0  0  0  0  0  0  0  0  0  0  0  0  0 
8358 58.0 0.0 0.0 4482.564102564103 4073.333333333334 4386.666666666667 4505.128205128206 4502.051282051282 4741.025641025642 4415.384615384616 4387.6923076923085 4723.589743589744 4067.692307692308 3924.615384615385 4306.153846153847 4601.538461538462 4383.076923076924 1613.0 1711.0 8.358 8.03815746307373 0.0 0.0 0.0 0.0  1  0  0  0  0  0  0  0  0  0  0  0  0  0 
8366 59.0 0.0 0.0 4470.769230769231 4065.6410256410263 4368.717948717949 4507.6923076923085 4507.6923076923085 4747.6923076923085 4418.974358974359 4387.6923076923085 4723.589743589744 4069.23076923077 3918.9743589743593 4303.076923076924 4595.8974358974365 4386.153846153847 1612.0 1712.0 8.366 8.03815746307373 0.0 0.0 0.0 0.0  1  0  0  0  0  0  0  0  0  0  0  0  0  0 
8374 60.0 0.0 0.0 4466.153846153847 4068.717948717949 4364.102564102564 4507.179487179488 4506.153846153847 4747.179487179488 4424.102564102564 4387.6923076923085 4721.538461538462 4070.2564102564106 3917.9487179487182 4299.48717948718 4594.871794871796 4385.128205128206 1613.0 1711.0 8.374 8.03815746307373 0.0 0.0 0.0 0.0  1  0  0  0  0  0  0  0  0  0  0  0  0  0 
8382 61.0 0.0 0.0 4447.179487179487 4077.9487179487187 4358.461538461539 4503.589743589744 4509.2307692307695 4752.307692307693 4432.820512820514 4392.820512820514 4722.051282051282 4067.1794871794878 3917.435897435898 4290.256410256411 4591.794871794872 4377.435897435898 1614.0 1712.0 8.382 8.03815746307373 0.0 0.0 0.0 0.0  1  0  0  0  0  0  0  0  0  0  0  0  0  0 
8390 62.0 0.0 0.0 4447.179487179487 4077.435897435898 4365.128205128206 4505.128205128206 4511.282051282052 4751.282051282052 4432.820512820514 4393.846153846154 4721.538461538462 4066.1538461538466 3918.9743589743593 4292.820512820514 4591.282051282052 4380.000000000001 1613.0 1711.0 8.39 8.03815746307373 0.0 0.0 0.0 0.0  1  0  0  0  0  0  0  0  0  0  0  0  0  0 
8397 63.0 0.0 0.0 4452.307692307693 4069.7435897435903 4367.179487179487 4505.128205128206 4509.743589743591 4750.256410256411 4423.076923076924 4392.307692307693 4720.000000000001 4067.1794871794878 3917.9487179487182 4292.820512820514 4589.2307692307695 4381.538461538462 1614.0 1712.0 8.397 8.03815746307373 0.0 0.0 0.0 0.0  1  0  0  0  0  0  0  0  0  0  0  0  0  0 
8405 64.0 0.0 0.0 4466.666666666667 4073.333333333334 4375.384615384616 4501.538461538462 4502.051282051282 4744.102564102564 4410.256410256411 4389.2307692307695 4720.512820512821 4067.692307692308 3920.0000000000005 4297.435897435898 4594.358974358975 4381.025641025642 1614.0 1711.0 8.405 8.03815746307373 0.0 0.0 0.0 0.0  1  0  0  0  0  0  0  0  0  0  0  0  0  0 
8413 65.0 0.0 0.0 4481.025641025642 4071.2820512820517 4381.025641025642 4503.076923076924 4498.974358974359 4739.48717948718 4408.717948717949 4386.666666666667 4724.102564102564 4068.717948717949 3921.538461538462 4304.615384615385 4598.974358974359 4381.025641025642 1613.0 1712.0 8.413 8.03815746307373 0.0 0.0 0.0 0.0  1  0  0  0  0  0  0  0  0  0  0  0  0  0 
8421 66.0 0.0 0.0 4496.410256410257 4067.692307692308 4382.051282051282 4509.743589743591 4498.974358974359 4732.820512820514 4411.282051282052 4384.102564102564 4724.615384615386 4069.23076923077 3926.1538461538466 4309.2307692307695 4602.564102564103 4384.102564102564 1614.0 1712.0 8.421 8.03815746307373 0.0 0.0 0.0 0.0  1  0  0  0  0  0  0  0  0  0  0  0  0  0 
8429 67.0 0.0 0.0 4503.076923076924 4073.333333333334 4380.512820512821 4514.871794871796 4496.923076923077 4727.6923076923085 4405.128205128206 4384.615384615385 4723.076923076924 4067.1794871794878 3931.7948717948725 4309.743589743591 4607.179487179488 4389.2307692307695 1613.0 1711.0 8.429 8.03815746307373 0.0 0.0 0.0 0.0  1  0  0  0  0  0  0  0  0  0  0  0  0  0 
8437 68.0 0.0 0.0 4488.717948717949 4075.3846153846157 4377.948717948719 4513.333333333334 4498.974358974359 4733.333333333334 4401.538461538462 4388.717948717949 4721.025641025642 4066.1538461538466 3927.1794871794878 4306.666666666667 4601.538461538462 4385.641025641026 1613.0 1712.0 8.437 8.03815746307373 0.0 0.0 0.0 0.0  1  0  0  0  0  0  0  0  0  0  0  0  0  0 
8444 69.0 0.0 0.0 4484.102564102564 4071.7948717948725 4384.102564102564 4510.256410256411 4500.512820512821 4736.410256410257 4408.205128205129 4388.205128205129 4720.000000000001 4066.1538461538466 3923.076923076924 4309.743589743591 4596.410256410257 4381.538461538462 1614.0 1711.0 8.444 8.03815746307373 0.0 0.0 0.0 0.0  1  0  0  0  0  0  0  0  0  0  0  0  0  0 
8452 70.0 0.0 0.0 4518.461538461539 4074.358974358975 4415.8974358974365 4509.743589743591 4482.051282051282 4706.666666666667 4408.717948717949 4382.051282051282 4733.333333333334 4072.307692307693 3941.538461538462 4334.358974358975 4629.743589743591 4403.589743589744 1613.0 1713.0 8.452 8.03815746307373 0.0 0.0 0.0 0.0  1  0  0  0  0  0  0  0  0  0  0  0  0  0 
8460 71.0 0.0 0.0 4485.641025641026 4066.666666666667 4392.820512820514 4512.307692307693 4504.102564102564 4733.333333333334 4427.179487179487 4382.564102564103 4720.000000000001 4065.6410256410263 3928.717948717949 4312.307692307693 4598.974358974359 4386.666666666667 1613.0 1711.0 8.46 8.03815746307373 0.0 0.0 0.0 0.0  1  0  0  0  0  0  0  0  0  0  0  0  0  0 
8468 72.0 0.0 0.0 4474.871794871796 4067.1794871794878 4385.641025641026 4504.615384615385 4503.589743589744 4742.051282051282 4423.589743589744 4386.666666666667 4720.512820512821 4066.666666666667 3921.538461538462 4305.128205128206 4593.846153846154 4384.102564102564 1613.0 1712.0 8.468 8.03815746307373 0.0 0.0 0.0 0.0  1  0  0  0  0  0  0  0  0  0  0  0  0  0 
8482 73.0 0.0 0.0 4627.6923076923085 4097.948717948719 4510.769230769231 4503.076923076924 4413.333333333334 4615.8974358974365 4371.794871794872 4369.2307692307695 4770.769230769231 4093.8461538461543 3990.7692307692314 4415.8974358974365 4738.974358974359 4475.8974358974365 1614.0 1711.0 8.482 8.03815746307373 0.0 0.0 0.0 0.0  1  0  0  0  0  0  0  0  0  0  0  0  0  0 
8483 74.0 0.0 0.0 4719.48717948718 4117.948717948719 4603.589743589744 4514.358974358975 4339.48717948718 4498.974358974359 4337.948717948719 4351.794871794872 4817.435897435898 4117.435897435898 4053.8461538461543 4508.717948717949 4867.6923076923085 4553.333333333334 1613.0 1712.0 8.483 8.03815746307373 0.0 0.0 0.0 0.0  1  0  0  0  0  0  0  0  0  0  0  0  0  0 
8491 75.0 0.0 0.0 4509.2307692307695 4094.358974358975 4510.256410256411 4524.102564102564 4396.410256410257 4575.384615384616 4383.076923076924 4360.512820512821 4780.512820512821 4098.461538461539 4009.7435897435903 4438.461538461539 4771.282051282052 4490.769230769231 1614.0 1711.0 8.491 8.03815746307373 0.0 0.0 0.0 0.0  1  0  0  0  0  0  0  0  0  0  0  0  0  0 
8499 76.0 0.0 0.0 4276.410256410257 4069.7435897435903 4374.358974358975 4512.307692307693 4488.717948717949 4718.974358974359 4434.871794871796 4383.589743589744 4722.564102564103 4066.666666666667 3932.820512820513 4313.333333333334 4605.641025641026 4388.205128205129 1613.0 1711.0 8.499 8.03815746307373 0.0 0.0 0.0 0.0  1  0  0  0  0  0  0  0  0  0  0  0  0  0 
8507 77.0 0.0 0.0 4303.589743589744 4076.410256410257 4394.358974358975 4502.051282051282 4483.076923076924 4718.461538461539 4428.717948717949 4382.051282051282 4723.589743589744 4069.7435897435903 3937.435897435898 4323.076923076924 4610.769230769231 4394.358974358975 1614.0 1712.0 8.507 8.03815746307373 0.0 0.0 0.0 0.0  1  0  0  0  0  0  0  0  0  0  0  0  0  0 
8515 78.0 0.0 0.0 4327.179487179487 4075.3846153846157 4398.974358974359 4503.589743589744 4475.8974358974365 4708.205128205129 4430.256410256411 4381.025641025642 4729.743589743591 4076.9230769230776 3944.615384615385 4332.307692307693 4624.615384615385 4399.48717948718 1613.0 1711.0 8.515 8.03815746307373 0.0 0.0 0.0 0.0  1  0  0  0  0  0  0  0  0  0  0  0  0  0 
8523 79.0 0.0 0.0 4305.641025641026 4075.3846153846157 4388.717948717949 4504.102564102564 4478.974358974359 4710.256410256411 4440.000000000001 4382.051282051282 4729.743589743591 4076.410256410257 3942.564102564103 4327.6923076923085 4619.48717948718 4395.384615384616 1614.0 1712.0 8.523 8.03815746307373 0.0 0.0 0.0 0.0  1  0  0  0  0  0  0  0  0  0  0  0  0  0 
8530 80.0 0.0 0.0 4283.589743589744 4076.410256410257 4370.256410256411 4500.512820512821 4494.871794871796 4731.282051282052 4446.666666666667 4386.153846153847 4720.512820512821 4066.1538461538466 3929.7435897435903 4307.179487179487 4593.846153846154 4382.564102564103 1614.0 1711.0 8.53 8.03815746307373 0.0 0.0 0.0 0.0  1  0  0  0  0  0  0  0  0  0  0  0  0  0 
8538 81.0 0.0 0.0 4320.512820512821 4078.461538461539 4393.333333333334 4497.948717948719 4481.538461538462 4715.384615384616 4431.794871794872 4383.076923076924 4729.2307692307695 4069.7435897435903 3941.0256410256416 4322.564102564103 4616.410256410257 4395.384615384616 1613.0 1713.0 8.538 8.03815746307373 0.0 0.0 0.0 0.0  1  0  0  0  0  0  0  0  0  0  0  0  0  0 
8546 82.0 0.0 0.0 4316.923076923077 4074.358974358975 4390.769230769231 4499.48717948718 4483.076923076924 4716.410256410257 4433.846153846154 4383.076923076924 4729.743589743591 4072.820512820513 3940.5128205128212 4320.512820512821 4618.461538461539 4391.794871794872 1613.0 1711.0 8.546 8.03815746307373 0.0 0.0 0.0 0.0  1  0  0  0  0  0  0  0  0  0  0  0  0  0 
8554 83.0 0.0 0.0 4319.48717948718 4079.48717948718 4386.666666666667 4498.461538461539 4485.128205128206 4714.871794871796 4436.410256410257 4383.076923076924 4727.179487179488 4072.307692307693 3936.410256410257 4318.974358974359 4617.948717948719 4393.846153846154 1613.0 1712.0 8.554 8.50731086730957 0.0 0.0 0.0 0.0  1  0  0  0  0  0  0  0  0  0  0  0  0  0 
8562 84.0 0.0 0.0 4322.564102564103 4079.48717948718 4388.717948717949 4501.025641025642 4484.102564102564 4713.846153846154 4427.6923076923085 4382.051282051282 4726.666666666667 4071.2820512820517 3937.9487179487182 4323.076923076924 4615.8974358974365 4397.948717948719 1614.0 1712.0 8.562 8.50731086730957 0.0 0.0 0.0 0.0  1  0  0  0  0  0  0  0  0  0  0  0  0  0 
8570 85.0 0.0 0.0 4322.051282051282 4073.8461538461543 4388.205128205129 4500.000000000001 4486.153846153847 4717.948717948719 4422.564102564103 4382.051282051282 4728.717948717949 4073.8461538461543 3938.9743589743593 4318.461538461539 4611.794871794872 4394.871794871796 1614.0 1712.0 8.57 8.50731086730957 0.0 0.0 0.0 0.0  1  0  0  0  0  0  0  0  0  0  0  0  0  0 
8577 86.0 0.0 0.0 4326.153846153847 4077.435897435898 4396.410256410257 4497.435897435898 4480.512820512821 4712.307692307693 4425.641025641026 4381.538461538462 4729.743589743591 4074.358974358975 3941.0256410256416 4322.051282051282 4618.974358974359 4397.435897435898 1614.0 1712.0 8.577 8.50731086730957 0.0 0.0 0.0 0.0  1  0  0  0  0  0  0  0  0  0  0  0  0  0 
8585 87.0 0.0 0.0 4312.820512820514 4079.48717948718 4388.717948717949 4496.923076923077 4483.589743589744 4716.923076923077 4424.102564102564 4385.128205128206 4727.179487179488 4069.7435897435903 3936.9230769230776 4317.435897435898 4611.794871794872 4395.8974358974365 1613.0 1712.0 8.585 8.53858757019043 0.0 0.0 0.0 0.0  1  0  0  0  0  0  0  0  0  0  0  0  0  0 
8593 88.0 0.0 0.0 4317.948717948719 4077.9487179487187 4392.820512820514 4497.948717948719 4485.641025641026 4714.871794871796 4417.948717948719 4384.615384615385 4727.179487179488 4071.2820512820517 3942.0512820512827 4323.076923076924 4616.410256410257 4399.48717948718 1613.0 1712.0 8.593 8.53858757019043 0.0 0.0 0.0 0.0  1  0  0  0  0  0  0  0  0  0  0  0  0  0 
8601 89.0 0.0 0.0 4307.6923076923085 4075.8974358974365 4388.717948717949 4497.435897435898 4488.205128205129 4716.410256410257 4428.205128205129 4383.589743589744 4727.6923076923085 4074.358974358975 3939.48717948718 4320.000000000001 4614.358974358975 4394.871794871796 1613.0 1712.0 8.601 8.53858757019043 0.0 0.0 0.0 0.0  1  0  0  0  0  0  0  0  0  0  0  0  0  0 
8609 90.0 0.0 0.0 4312.307692307693 4080.0000000000005 4400.000000000001 4498.461538461539 4482.051282051282 4713.846153846154 4432.820512820514 4381.025641025642 4726.666666666667 4072.307692307693 3940.0000000000005 4325.641025641026 4613.333333333334 4395.384615384616 1614.0 1711.0 8.609 8.53858757019043 0.0 0.0 0.0 0.0  1  0  0  0  0  0  0  0  0  0  0  0  0  0 
8616 91.0 0.0 0.0 4305.641025641026 4077.435897435898 4394.358974358975 4501.538461538462 4486.666666666667 4718.974358974359 4427.6923076923085 4383.589743589744 4726.153846153847 4070.7692307692314 3937.9487179487182 4320.000000000001 4608.205128205129 4392.307692307693 1613.0 1712.0 8.616 8.53858757019043 0.0 0.0 0.0 0.0  1  0  0  0  0  0  0  0  0  0  0  0  0  0 
8624 92.0 0.0 0.0 4314.871794871796 4077.435897435898 4395.384615384616 4501.538461538462 4485.641025641026 4716.923076923077 4424.102564102564 4382.564102564103 4726.666666666667 4072.820512820513 3938.9743589743593 4322.051282051282 4616.923076923077 4394.358974358975 1614.0 1711.0 8.624 8.53858757019043 0.0 0.0 0.0 0.0  1  0  0  0  0  0  0  0  0  0  0  0  0  0 
8632 93.0 0.0 0.0 4317.948717948719 4078.461538461539 4386.666666666667 4498.461538461539 4483.589743589744 4718.974358974359 4431.282051282052 4383.076923076924 4728.205128205129 4072.820512820513 3938.461538461539 4320.512820512821 4616.410256410257 4393.333333333334 1613.0 1712.0 8.632 8.53858757019043 0.0 0.0 0.0 0.0  1  0  0  0  0  0  0  0  0  0  0  0  0  0 
8640 94.0 0.0 0.0 4326.666666666667 4079.48717948718 4383.589743589744 4501.538461538462 4483.589743589744 4715.384615384616 4432.307692307693 4382.051282051282 4726.666666666667 4070.7692307692314 3941.0256410256416 4324.102564102564 4615.8974358974365 4395.8974358974365 1614.0 1712.0 8.64 8.53858757019043 0.0 0.0 0.0 0.0  1  0  0  0  0  0  0  0  0  0  0  0  0  0 
8648 95.0 0.0 0.0 4322.051282051282 4075.8974358974365 4376.410256410257 4502.564102564103 4488.205128205129 4714.358974358975 4433.333333333334 4382.051282051282 4725.641025641026 4069.23076923077 3940.0000000000005 4315.8974358974365 4612.307692307693 4394.358974358975 1613.0 1712.0 8.648 8.53858757019043 0.0 0.0 0.0 0.0  1  0  0  0  0  0  0  0  0  0  0  0  0  0 
8656 96.0 0.0 0.0 4325.128205128206 4076.410256410257 4387.179487179487 4498.974358974359 4482.051282051282 4712.307692307693 4438.974358974359 4381.538461538462 4726.666666666667 4070.2564102564106 3941.0256410256416 4318.974358974359 4615.384615384616 4397.948717948719 1614.0 1712.0 8.656 8.53858757019043 0.0 0.0 0.0 0.0  1  0  0  0  0  0  0  0  0  0  0  0  0  0 
8663 97.0 0.0 0.0 4319.48717948718 4077.9487179487187 4392.820512820514 4498.461538461539 4481.538461538462 4715.8974358974365 4444.615384615385 4385.128205128206 4727.6923076923085 4071.2820512820517 3941.0256410256416 4324.102564102564 4614.871794871796 4400.512820512821 1613.0 1711.0 8.663 8.53858757019043 0.0 0.0 0.0 0.0  1  0  0  0  0  0  0  0  0  0  0  0  0  0 
8671 98.0 0.0 0.0 4314.871794871796 4078.9743589743593 4392.307692307693 4501.025641025642 4484.615384615385 4716.410256410257 4438.461538461539 4383.589743589744 4727.6923076923085 4073.333333333334 3940.5128205128212 4323.589743589744 4613.333333333334 4399.48717948718 1613.0 1713.0 8.671 8.53858757019043 0.0 0.0 0.0 0.0  1  0  0  0  0  0  0  0  0  0  0  0  0  0 
8679 99.0 0.0 0.0 4313.333333333334 4078.461538461539 4391.282051282052 4501.538461538462 4484.615384615385 4715.8974358974365 4429.2307692307695 4380.512820512821 4727.179487179488 4071.7948717948725 3938.9743589743593 4322.051282051282 4613.846153846154 4396.923076923077 1615.0 1711.0 8.679 8.632418632507324 0.0 0.0 0.0 0.0  1  0  0  0  0  0  0  0  0  0  0  0  0  0 
8687 100.0 0.0 0.0 4316.410256410257 4079.48717948718 4391.794871794872 4498.974358974359 4484.615384615385 4715.8974358974365 4430.256410256411 4384.102564102564 4726.666666666667 4069.23076923077 3937.9487179487182 4321.025641025642 4613.333333333334 4395.8974358974365 1613.0 1712.0 8.687 8.632418632507324 0.0 0.0 0.0 0.0  1  0  0  0  0  0  0  0  0  0  0  0  0  0 
8695 101.0 0.0 0.0 4321.538461538462 4080.5128205128212 4394.358974358975 4498.974358974359 4483.076923076924 4714.358974358975 4431.794871794872 4384.102564102564 4727.179487179488 4070.7692307692314 3940.5128205128212 4322.051282051282 4613.333333333334 4398.461538461539 1614.0 1711.0 8.695 8.632418632507324 0.0 0.0 0.0 0.0  1  0  0  0  0  0  0  0  0  0  0  0  0  0 
8702 102.0 0.0 0.0 4316.410256410257 4077.435897435898 4386.153846153847 4497.948717948719 4484.102564102564 4718.461538461539 4435.384615384616 4382.564102564103 4727.179487179488 4071.2820512820517 3938.461538461539 4314.871794871796 4608.717948717949 4394.871794871796 1614.0 1711.0 8.702 8.632418632507324 0.0 0.0 0.0 0.0  1  0  0  0  0  0  0  0  0  0  0  0  0  0 
8710 103.0 0.0 0.0 4328.205128205129 4077.435897435898 4395.8974358974365 4497.435897435898 4480.512820512821 4714.358974358975 4436.923076923077 4380.000000000001 4727.6923076923085 4072.820512820513 3939.48717948718 4324.102564102564 4618.974358974359 4395.8974358974365 1614.0 1712.0 8.71 8.632418632507324 0.0 0.0 0.0 0.0  1  0  0  0  0  0  0  0  0  0  0  0  0  0 
8718 104.0 0.0 0.0 4327.179487179487 4074.8717948717954 4395.8974358974365 4497.435897435898 4482.564102564103 4715.384615384616 4433.846153846154 4382.564102564103 4728.717948717949 4072.820512820513 3938.461538461539 4323.076923076924 4618.461538461539 4395.384615384616 1613.0 1712.0 8.718 8.632418632507324 0.0 0.0 0.0 0.0  1  0  0  0  0  0  0  0  0  0  0  0  0  0 
8726 105.0 0.0 0.0 4324.615384615385 4076.410256410257 4396.923076923077 4497.948717948719 4482.564102564103 4714.871794871796 4424.102564102564 4382.564102564103 4728.205128205129 4071.7948717948725 3938.461538461539 4323.076923076924 4613.333333333334 4398.974358974359 1614.0 1712.0 8.726 8.632418632507324 0.0 0.0 0.0 0.0  1  0  0  0  0  0  0  0  0  0  0  0  0  0 
8734 106.0 0.0 0.0 4310.256410256411 4075.8974358974365 4385.641025641026 4497.435897435898 4485.641025641026 4719.48717948718 4420.512820512821 4384.102564102564 4728.717948717949 4071.2820512820517 3935.8974358974365 4317.948717948719 4609.743589743591 4395.8974358974365 1613.0 1712.0 8.734 8.632418632507324 0.0 0.0 0.0 0.0  1  0  0  0  0  0  0  0  0  0  0  0  0  0 
8742 107.0 0.0 0.0 4323.076923076924 4079.48717948718 4393.846153846154 4500.000000000001 4480.000000000001 4714.358974358975 4411.794871794872 4383.076923076924 4728.205128205129 4074.358974358975 3942.0512820512827 4325.641025641026 4620.000000000001 4398.974358974359 1614.0 1712.0 8.742 8.632418632507324 0.0 0.0 0.0 0.0  1  0  0  0  0  0  0  0  0  0  0  0  0  0 
8749 108.0 0.0 0.0 4317.948717948719 4076.9230769230776 4384.615384615385 4501.538461538462 4482.564102564103 4715.384615384616 4408.205128205129 4383.076923076924 4725.641025641026 4072.820512820513 3941.0256410256416 4320.000000000001 4614.871794871796 4396.923076923077 1613.0 1712.0 8.749 8.632418632507324 0.0 0.0 0.0 0.0  1  0  0  0  0  0  0  0  0  0  0  0  0  0 
8757 109.0 0.0 0.0 4318.974358974359 4077.435897435898 4384.102564102564 4500.512820512821 4483.076923076924 4713.333333333334 4414.871794871796 4380.512820512821 4725.128205128206 4071.2820512820517 3937.435897435898 4321.538461538462 4612.820512820514 4395.8974358974365 1614.0 1713.0 8.757 8.632418632507324 0.0 0.0 0.0 0.0  1  0  0  0  0  0  0  0  0  0  0  0  0  0 
8765 110.0 0.0 0.0 4318.974358974359 4078.461538461539 4385.128205128206 4500.000000000001 4485.641025641026 4712.307692307693 4427.179487179487 4380.512820512821 4729.743589743591 4073.333333333334 3937.9487179487182 4320.000000000001 4615.8974358974365 4391.794871794872 1614.0 1711.0 8.765 8.632418632507324 0.0 0.0 0.0 0.0  1  0  0  0  0  0  0  0  0  0  0  0  0  0 
8773 111.0 0.0 0.0 4324.615384615385 4078.461538461539 4391.794871794872 4500.000000000001 4483.589743589744 4711.794871794872 4425.641025641026 4380.512820512821 4726.666666666667 4072.820512820513 3942.564102564103 4321.025641025642 4616.410256410257 4391.282051282052 1612.0 1712.0 8.773 8.632418632507324 0.0 0.0 0.0 0.0  1  0  0  0  0  0  0  0  0  0  0  0  0  0 
8781 112.0 0.0 0.0 4322.051282051282 4076.410256410257 4388.717948717949 4500.512820512821 4484.615384615385 4714.871794871796 4424.615384615385 4379.48717948718 4725.128205128206 4066.666666666667 3941.538461538462 4318.974358974359 4611.282051282052 4392.307692307693 1615.0 1711.0 8.781 8.632418632507324 0.0 0.0 0.0 0.0  1  0  0  0  0  0  0  0  0  0  0  0  0  0 
8788 113.0 0.0 0.0 4323.589743589744 4079.48717948718 4390.256410256411 4501.025641025642 4483.076923076924 4712.307692307693 4426.666666666667 4380.000000000001 4728.205128205129 4066.1538461538466 3941.0256410256416 4322.564102564103 4615.384615384616 4395.8974358974365 1613.0 1711.0 8.788 8.632418632507324 0.0 0.0 0.0 0.0  1  0  0  0  0  0  0  0  0  0  0  0  0  0 
8796 114.0 0.0 0.0 4312.307692307693 4080.5128205128212 4391.282051282052 4499.48717948718 4483.589743589744 4713.333333333334 4420.512820512821 4382.564102564103 4728.717948717949 4072.307692307693 3941.538461538462 4322.051282051282 4615.8974358974365 4395.384615384616 1614.0 1712.0 8.796 8.632418632507324 0.0 0.0 0.0 0.0  1  0  0  0  0  0  0  0  0  0  0  0  0  0 
8804 115.0 0.0 0.0 4305.641025641026 4077.9487179487187 4395.8974358974365 4495.8974358974365 4484.615384615385 4715.384615384616 4409.743589743591 4381.538461538462 4726.153846153847 4074.8717948717954 3941.538461538462 4323.076923076924 4609.743589743591 4394.358974358975 1613.0 1711.0 8.804 8.757526397705078 0.0 0.0 0.0 0.0  1  0  0  0  0  0  0  0  0  0  0  0  0  0 
8812 116.0 0.0 0.0 4310.256410256411 4075.3846153846157 4399.48717948718 4496.923076923077 4484.102564102564 4714.358974358975 4409.743589743591 4381.025641025642 4726.153846153847 4071.7948717948725 3941.538461538462 4326.153846153847 4611.794871794872 4395.384615384616 1613.0 1711.0 8.812 8.757526397705078 0.0 0.0 0.0 0.0  1  0  0  0  0  0  0  0  0  0  0  0  0  0 
8820 117.0 0.0 0.0 4309.743589743591 4075.8974358974365 4393.333333333334 4498.461538461539 4485.641025641026 4714.871794871796 4418.974358974359 4384.615384615385 4729.2307692307695 4071.2820512820517 3941.0256410256416 4323.589743589744 4616.410256410257 4396.923076923077 1613.0 1712.0 8.82 8.757526397705078 0.0 0.0 0.0 0.0  1  0  0  0  0  0  0  0  0  0  0  0  0  0 
8828 118.0 0.0 0.0 4312.307692307693 4078.461538461539 4391.282051282052 4500.000000000001 4487.6923076923085 4715.8974358974365 4418.461538461539 4382.564102564103 4727.6923076923085 4071.2820512820517 3940.5128205128212 4326.153846153847 4614.871794871796 4397.435897435898 1614.0 1712.0 8.828 8.757526397705078 0.0 0.0 0.0 0.0  1  0  0  0  0  0  0  0  0  0  0  0  0  0 
8835 119.0 0.0 0.0 4315.8974358974365 4078.9743589743593 4388.205128205129 4500.000000000001 4488.205128205129 4715.384615384616 4412.820512820514 4381.025641025642 4726.153846153847 4069.23076923077 3936.410256410257 4323.076923076924 4610.256410256411 4393.333333333334 1613.0 1711.0 8.835 8.757526397705078 0.0 0.0 0.0 0.0  1  0  0  0  0  0  0  0  0  0  0  0  0  0 
8843 120.0 0.0 0.0 4327.179487179487 4078.461538461539 4393.333333333334 4501.538461538462 4482.564102564103 4710.769230769231 4410.256410256411 4380.000000000001 4725.641025641026 4068.205128205129 3937.9487179487182 4325.641025641026 4617.435897435898 4395.384615384616 1613.0 1713.0 8.843 8.757526397705078 0.0 0.0 0.0 0.0  1  0  0  0  0  0  0  0  0  0  0  0  0  0 
8851 121.0 0.0 0.0 4327.179487179487 4076.9230769230776 4387.6923076923085 4501.025641025642 4481.538461538462 4712.820512820514 4415.8974358974365 4382.051282051282 4729.2307692307695 4069.7435897435903 3939.48717948718 4323.589743589744 4620.000000000001 4396.923076923077 1614.0 1711.0 8.851 8.757526397705078 0.0 0.0 0.0 0.0  1  0  0  0  0  0  0  0  0  0  0  0  0  0 
8859 122.0 0.0 0.0 4327.6923076923085 4078.9743589743593 4394.358974358975 4500.000000000001 4478.461538461539 4708.717948717949 4418.461538461539 4380.512820512821 4730.256410256411 4073.333333333334 3944.1025641025644 4329.2307692307695 4622.564102564103 4401.538461538462 1613.0 1712.0 8.859 8.757526397705078 0.0 0.0 0.0 0.0  1  0  0  0  0  0  0  0  0  0  0  0  0  0 
8867 123.0 0.0 0.0 4297.435897435898 4070.7692307692314 4370.769230769231 4497.435897435898 4497.435897435898 4735.8974358974365 4423.076923076924 4386.666666666667 4717.435897435898 4066.666666666667 3926.666666666667 4302.564102564103 4587.6923076923085 4380.000000000001 1614.0 1712.0 8.867 8.757526397705078 0.0 0.0 0.0 0.0  1  0  0  0  0  0  0  0  0  0  0  0  0  0 
8874 124.0 0.0 0.0 4358.974358974359 4081.0256410256416 4426.666666666667 4495.8974358974365 4466.666666666667 4691.794871794872 4406.666666666667 4378.461538461539 4735.8974358974365 4074.8717948717954 3950.2564102564106 4346.666666666667 4643.076923076924 4414.871794871796 1613.0 1712.0 8.874 8.757526397705078 0.0 0.0 0.0 0.0  1  0  0  0  0  0  0  0  0  0  0  0  0  0 
8882 125.0 0.0 0.0 4298.461538461539 4072.820512820513 4401.025641025642 4500.512820512821 4485.128205128206 4709.743589743591 4432.820512820514 4379.48717948718 4729.743589743591 4071.2820512820517 3944.615384615385 4332.820512820514 4622.051282051282 4399.48717948718 1614.0 1712.0 8.882 8.757526397705078 0.0 0.0 0.0 0.0  1  0  0  0  0  0  0  0  0  0  0  0  0  0 
8890 126.0 0.0 0.0 4262.564102564103 4057.9487179487182 4318.461538461539 4498.974358974359 4545.128205128206 4804.102564102564 4468.717948717949 4393.333333333334 4686.666666666667 4049.7435897435903 3896.410256410257 4252.820512820514 4510.256410256411 4330.769230769231 1613.0 1712.0 8.89 8.757526397705078 0.0 0.0 0.0 0.0  1  0  0  0  0  0  0  0  0  0  0  0  0  0 
8898 127.0 0.0 0.0 4465.641025641026 4072.307692307693 4389.2307692307695 4498.461538461539 4501.025641025642 4748.205128205129 4435.8974358974365 4385.641025641026 4715.384615384616 4061.538461538462 3924.615384615385 4303.589743589744 4583.076923076924 4380.000000000001 1614.0 1713.0 8.898 8.757526397705078 0.0 0.0 0.0 0.0  1  0  0  0  0  0  0  0  0  0  0  0  0  0 
8906 128.0 0.0 0.0 4588.205128205129 4086.1538461538466 4465.128205128206 4508.717948717949 4451.282051282052 4669.2307692307695 4405.641025641026 4372.820512820514 4751.794871794872 4079.48717948718 3962.564102564103 4373.846153846154 4676.923076923077 4435.8974358974365 1613.0 1711.0 8.906 8.757526397705078 0.0 0.0 0.0 0.0  1  0  0  0  0  0  0  0  0  0  0  0  0  0 
8914 0.0 0.0 0.0 4498.974358974359 4075.8974358974365 4415.8974358974365 4515.8974358974365 4481.538461538462 4707.6923076923085 4424.615384615385 4380.512820512821 4731.794871794872 4072.820512820513 3943.076923076924 4336.923076923077 4627.6923076923085 4401.538461538462 1613.0 1712.0 8.914 8.757526397705078 0.0 0.0 0.0 0.0  1  0  0  0  0  0  0  0  0  0  0  0  0  0 
8921 1.0 0.0 0.0 4463.589743589744 4067.692307692308 4368.717948717949 4513.333333333334 4511.794871794872 4757.948717948719 4442.051282051282 4390.256410256411 4706.666666666667 4059.48717948718 3917.435897435898 4292.820512820514 4570.256410256411 4366.666666666667 1613.0 1711.0 8.921 8.757526397705078 0.0 0.0 0.0 0.0  1  0  0  0  0  0  0  0  0  0  0  0  0  0 
8929 2.0 0.0 0.0 4549.2307692307695 4076.410256410257 4430.256410256411 4512.307692307693 4471.282051282052 4700.512820512821 4422.564102564103 4380.000000000001 4736.410256410257 4068.717948717949 3945.1282051282055 4344.102564102564 4642.564102564103 4415.384615384616 1613.0 1713.0 8.929 8.882633209228516 0.0 0.0 0.0 0.0  1  0  0  0  0  0  0  0  0  0  0  0  0  0 
8937 3.0 0.0 0.0 4496.923076923077 4069.23076923077 4405.641025641026 4514.871794871796 4493.333333333334 4723.589743589744 4437.435897435898 4382.564102564103 4726.666666666667 4064.1025641025644 3931.2820512820517 4321.025641025642 4609.743589743591 4394.871794871796 1614.0 1711.0 8.937 8.882633209228516 0.0 0.0 0.0 0.0  1  0  0  0  0  0  0  0  0  0  0  0  0  0 
8945 4.0 0.0 0.0 4497.435897435898 4072.307692307693 4402.051282051282 4511.794871794872 4494.358974358975 4732.307692307693 4437.435897435898 4384.615384615385 4721.025641025642 4068.205128205129 3928.717948717949 4317.435897435898 4603.076923076924 4389.2307692307695 1612.0 1712.0 8.945 8.882633209228516 0.0 0.0 0.0 0.0  1  0  0  0  0  0  0  0  0  0  0  0  0  0 
8953 5.0 0.0 0.0 4516.410256410257 4073.333333333334 4432.820512820514 4513.333333333334 4471.794871794872 4698.974358974359 4428.205128205129 4379.48717948718 4736.923076923077 4076.9230769230776 3946.1538461538466 4349.743589743591 4645.128205128206 4414.871794871796 1613.0 1711.0 8.953 8.882633209228516 0.0 0.0 0.0 0.0  1  0  0  0  0  0  0  0  0  0  0  0  0  0 
8961 6.0 0.0 0.0 4458.974358974359 4062.0512820512827 4380.512820512821 4514.358974358975 4510.769230769231 4752.820512820514 4450.256410256411 4386.153846153847 4711.794871794872 4061.538461538462 3916.410256410257 4302.564102564103 4572.820512820514 4372.307692307693 1612.0 1711.0 8.961 8.882633209228516 0.0 0.0 0.0 0.0  1  0  0  0  0  0  0  0  0  0  0  0  0  0 
8968 7.0 0.0 0.0 4490.769230769231 4077.435897435898 4407.179487179487 4508.205128205129 4485.641025641026 4720.000000000001 4434.871794871796 4384.102564102564 4727.6923076923085 4070.2564102564106 3936.9230769230776 4325.128205128206 4610.256410256411 4396.410256410257 1613.0 1712.0 8.968 8.882633209228516 0.0 0.0 0.0 0.0  1  0  0  0  0  0  0  0  0  0  0  0  0  0 
8976 8.0 0.0 0.0 4462.051282051282 4090.7692307692314 4463.076923076924 4510.256410256411 4442.564102564103 4653.333333333334 4410.769230769231 4373.333333333334 4752.820512820514 4083.589743589744 3974.358974358975 4379.48717948718 4687.179487179488 4442.564102564103 1613.0 1711.0 8.976 8.882633209228516 0.0 0.0 0.0 0.0  1  0  0  0  0  0  0  0  0  0  0  0  0  0 
8984 9.0 0.0 0.0 4337.948717948719 4077.9487179487187 4420.512820512821 4506.666666666667 4467.179487179487 4686.666666666667 4425.128205128206 4376.923076923077 4736.923076923077 4071.7948717948725 3954.8717948717954 4344.615384615385 4643.076923076924 4412.307692307693 1613.0 1712.0 8.984 8.882633209228516 0.0 0.0 0.0 0.0  1  0  0  0  0  0  0  0  0  0  0  0  0  0 
8992 10.0 0.0 0.0 4293.846153846154 4069.7435897435903 4372.307692307693 4500.000000000001 4501.538461538462 4738.974358974359 4451.282051282052 4382.051282051282 4714.871794871796 4060.5128205128212 3927.692307692308 4303.076923076924 4582.564102564103 4376.410256410257 1614.0 1711.0 8.992 8.882633209228516 0.0 0.0 0.0 0.0  1  0  0  0  0  0  0  0  0  0  0  0  0  0 
9000 11.0 0.0 0.0 4341.025641025642 4076.9230769230776 4390.256410256411 4496.410256410257 4484.615384615385 4719.48717948718 4447.179487179487 4383.076923076924 4728.717948717949 4070.2564102564106 3938.9743589743593 4320.512820512821 4614.871794871796 4396.923076923077 1613.0 1712.0 9.0 8.882633209228516 0.0 0.0 0.0 0.0  1  0  0  0  0  0  0  0  0  0  0  0  0  0 
9007 12.0 0.0 0.0 4348.717948717949 4078.9743589743593 4413.846153846154 4500.000000000001 4470.256410256411 4693.846153846154 4442.564102564103 4380.512820512821 4733.846153846154 4075.3846153846157 3952.307692307693 4342.564102564103 4642.051282051282 4412.820512820514 1613.0 1711.0 9.007 8.882633209228516 0.0 0.0 0.0 0.0  1  0  0  0  0  0  0  0  0  0  0  0  0  0 
9015 13.0 0.0 0.0 4304.102564102564 4071.2820512820517 4373.846153846154 4496.923076923077 4496.923076923077 4730.256410256411 4452.820512820514 4386.153846153847 4717.948717948719 4064.615384615385 3932.307692307693 4309.2307692307695 4593.333333333334 4383.076923076924 1613.0 1712.0 9.015 8.882633209228516 0.0 0.0 0.0 0.0  1  0  0  0  0  0  0  0  0  0  0  0  0  0 
9023 14.0 0.0 0.0 4333.333333333334 4080.0000000000005 4397.948717948719 4496.410256410257 4481.025641025642 4709.2307692307695 4436.923076923077 4382.051282051282 4730.769230769231 4070.7692307692314 3942.0512820512827 4330.256410256411 4618.974358974359 4404.615384615385 1614.0 1712.0 9.023 8.882633209228516 0.0 0.0 0.0 0.0  1  0  0  0  0  0  0  0  0  0  0  0  0  0 
9031 15.0 0.0 0.0 4314.358974358975 4075.8974358974365 4389.2307692307695 4502.051282051282 4487.6923076923085 4717.435897435898 4438.974358974359 4383.076923076924 4726.153846153847 4069.7435897435903 3936.410256410257 4321.025641025642 4608.717948717949 4396.923076923077 1613.0 1712.0 9.031 8.882633209228516 0.0 0.0 0.0 0.0  1  0  0  0  0  0  0  0  0  0  0  0  0  0 
9039 16.0 0.0 0.0 4325.641025641026 4075.3846153846157 4395.384615384616 4502.564102564103 4484.615384615385 4714.871794871796 4440.512820512821 4380.512820512821 4724.615384615386 4069.23076923077 3939.48717948718 4324.615384615385 4613.333333333334 4394.358974358975 1614.0 1712.0 9.039 8.882633209228516 0.0 0.0 0.0 0.0  1  0  0  0  0  0  0  0  0  0  0  0  0  0 
9047 17.0 0.0 0.0 4322.051282051282 4075.3846153846157 4398.461538461539 4501.025641025642 4484.615384615385 4715.8974358974365 4441.025641025642 4381.025641025642 4727.6923076923085 4068.205128205129 3940.0000000000005 4326.153846153847 4615.384615384616 4395.8974358974365 1613.0 1712.0 9.047 8.882633209228516 0.0 0.0 0.0 0.0  1  0  0  0  0  0  0  0  0  0  0  0  0  0 
9054 18.0 0.0 0.0 4322.564102564103 4077.435897435898 4395.384615384616 4500.000000000001 4484.102564102564 4718.461538461539 4437.435897435898 4382.564102564103 4727.6923076923085 4067.692307692308 3937.9487179487182 4322.051282051282 4610.769230769231 4394.871794871796 1613.0 1711.0 9.054 9.00774097442627 0.0 0.0 0.0 0.0  1  0  0  0  0  0  0  0  0  0  0  0  0  0 
9062 19.0 0.0 0.0 4329.2307692307695 4078.9743589743593 4392.307692307693 4503.076923076924 4481.538461538462 4714.358974358975 4435.384615384616 4378.974358974359 4726.153846153847 4068.205128205129 3942.0512820512827 4324.102564102564 4611.282051282052 4393.333333333334 1614.0 1712.0 9.062 9.00774097442627 0.0 0.0 0.0 0.0  1  0  0  0  0  0  0  0  0  0  0  0  0  0 
9070 20.0 0.0 0.0 4329.743589743591 4080.0000000000005 4388.205128205129 4503.076923076924 4484.102564102564 4713.333333333334 4433.846153846154 4380.512820512821 4725.641025641026 4070.7692307692314 3941.538461538462 4321.025641025642 4608.717948717949 4392.820512820514 1613.0 1711.0 9.07 9.00774097442627 0.0 0.0 0.0 0.0  1  0  0  0  0  0  0  0  0  0  0  0  0  0 
9078 21.0 0.0 0.0 4334.871794871796 4080.0000000000005 4397.948717948719 4502.564102564103 4484.102564102564 4711.282051282052 4425.641025641026 4383.589743589744 4726.666666666667 4070.2564102564106 3939.48717948718 4323.589743589744 4614.358974358975 4400.512820512821 1613.0 1712.0 9.078 9.00774097442627 0.0 0.0 0.0 0.0  1  0  0  0  0  0  0  0  0  0  0  0  0  0 
9086 22.0 0.0 0.0 4331.282051282052 4077.435897435898 4395.8974358974365 4502.051282051282 4486.153846153847 4717.435897435898 4422.051282051282 4383.076923076924 4725.128205128206 4066.1538461538466 3937.9487179487182 4318.461538461539 4611.282051282052 4396.410256410257 1614.0 1711.0 9.086 9.039017677307129 0.0 0.0 0.0 0.0  1  0  0  0  0  0  0  0  0  0  0  0  0  0 
9093 23.0 0.0 0.0 4340.512820512821 4078.461538461539 4404.102564102564 4501.538461538462 4478.974358974359 4709.743589743591 4423.589743589744 4378.461538461539 4725.641025641026 4067.692307692308 3943.589743589744 4327.6923076923085 4618.974358974359 4399.48717948718 1612.0 1712.0 9.093 9.039017677307129 0.0 0.0 0.0 0.0  1  0  0  0  0  0  0  0  0  0  0  0  0  0 
9101 24.0 0.0 0.0 4322.564102564103 4074.358974358975 4400.000000000001 4497.435897435898 4485.641025641026 4710.769230769231 4431.282051282052 4379.48717948718 4724.102564102564 4068.205128205129 3940.0000000000005 4323.589743589744 4613.333333333334 4396.923076923077 1614.0 1712.0 9.101 9.039017677307129 0.0 0.0 0.0 0.0  1  0  0  0  0  0  0  0  0  0  0  0  0  0 
9109 25.0 0.0 0.0 4325.128205128206 4072.820512820513 4404.102564102564 4498.974358974359 4486.153846153847 4713.333333333334 4430.769230769231 4380.000000000001 4723.076923076924 4067.692307692308 3941.538461538462 4325.641025641026 4610.256410256411 4397.435897435898 1613.0 1711.0 9.109 9.039017677307129 0.0 0.0 0.0 0.0  1  0  0  0  0  0  0  0  0  0  0  0  0  0 
9117 26.0 0.0 0.0 4326.153846153847 4075.3846153846157 4397.948717948719 4502.564102564103 4484.102564102564 4719.48717948718 4432.820512820514 4383.076923076924 4726.666666666667 4065.6410256410263 3942.0512820512827 4324.615384615385 4611.282051282052 4395.8974358974365 1613.0 1712.0 9.117 9.039017677307129 0.0 0.0 0.0 0.0  1  0  0  0  0  0  0  0  0  0  0  0  0  0 
9125 27.0 0.0 0.0 4332.820512820514 4080.0000000000005 4407.179487179487 4501.538461538462 4481.538461538462 4713.333333333334 4435.8974358974365 4380.512820512821 4728.205128205129 4068.717948717949 3942.0512820512827 4331.794871794872 4620.000000000001 4400.000000000001 1614.0 1711.0 9.125 9.039017677307129 0.0 0.0 0.0 0.0  1  0  0  0  0  0  0  0  0  0  0  0  0  0 
9133 28.0 0.0 0.0 4321.538461538462 4076.9230769230776 4399.48717948718 4498.974358974359 4486.153846153847 4714.358974358975 4434.358974358975 4379.48717948718 4725.641025641026 4070.7692307692314 3937.435897435898 4322.051282051282 4612.820512820514 4393.846153846154 1613.0 1712.0 9.133 9.039017677307129 0.0 0.0 0.0 0.0  1  0  0  0  0  0  0  0  0  0  0  0  0  0 
9140 29.0 0.0 0.0 4332.307692307693 4076.410256410257 4398.461538461539 4503.076923076924 4481.025641025642 4713.846153846154 4421.538461538462 4380.512820512821 4725.128205128206 4068.717948717949 3940.5128205128212 4325.128205128206 4612.820512820514 4392.307692307693 1613.0 1711.0 9.14 9.039017677307129 0.0 0.0 0.0 0.0  1  0  0  0  0  0  0  0  0  0  0  0  0  0 
9148 30.0 0.0 0.0 4331.794871794872 4074.8717948717954 4391.282051282052 4505.128205128206 4480.000000000001 4717.435897435898 4421.538461538462 4382.051282051282 4726.153846153847 4066.666666666667 3940.0000000000005 4323.589743589744 4615.384615384616 4392.820512820514 1613.0 1712.0 9.148 9.039017677307129 0.0 0.0 0.0 0.0  1  0  0  0  0  0  0  0  0  0  0  0  0  0 
9156 31.0 0.0 0.0 4330.256410256411 4075.3846153846157 4394.871794871796 4501.538461538462 4481.025641025642 4714.871794871796 4424.102564102564 4381.025641025642 4725.641025641026 4067.692307692308 3938.461538461539 4323.589743589744 4615.8974358974365 4395.384615384616 1614.0 1711.0 9.156 9.039017677307129 0.0 0.0 0.0 0.0  1  0  0  0  0  0  0  0  0  0  0  0  0  0 
9164 32.0 0.0 0.0 4327.179487179487 4076.9230769230776 4395.384615384616 4500.512820512821 4481.025641025642 4713.846153846154 4419.48717948718 4383.589743589744 4726.153846153847 4067.1794871794878 3937.9487179487182 4322.051282051282 4613.333333333334 4396.923076923077 1612.0 1712.0 9.164 9.039017677307129 0.0 0.0 0.0 0.0  1  0  0  0  0  0  0  0  0  0  0  0  0  0 
9172 33.0 0.0 0.0 4328.717948717949 4078.461538461539 4392.307692307693 4504.615384615385 4481.025641025642 4714.871794871796 4418.974358974359 4384.102564102564 4725.128205128206 4066.1538461538466 3937.435897435898 4322.051282051282 4615.384615384616 4395.8974358974365 1614.0 1712.0 9.172 9.039017677307129 0.0 0.0 0.0 0.0  1  0  0  0  0  0  0  0  0  0  0  0  0  0 
9180 34.0 0.0 0.0 4327.6923076923085 4075.3846153846157 4390.769230769231 4504.615384615385 4482.051282051282 4716.410256410257 4417.948717948719 4380.512820512821 4725.641025641026 4068.205128205129 3940.0000000000005 4322.564102564103 4616.410256410257 4395.384615384616 1612.0 1712.0 9.18 9.132848739624023 0.0 0.0 0.0 0.0  1  0  0  0  0  0  0  0  0  0  0  0  0  0 
9187 35.0 0.0 0.0 4323.589743589744 4074.8717948717954 4395.384615384616 4499.48717948718 4483.076923076924 4714.871794871796 4410.256410256411 4379.48717948718 4725.641025641026 4067.692307692308 3939.48717948718 4323.589743589744 4611.794871794872 4397.435897435898 1614.0 1712.0 9.187 9.132848739624023 0.0 0.0 0.0 0.0  1  0  0  0  0  0  0  0  0  0  0  0  0  0 
9195 36.0 0.0 0.0 4321.025641025642 4077.435897435898 4400.000000000001 4498.974358974359 4485.641025641026 4714.871794871796 4413.333333333334 4382.051282051282 4724.615384615386 4065.6410256410263 3936.9230769230776 4327.179487179487 4611.282051282052 4398.461538461539 1613.0 1712.0 9.195 9.132848739624023 0.0 0.0 0.0 0.0  1  0  0  0  0  0  0  0  0  0  0  0  0  0 
9203 37.0 0.0 0.0 4320.000000000001 4075.8974358974365 4398.461538461539 4498.974358974359 4486.666666666667 4715.384615384616 4424.102564102564 4384.102564102564 4727.6923076923085 4068.205128205129 3938.461538461539 4326.666666666667 4614.358974358975 4393.333333333334 1613.0 1712.0 9.203 9.132848739624023 0.0 0.0 0.0 0.0  1  0  0  0  0  0  0  0  0  0  0  0  0  0 
9211 38.0 0.0 0.0 4324.102564102564 4076.410256410257 4398.974358974359 4498.974358974359 4484.102564102564 4712.820512820514 4425.128205128206 4381.538461538462 4727.179487179488 4070.2564102564106 3943.589743589744 4327.179487179487 4615.384615384616 4392.307692307693 1613.0 1711.0 9.211 9.132848739624023 0.0 0.0 0.0 0.0  1  0  0  0  0  0  0  0  0  0  0  0  0  0 
9219 39.0 0.0 0.0 4324.102564102564 4076.410256410257 4390.769230769231 4500.000000000001 4484.615384615385 4714.871794871796 4427.6923076923085 4381.025641025642 4725.128205128206 4068.205128205129 3939.48717948718 4320.000000000001 4609.2307692307695 4392.307692307693 1613.0 1712.0 9.219 9.132848739624023 0.0 0.0 0.0 0.0  1  0  0  0  0  0  0  0  0  0  0  0  0  0 
9226 40.0 0.0 0.0 4331.282051282052 4078.461538461539 4394.871794871796 4502.564102564103 4483.076923076924 4712.820512820514 4429.2307692307695 4378.974358974359 4725.128205128206 4066.1538461538466 3940.0000000000005 4324.102564102564 4614.871794871796 4395.384615384616 1614.0 1712.0 9.226 9.132848739624023 0.0 0.0 0.0 0.0  1  0  0  0  0  0  0  0  0  0  0  0  0  0 
9234 41.0 0.0 0.0 4319.48717948718 4076.410256410257 4392.307692307693 4500.512820512821 4485.128205128206 4713.846153846154 4429.2307692307695 4381.025641025642 4728.205128205129 4067.692307692308 3942.0512820512827 4319.48717948718 4613.333333333334 4393.333333333334 1613.0 1712.0 9.234 9.132848739624023 0.0 0.0 0.0 0.0  1  0  0  0  0  0  0  0  0  0  0  0  0  0 
9242 42.0 0.0 0.0 4323.076923076924 4073.8461538461543 4401.538461538462 4499.48717948718 4483.589743589744 4710.769230769231 4430.769230769231 4382.564102564103 4725.128205128206 4071.7948717948725 3945.1282051282055 4321.538461538462 4613.333333333334 4395.384615384616 1614.0 1712.0 9.242 9.132848739624023 0.0 0.0 0.0 0.0  1  0  0  0  0  0  0  0  0  0  0  0  0  0 
9250 43.0 0.0 0.0 4314.358974358975 4070.2564102564106 4397.435897435898 4499.48717948718 4485.128205128206 4713.846153846154 4432.820512820514 4384.615384615385 4724.102564102564 4070.2564102564106 3940.5128205128212 4322.051282051282 4610.769230769231 4394.358974358975 1613.0 1712.0 9.25 9.132848739624023 0.0 0.0 0.0 0.0  1  0  0  0  0  0  0  0  0  0  0  0  0  0 
9258 44.0 0.0 0.0 4317.435897435898 4076.410256410257 4402.564102564103 4498.974358974359 4483.589743589744 4712.307692307693 4427.6923076923085 4382.051282051282 4726.666666666667 4065.6410256410263 3939.48717948718 4330.256410256411 4614.871794871796 4398.974358974359 1613.0 1712.0 9.258 9.132848739624023 0.0 0.0 0.0 0.0  1  0  0  0  0  0  0  0  0  0  0  0  0  0 
9265 45.0 0.0 0.0 4316.410256410257 4079.48717948718 4393.846153846154 4499.48717948718 4485.641025641026 4715.8974358974365 4433.333333333334 4383.076923076924 4728.205128205129 4064.615384615385 3937.9487179487182 4322.051282051282 4611.794871794872 4398.974358974359 1612.0 1712.0 9.265 9.132848739624023 0.0 0.0 0.0 0.0  1  0  0  0  0  0  0  0  0  0  0  0  0  0 
9273 46.0 0.0 0.0 4325.641025641026 4078.461538461539 4395.384615384616 4502.564102564103 4483.589743589744 4712.307692307693 4440.512820512821 4381.538461538462 4725.641025641026 4066.1538461538466 3940.0000000000005 4322.051282051282 4612.820512820514 4400.512820512821 1614.0 1711.0 9.273 9.132848739624023 0.0 0.0 0.0 0.0  1  0  0  0  0  0  0  0  0  0  0  0  0  0 
9281 47.0 0.0 0.0 4321.538461538462 4075.8974358974365 4389.743589743591 4502.564102564103 4485.641025641026 4715.8974358974365 4446.153846153847 4381.538461538462 4725.641025641026 4065.1282051282055 3936.9230769230776 4320.512820512821 4609.2307692307695 4396.410256410257 1613.0 1711.0 9.281 9.132848739624023 0.0 0.0 0.0 0.0  1  0  0  0  0  0  0  0  0  0  0  0  0  0 
9289 48.0 0.0 0.0 4324.102564102564 4080.0000000000005 4390.769230769231 4501.025641025642 4483.076923076924 4715.384615384616 4445.128205128206 4378.974358974359 4727.6923076923085 4066.666666666667 3938.461538461539 4325.128205128206 4615.384615384616 4396.923076923077 1613.0 1712.0 9.289 9.132848739624023 0.0 0.0 0.0 0.0  1  0  0  0  0  0  0  0  0  0  0  0  0  0 
9297 49.0 0.0 0.0 4319.48717948718 4077.435897435898 4388.717948717949 4503.589743589744 4482.564102564103 4711.794871794872 4439.48717948718 4377.948717948719 4727.179487179488 4069.7435897435903 3940.0000000000005 4322.564102564103 4615.8974358974365 4395.384615384616 1613.0 1711.0 9.297 9.132848739624023 0.0 0.0 0.0 0.0  1  0  0  0  0  0  0  0  0  0  0  0  0  0 
9305 50.0 0.0 0.0 4322.051282051282 4075.3846153846157 4392.307692307693 4504.615384615385 4483.589743589744 4709.743589743591 4432.820512820514 4381.025641025642 4726.153846153847 4067.692307692308 3937.9487179487182 4323.076923076924 4612.820512820514 4395.384615384616 1613.0 1712.0 9.305 9.257956504821777 0.0 0.0 0.0 0.0  1  0  0  0  0  0  0  0  0  0  0  0  0  0 
9312 51.0 0.0 0.0 4323.076923076924 4078.461538461539 4395.384615384616 4502.051282051282 4485.128205128206 4713.846153846154 4435.384615384616 4381.538461538462 4727.179487179488 4064.1025641025644 3937.9487179487182 4324.102564102564 4612.307692307693 4396.923076923077 1613.0 1711.0 9.312 9.257956504821777 0.0 0.0 0.0 0.0  1  0  0  0  0  0  0  0  0  0  0  0  0  0 
9320 52.0 0.0 0.0 4316.410256410257 4078.461538461539 4393.846153846154 4499.48717948718 4484.102564102564 4715.384615384616 4441.538461538462 4379.48717948718 4727.6923076923085 4066.1538461538466 3940.0000000000005 4321.538461538462 4612.820512820514 4396.410256410257 1612.0 1711.0 9.32 9.257956504821777 0.0 0.0 0.0 0.0  1  0  0  0  0  0  0  0  0  0  0  0  0  0 
9328 53.0 0.0 0.0 4316.923076923077 4075.8974358974365 4395.384615384616 4499.48717948718 4482.051282051282 4713.333333333334 4443.076923076924 4380.512820512821 4725.641025641026 4068.717948717949 3941.538461538462 4324.102564102564 4615.8974358974365 4396.410256410257 1613.0 1712.0 9.328 9.257956504821777 0.0 0.0 0.0 0.0  1  0  0  0  0  0  0  0  0  0  0  0  0  0 
9336 54.0 0.0 0.0 4312.820512820514 4076.410256410257 4392.820512820514 4498.974358974359 4483.589743589744 4717.948717948719 4441.538461538462 4386.666666666667 4725.128205128206 4067.1794871794878 3939.48717948718 4322.051282051282 4613.333333333334 4394.358974358975 1613.0 1711.0 9.336 9.257956504821777 0.0 0.0 0.0 0.0  1  0  0  0  0  0  0  0  0  0  0  0  0  0 
9344 55.0 0.0 0.0 4316.410256410257 4081.538461538462 4399.48717948718 4499.48717948718 4481.025641025642 4717.435897435898 4437.435897435898 4383.589743589744 4727.6923076923085 4066.1538461538466 3941.0256410256416 4327.6923076923085 4614.358974358975 4398.461538461539 1614.0 1711.0 9.344 9.257956504821777 0.0 0.0 0.0 0.0  1  0  0  0  0  0  0  0  0  0  0  0  0  0 
9352 56.0 0.0 0.0 4314.871794871796 4077.9487179487187 4392.307692307693 4499.48717948718 4486.153846153847 4717.948717948719 4442.051282051282 4381.538461538462 4728.205128205129 4066.666666666667 3940.5128205128212 4323.076923076924 4611.794871794872 4395.8974358974365 1613.0 1712.0 9.352 9.257956504821777 0.0 0.0 0.0 0.0  1  0  0  0  0  0  0  0  0  0  0  0  0  0 
9359 57.0 0.0 0.0 4327.6923076923085 4075.8974358974365 4392.820512820514 4500.000000000001 4485.128205128206 4712.820512820514 4442.564102564103 4382.051282051282 4725.128205128206 4066.666666666667 3942.564102564103 4326.666666666667 4617.948717948719 4397.948717948719 1614.0 1712.0 9.359 9.257956504821777 0.0 0.0 0.0 0.0  1  0  0  0  0  0  0  0  0  0  0  0  0  0 
9367 58.0 0.0 0.0 4323.589743589744 4075.8974358974365 4386.153846153847 4502.051282051282 4485.128205128206 4715.8974358974365 4436.923076923077 4384.615384615385 4726.666666666667 4066.1538461538466 3938.9743589743593 4321.025641025642 4614.358974358975 4395.8974358974365 1613.0 1712.0 9.367 9.257956504821777 0.0 0.0 0.0 0.0  1  0  0  0  0  0  0  0  0  0  0  0  0  0 
9375 59.0 0.0 0.0 4332.307692307693 4078.9743589743593 4395.384615384616 4504.615384615385 4482.564102564103 4713.333333333334 4429.2307692307695 4380.512820512821 4728.205128205129 4067.1794871794878 3938.9743589743593 4324.102564102564 4617.435897435898 4397.948717948719 1614.0 1713.0 9.375 9.257956504821777 0.0 0.0 0.0 0.0  1  0  0  0  0  0  0  0  0  0  0  0  0  0 
9383 60.0 0.0 0.0 4326.153846153847 4075.8974358974365 4389.743589743591 4502.051282051282 4488.717948717949 4716.923076923077 4431.794871794872 4381.025641025642 4727.179487179488 4066.666666666667 3938.461538461539 4320.000000000001 4613.846153846154 4395.384615384616 1614.0 1711.0 9.383 9.257956504821777 0.0 0.0 0.0 0.0  1  0  0  0  0  0  0  0  0  0  0  0  0  0 
9391 61.0 0.0 0.0 4331.282051282052 4075.3846153846157 4396.410256410257 4498.974358974359 4484.615384615385 4711.282051282052 4433.846153846154 4383.076923076924 4726.153846153847 4066.1538461538466 3942.0512820512827 4323.589743589744 4615.8974358974365 4400.000000000001 1613.0 1712.0 9.391 9.257956504821777 0.0 0.0 0.0 0.0  1  0  0  0  0  0  0  0  0  0  0  0  0  0 
9398 62.0 0.0 0.0 4320.000000000001 4074.8717948717954 4396.410256410257 4497.435897435898 4482.564102564103 4711.794871794872 4442.564102564103 4383.589743589744 4725.128205128206 4066.666666666667 3940.0000000000005 4320.512820512821 4614.871794871796 4397.435897435898 1614.0 1711.0 9.398 9.257956504821777 0.0 0.0 0.0 0.0  1  0  0  0  0  0  0  0  0  0  0  0  0  0 
9406 63.0 0.0 0.0 4317.435897435898 4076.9230769230776 4402.564102564103 4498.461538461539 4482.051282051282 4712.820512820514 4450.256410256411 4380.512820512821 4724.615384615386 4068.205128205129 3940.5128205128212 4324.102564102564 4615.8974358974365 4397.435897435898 1613.0 1712.0 9.406 9.257956504821777 0.0 0.0 0.0 0.0  1  0  0  0  0  0  0  0  0  0  0  0  0  0 
9414 64.0 0.0 2.0 4311.794871794872 4076.9230769230776 4397.948717948719 4502.051282051282 4483.589743589744 4717.435897435898 4447.6923076923085 4382.564102564103 4726.153846153847 4069.23076923077 3939.48717948718 4320.512820512821 4613.333333333334 4396.410256410257 1613.0 1712.0 9.414 9.257956504821777 0.0 0.0 0.0 0.0  1  0  0  0  0  0  0  0  0  0  0  0  0  0 
9422 65.0 0.0 0.0 4315.8974358974365 4078.461538461539 4398.974358974359 4501.025641025642 4483.076923076924 4715.8974358974365 4439.48717948718 4382.051282051282 4727.6923076923085 4068.717948717949 3940.5128205128212 4320.512820512821 4615.384615384616 4394.871794871796 1613.0 1711.0 9.422 9.257956504821777 0.0 0.0 0.0 0.0  1  0  0  0  0  0  0  0  0  0  0  0  0  0 
9430 66.0 0.0 1.0 4314.358974358975 4077.435897435898 4398.461538461539 4497.435897435898 4483.589743589744 4715.384615384616 4443.076923076924 4377.435897435898 4727.6923076923085 4066.666666666667 3942.564102564103 4324.102564102564 4614.358974358975 4392.307692307693 1613.0 1712.0 9.43 9.383063316345215 0.0 0.0 0.0 0.0  1  0  0  0  0  0  0  0  0  0  0  0  0  0 
9438 67.0 0.0 0.0 4314.871794871796 4076.410256410257 4396.923076923077 4498.974358974359 4485.641025641026 4716.410256410257 4440.000000000001 4376.923076923077 4726.666666666667 4065.6410256410263 3941.538461538462 4326.153846153847 4611.282051282052 4394.358974358975 1613.0 1712.0 9.438 9.383063316345215 0.0 0.0 0.0 0.0  1  0  0  0  0  0  0  0  0  0  0  0  0  0 
9445 68.0 0.0 0.0 4321.025641025642 4078.461538461539 4394.358974358975 4502.051282051282 4486.153846153847 4715.8974358974365 4425.641025641026 4379.48717948718 4726.666666666667 4067.1794871794878 3940.5128205128212 4324.102564102564 4613.333333333334 4396.410256410257 1613.0 1712.0 9.445 9.383063316345215 0.0 0.0 0.0 0.0  1  0  0  0  0  0  0  0  0  0  0  0  0  0 
9453 69.0 0.0 0.0 4321.538461538462 4077.9487179487187 4390.769230769231 4500.512820512821 4484.615384615385 4715.8974358974365 4422.051282051282 4382.051282051282 4728.205128205129 4068.205128205129 3939.48717948718 4321.025641025642 4615.8974358974365 4393.333333333334 1613.0 1711.0 9.453 9.383063316345215 0.0 0.0 0.0 0.0  1  0  0  0  0  0  0  0  0  0  0  0  0  0 
9461 70.0 0.0 0.0 4323.076923076924 4076.9230769230776 4397.435897435898 4501.025641025642 4481.538461538462 4713.333333333334 4426.153846153847 4381.538461538462 4727.179487179488 4068.717948717949 3942.0512820512827 4327.6923076923085 4616.923076923077 4397.948717948719 1613.0 1712.0 9.461 9.383063316345215 0.0 0.0 0.0 0.0  1  0  0  0  0  0  0  0  0  0  0  0  0  0 
9469 71.0 0.0 0.0 4316.923076923077 4076.9230769230776 4392.820512820514 4502.564102564103 4486.666666666667 4717.948717948719 4424.615384615385 4383.076923076924 4726.153846153847 4069.23076923077 3940.0000000000005 4324.102564102564 4608.205128205129 4397.948717948719 1612.0 1712.0 9.469 9.383063316345215 0.0 0.0 0.0 0.0  1  0  0  0  0  0  0  0  0  0  0  0  0  0 
9477 72.0 0.0 0.0 4324.102564102564 4078.461538461539 4395.8974358974365 4503.076923076924 4485.641025641026 4717.948717948719 4422.051282051282 4381.025641025642 4726.666666666667 4069.7435897435903 3941.538461538462 4327.6923076923085 4611.282051282052 4399.48717948718 1614.0 1712.0 9.477 9.383063316345215 0.0 0.0 0.0 0.0  1  0  0  0  0  0  0  0  0  0  0  0  0  0 
9484 73.0 0.0 0.0 4316.923076923077 4074.358974358975 4389.2307692307695 4500.000000000001 4484.102564102564 4716.923076923077 4428.717948717949 4381.538461538462 4727.179487179488 4069.7435897435903 3940.0000000000005 4323.076923076924 4612.820512820514 4398.461538461539 1612.0 1712.0 9.484 9.383063316345215 0.0 0.0 0.0 0.0  1  0  0  0  0  0  0  0  0  0  0  0  0  0 
9491 74.0 0.0 0.0 4323.589743589744 4077.9487179487187 4396.410256410257 4499.48717948718 4481.538461538462 4712.307692307693 4427.6923076923085 4380.512820512821 4724.615384615386 4072.307692307693 3942.564102564103 4327.6923076923085 4616.410256410257 4402.051282051282 1613.0 1712.0 9.491 9.383063316345215 0.0 0.0 0.0 0.0  1  0  0  0  0  0  0  0  0  0  0  0  0  0 
9499 75.0 0.0 0.0 4316.923076923077 4079.48717948718 4391.282051282052 4500.000000000001 4487.6923076923085 4716.923076923077 4425.641025641026 4382.051282051282 4724.615384615386 4070.7692307692314 3940.0000000000005 4321.538461538462 4611.282051282052 4394.358974358975 1613.0 1711.0 9.499 9.383063316345215 0.0 0.0 0.0 0.0  1  0  0  0  0  0  0  0  0  0  0  0  0  0 
9508 76.0 0.0 0.0 4322.564102564103 4078.461538461539 4398.461538461539 4501.025641025642 4485.128205128206 4713.333333333334 4422.564102564103 4382.564102564103 4727.179487179488 4067.692307692308 3941.0256410256416 4324.102564102564 4615.384615384616 4393.846153846154 1614.0 1712.0 9.508 9.383063316345215 0.0 0.0 0.0 0.0  1  0  0  0  0  0  0  0  0  0  0  0  0  0 
9516 77.0 0.0 0.0 4320.000000000001 4073.8461538461543 4394.871794871796 4499.48717948718 4484.102564102564 4714.358974358975 4421.538461538462 4384.102564102564 4728.205128205129 4067.1794871794878 3937.9487179487182 4321.538461538462 4613.333333333334 4393.846153846154 1613.0 1711.0 9.516 9.383063316345215 0.0 0.0 0.0 0.0  1  0  0  0  0  0  0  0  0  0  0  0  0  0 
9524 78.0 0.0 0.0 4327.179487179487 4076.9230769230776 4402.564102564103 4500.000000000001 4482.564102564103 4711.794871794872 4416.923076923077 4380.000000000001 4726.666666666667 4068.205128205129 3938.461538461539 4327.6923076923085 4614.871794871796 4393.846153846154 1614.0 1712.0 9.524 9.383063316345215 0.0 0.0 0.0 0.0  1  0  0  0  0  0  0  0  0  0  0  0  0  0 
9531 79.0 0.0 0.0 4315.384615384616 4074.8717948717954 4399.48717948718 4500.512820512821 4486.666666666667 4716.410256410257 4418.974358974359 4380.000000000001 4727.179487179488 4067.1794871794878 3940.0000000000005 4323.589743589744 4612.307692307693 4392.307692307693 1614.0 1711.0 9.531 9.383063316345215 0.0 0.0 0.0 0.0  1  0  0  0  0  0  0  0  0  0  0  0  0  0 
9539 80.0 0.0 0.0 4319.48717948718 4075.3846153846157 4400.000000000001 4498.974358974359 4484.102564102564 4716.410256410257 4420.000000000001 4382.051282051282 4726.666666666667 4067.1794871794878 3941.0256410256416 4323.076923076924 4614.871794871796 4397.435897435898 1612.0 1712.0 9.539 9.383063316345215 0.0 0.0 0.0 0.0  1  0  0  0  0  0  0  0  0  0  0  0  0  0 
9547 81.0 0.0 0.0 4320.512820512821 4075.3846153846157 4393.333333333334 4500.512820512821 4484.615384615385 4715.384615384616 4417.435897435898 4382.564102564103 4725.128205128206 4067.692307692308 3938.461538461539 4323.076923076924 4614.871794871796 4395.384615384616 1614.0 1712.0 9.547 9.383063316345215 0.0 0.0 0.0 0.0  1  0  0  0  0  0  0  0  0  0  0  0  0  0 
9555 82.0 0.0 0.0 4323.076923076924 4077.435897435898 4391.282051282052 4503.076923076924 4487.6923076923085 4713.846153846154 4416.923076923077 4382.051282051282 4726.666666666667 4068.205128205129 3937.9487179487182 4325.128205128206 4614.358974358975 4395.8974358974365 1613.0 1712.0 9.555 9.508171081542969 0.0 0.0 0.0 0.0  1  0  0  0  0  0  0  0  0  0  0  0  0  0 
9563 83.0 0.0 0.0 4324.615384615385 4080.0000000000005 4390.769230769231 4503.076923076924 4487.179487179488 4715.8974358974365 4419.48717948718 4382.051282051282 4727.6923076923085 4068.205128205129 3937.9487179487182 4322.564102564103 4615.384615384616 4399.48717948718 1613.0 1712.0 9.563 9.508171081542969 0.0 0.0 0.0 0.0  1  0  0  0  0  0  0  0  0  0  0  0  0  0 
9570 84.0 0.0 0.0 4325.128205128206 4080.5128205128212 4389.2307692307695 4500.512820512821 4483.076923076924 4714.871794871796 4417.435897435898 4381.538461538462 4726.153846153847 4067.1794871794878 3936.410256410257 4320.000000000001 4615.384615384616 4397.435897435898 1614.0 1711.0 9.57 9.508171081542969 0.0 0.0 0.0 0.0  1  0  0  0  0  0  0  0  0  0  0  0  0  0 
9578 85.0 0.0 0.0 4326.666666666667 4078.9743589743593 4391.282051282052 4501.538461538462 4481.025641025642 4711.282051282052 4417.435897435898 4377.948717948719 4727.179487179488 4068.717948717949 3937.435897435898 4323.076923076924 4615.8974358974365 4395.8974358974365 1613.0 1712.0 9.578 9.508171081542969 0.0 0.0 0.0 0.0  1  0  0  0  0  0  0  0  0  0  0  0  0  0 
9586 86.0 0.0 0.0 4326.153846153847 4076.9230769230776 4389.2307692307695 4502.051282051282 4486.153846153847 4713.333333333334 4423.589743589744 4376.410256410257 4727.6923076923085 4069.23076923077 3937.9487179487182 4318.974358974359 4613.333333333334 4395.384615384616 1613.0 1712.0 9.586 9.539447784423828 0.0 0.0 0.0 0.0  1  0  0  0  0  0  0  0  0  0  0  0  0  0 
9594 87.0 0.0 0.0 4330.769230769231 4079.48717948718 4393.333333333334 4501.538461538462 4484.615384615385 4709.2307692307695 4423.076923076924 4377.948717948719 4724.615384615386 4065.6410256410263 3941.0256410256416 4323.076923076924 4614.358974358975 4397.948717948719 1613.0 1712.0 9.594 9.539447784423828 0.0 0.0 0.0 0.0  1  0  0  0  0  0  0  0  0  0  0  0  0  0 
9602 88.0 0.0 0.0 4317.435897435898 4077.9487179487187 4390.256410256411 4501.025641025642 4484.102564102564 4711.794871794872 4424.615384615385 4382.564102564103 4725.641025641026 4064.615384615385 3940.0000000000005 4320.000000000001 4612.820512820514 4396.923076923077 1613.0 1711.0 9.602 9.539447784423828 0.0 0.0 0.0 0.0  1  0  0  0  0  0  0  0  0  0  0  0  0  0 
9610 89.0 0.0 0.0 4321.538461538462 4075.8974358974365 4400.000000000001 4502.051282051282 4481.025641025642 4714.358974358975 4422.051282051282 4381.025641025642 4727.179487179488 4068.717948717949 3941.538461538462 4324.615384615385 4620.000000000001 4400.512820512821 1613.0 1712.0 9.61 9.539447784423828 0.0 0.0 0.0 0.0  1  0  0  0  0  0  0  0  0  0  0  0  0  0 
9617 90.0 0.0 0.0 4313.333333333334 4072.820512820513 4394.358974358975 4501.025641025642 4485.128205128206 4719.48717948718 4415.8974358974365 4383.076923076924 4726.153846153847 4069.23076923077 3940.0000000000005 4321.538461538462 4614.358974358975 4394.871794871796 1613.0 1711.0 9.617 9.539447784423828 0.0 0.0 0.0 0.0  1  0  0  0  0  0  0  0  0  0  0  0  0  0 
9625 91.0 0.0 0.0 4315.384615384616 4076.9230769230776 4396.923076923077 4503.076923076924 4482.564102564103 4712.307692307693 4413.846153846154 4382.564102564103 4725.641025641026 4067.1794871794878 3941.0256410256416 4326.666666666667 4614.871794871796 4394.358974358975 1612.0 1712.0 9.625 9.539447784423828 0.0 0.0 0.0 0.0  1  0  0  0  0  0  0  0  0  0  0  0  0  0 
9633 92.0 0.0 0.0 4311.282051282052 4077.435897435898 4391.794871794872 4503.076923076924 4485.128205128206 4716.410256410257 4426.153846153847 4381.025641025642 4728.205128205129 4065.1282051282055 3940.5128205128212 4319.48717948718 4612.307692307693 4392.820512820514 1614.0 1711.0 9.633 9.539447784423828 0.0 0.0 0.0 0.0  1  0  0  0  0  0  0  0  0  0  0  0  0  0 
9641 93.0 0.0 0.0 4328.205128205129 4076.9230769230776 4400.512820512821 4501.538461538462 4485.128205128206 4715.8974358974365 4431.794871794872 4378.974358974359 4727.179487179488 4066.666666666667 3944.1025641025644 4325.128205128206 4616.923076923077 4395.384615384616 1612.0 1712.0 9.641 9.539447784423828 0.0 0.0 0.0 0.0  1  0  0  0  0  0  0  0  0  0  0  0  0  0 
9649 94.0 0.0 0.0 4323.589743589744 4076.410256410257 4390.769230769231 4499.48717948718 4487.6923076923085 4716.410256410257 4429.2307692307695 4382.564102564103 4726.666666666667 4068.205128205129 3937.435897435898 4324.102564102564 4614.358974358975 4392.307692307693 1613.0 1712.0 9.649 9.539447784423828 0.0 0.0 0.0 0.0  1  0  0  0  0  0  0  0  0  0  0  0  0  0 
9657 95.0 0.0 0.0 4327.6923076923085 4078.461538461539 4393.846153846154 4501.025641025642 4485.641025641026 4713.333333333334 4424.615384615385 4381.538461538462 4727.179487179488 4065.6410256410263 3936.410256410257 4326.666666666667 4616.923076923077 4394.358974358975 1613.0 1711.0 9.657 9.539447784423828 0.0 0.0 0.0 0.0  1  0  0  0  0  0  0  0  0  0  0  0  0  0 
9664 96.0 0.0 0.0 4325.128205128206 4074.8717948717954 4393.333333333334 4502.564102564103 4488.717948717949 4717.948717948719 4427.179487179487 4382.564102564103 4726.153846153847 4064.615384615385 3940.0000000000005 4322.051282051282 4614.358974358975 4394.871794871796 1613.0 1712.0 9.664 9.539447784423828 0.0 0.0 0.0 0.0  1  0  0  0  0  0  0  0  0  0  0  0  0  0 
9672 97.0 0.0 0.0 4326.666666666667 4076.410256410257 4393.846153846154 4502.051282051282 4485.641025641026 4715.384615384616 4426.153846153847 4382.051282051282 4724.615384615386 4067.1794871794878 3942.564102564103 4323.589743589744 4614.871794871796 4397.435897435898 1614.0 1712.0 9.672 9.539447784423828 0.0 0.0 0.0 0.0  1  0  0  0  0  0  0  0  0  0  0  0  0  0 
9680 98.0 0.0 0.0 4320.000000000001 4078.9743589743593 4389.2307692307695 4501.025641025642 4482.051282051282 4715.384615384616 4423.589743589744 4380.000000000001 4726.666666666667 4067.692307692308 3939.48717948718 4322.564102564103 4615.384615384616 4399.48717948718 1613.0 1712.0 9.68 9.633278846740723 0.0 0.0 0.0 0.0  1  0  0  0  0  0  0  0  0  0  0  0  0  0 
9688 99.0 0.0 0.0 4320.512820512821 4078.461538461539 4392.820512820514 4501.025641025642 4482.051282051282 4716.923076923077 4424.615384615385 4380.000000000001 4727.6923076923085 4067.692307692308 3939.48717948718 4323.076923076924 4613.333333333334 4398.461538461539 1613.0 1712.0 9.688 9.633278846740723 0.0 0.0 0.0 0.0  1  0  0  0  0  0  0  0  0  0  0  0  0  0 
9696 100.0 0.0 0.0 4323.076923076924 4077.9487179487187 4395.384615384616 4503.076923076924 4484.102564102564 4715.384615384616 4425.128205128206 4381.025641025642 4727.179487179488 4067.692307692308 3940.5128205128212 4323.076923076924 4613.333333333334 4396.923076923077 1613.0 1712.0 9.696 9.633278846740723 0.0 0.0 0.0 0.0  1  0  0  0  0  0  0  0  0  0  0  0  0  0 
9703 101.0 0.0 0.0 4324.102564102564 4079.48717948718 4391.282051282052 4502.051282051282 4484.102564102564 4714.871794871796 4420.512820512821 4382.051282051282 4727.6923076923085 4066.666666666667 3939.48717948718 4317.948717948719 4612.307692307693 4395.384615384616 1614.0 1711.0 9.703 9.633278846740723 0.0 0.0 0.0 0.0  1  0  0  0  0  0  0  0  0  0  0  0  0  0 
9711 102.0 0.0 0.0 4328.717948717949 4078.461538461539 4395.8974358974365 4501.538461538462 4481.025641025642 4715.384615384616 4417.948717948719 4382.051282051282 4726.666666666667 4068.205128205129 3940.0000000000005 4318.974358974359 4614.871794871796 4395.384615384616 1612.0 1713.0 9.711 9.633278846740723 0.0 0.0 0.0 0.0  1  0  0  0  0  0  0  0  0  0  0  0  0  0 
9719 103.0 0.0 0.0 4325.128205128206 4075.8974358974365 4397.435897435898 4499.48717948718 4484.102564102564 4716.410256410257 4424.102564102564 4382.051282051282 4725.128205128206 4068.717948717949 3938.461538461539 4317.435897435898 4612.820512820514 4392.820512820514 1614.0 1712.0 9.719 9.633278846740723 0.0 0.0 0.0 0.0  1  0  0  0  0  0  0  0  0  0  0  0  0  0 
9727 104.0 0.0 0.0 4328.205128205129 4078.9743589743593 4403.589743589744 4500.512820512821 4484.102564102564 4710.769230769231 4425.641025641026 4381.538461538462 4726.153846153847 4069.23076923077 3941.0256410256416 4324.615384615385 4615.384615384616 4396.410256410257 1612.0 1711.0 9.727 9.633278846740723 0.0 0.0 0.0 0.0  1  0  0  0  0  0  0  0  0  0  0  0  0  0 
9735 105.0 0.0 0.0 4318.974358974359 4078.461538461539 4391.794871794872 4502.564102564103 4484.615384615385 4714.871794871796 4425.128205128206 4384.615384615385 4727.6923076923085 4069.23076923077 3939.48717948718 4319.48717948718 4612.820512820514 4394.358974358975 1613.0 1712.0 9.735 9.633278846740723 0.0 0.0 0.0 0.0  1  0  0  0  0  0  0  0  0  0  0  0  0  0 
9742 106.0 0.0 0.0 4324.102564102564 4077.9487179487187 4391.794871794872 4504.615384615385 4478.974358974359 4713.333333333334 4419.48717948718 4380.000000000001 4727.179487179488 4068.717948717949 3942.0512820512827 4321.025641025642 4616.923076923077 4397.435897435898 1613.0 1711.0 9.742 9.633278846740723 0.0 0.0 0.0 0.0  1  0  0  0  0  0  0  0  0  0  0  0  0  0 
9750 107.0 0.0 0.0 4316.410256410257 4076.410256410257 4391.282051282052 4504.102564102564 4484.615384615385 4714.871794871796 4422.051282051282 4378.974358974359 4728.205128205129 4065.6410256410263 3938.461538461539 4318.461538461539 4611.794871794872 4395.8974358974365 1613.0 1712.0 9.75 9.633278846740723 0.0 0.0 0.0 0.0  1  0  0  0  0  0  0  0  0  0  0  0  0  0 
9758 108.0 0.0 0.0 4319.48717948718 4077.435897435898 4404.615384615385 4500.512820512821 4485.128205128206 4711.794871794872 4426.666666666667 4382.051282051282 4727.6923076923085 4065.6410256410263 3938.9743589743593 4327.6923076923085 4611.794871794872 4398.974358974359 1613.0 1711.0 9.758 9.633278846740723 0.0 0.0 0.0 0.0  1  0  0  0  0  0  0  0  0  0  0  0  0  0 
9766 109.0 0.0 0.0 4309.743589743591 4074.8717948717954 4400.000000000001 4495.8974358974365 4483.076923076924 4718.461538461539 4433.333333333334 4383.589743589744 4725.128205128206 4065.1282051282055 3938.461538461539 4323.076923076924 4610.769230769231 4396.923076923077 1612.0 1712.0 9.766 9.633278846740723 0.0 0.0 0.0 0.0  1  0  0  0  0  0  0  0  0  0  0  0  0  0 
9774 110.0 0.0 0.0 4315.8974358974365 4077.435897435898 4403.589743589744 4496.923076923077 4478.974358974359 4716.410256410257 4435.384615384616 4378.461538461539 4726.153846153847 4065.1282051282055 3941.538461538462 4325.641025641026 4616.923076923077 4398.461538461539 1614.0 1712.0 9.774 9.633278846740723 0.0 0.0 0.0 0.0  1  0  0  0  0  0  0  0  0  0  0  0  0  0 
9782 111.0 0.0 0.0 4315.384615384616 4076.9230769230776 4397.435897435898 4497.435897435898 4486.153846153847 4717.948717948719 4436.923076923077 4380.512820512821 4728.717948717949 4066.666666666667 3937.435897435898 4325.641025641026 4611.794871794872 4393.333333333334 1612.0 1712.0 9.782 9.633278846740723 0.0 0.0 0.0 0.0  1  0  0  0  0  0  0  0  0  0  0  0  0  0 
9789 112.0 0.0 0.0 4321.538461538462 4076.410256410257 4398.974358974359 4497.435897435898 4486.666666666667 4715.8974358974365 4430.256410256411 4381.538461538462 4725.641025641026 4066.666666666667 3937.9487179487182 4327.179487179487 4612.307692307693 4394.358974358975 1613.0 1711.0 9.789 9.633278846740723 0.0 0.0 0.0 0.0  1  0  0  0  0  0  0  0  0  0  0  0  0  0 
9797 113.0 0.0 0.0 4315.8974358974365 4076.9230769230776 4392.820512820514 4500.512820512821 4484.102564102564 4717.435897435898 4422.051282051282 4378.974358974359 4723.589743589744 4065.6410256410263 3940.0000000000005 4319.48717948718 4612.820512820514 4395.384615384616 1613.0 1712.0 9.797 9.633278846740723 0.0 0.0 0.0 0.0  1  0  0  0  0  0  0  0  0  0  0  0  0  0 
9805 114.0 0.0 0.0 4319.48717948718 4080.5128205128212 4393.333333333334 4500.000000000001 4484.102564102564 4718.461538461539 4416.923076923077 4378.461538461539 4725.128205128206 4067.1794871794878 3938.461538461539 4321.025641025642 4614.871794871796 4396.923076923077 1614.0 1711.0 9.805 9.758386611938477 0.0 0.0 0.0 0.0  1  0  0  0  0  0  0  0  0  0  0  0  0  0 
9813 115.0 0.0 0.0 4320.512820512821 4077.9487179487187 4395.8974358974365 4498.974358974359 4487.6923076923085 4716.923076923077 4414.358974358975 4380.000000000001 4726.666666666667 4068.205128205129 3938.461538461539 4325.641025641026 4614.358974358975 4397.948717948719 1613.0 1711.0 9.813 9.758386611938477 0.0 0.0 0.0 0.0  1  0  0  0  0  0  0  0  0  0  0  0  0  0 
9821 116.0 0.0 0.0 4320.000000000001 4074.358974358975 4396.923076923077 4501.025641025642 4485.641025641026 4714.358974358975 4411.282051282052 4377.948717948719 4726.153846153847 4067.1794871794878 3940.0000000000005 4324.615384615385 4612.820512820514 4397.948717948719 1613.0 1713.0 9.821 9.758386611938477 0.0 0.0 0.0 0.0  1  0  0  0  0  0  0  0  0  0  0  0  0  0 
9828 117.0 0.0 0.0 4324.102564102564 4076.9230769230776 4395.8974358974365 4501.025641025642 4482.564102564103 4714.871794871796 4409.743589743591 4377.948717948719 4728.205128205129 4065.6410256410263 3939.48717948718 4325.128205128206 4613.846153846154 4397.948717948719 1614.0 1710.0 9.828 9.758386611938477 0.0 0.0 0.0 0.0  1  0  0  0  0  0  0  0  0  0  0  0  0  0 
9836 118.0 0.0 0.0 4322.051282051282 4077.9487179487187 4389.743589743591 4498.974358974359 4485.641025641026 4716.410256410257 4412.307692307693 4382.051282051282 4728.717948717949 4067.1794871794878 3938.9743589743593 4323.076923076924 4615.384615384616 4396.410256410257 1613.0 1712.0 9.836 9.758386611938477 0.0 0.0 0.0 0.0  1  0  0  0  0  0  0  0  0  0  0  0  0  0 
9844 119.0 0.0 0.0 4322.564102564103 4076.9230769230776 4393.333333333334 4502.051282051282 4484.615384615385 4713.846153846154 4412.820512820514 4382.564102564103 4726.666666666667 4069.23076923077 3941.0256410256416 4326.666666666667 4618.974358974359 4398.461538461539 1613.0 1712.0 9.844 9.758386611938477 0.0 0.0 0.0 0.0  1  0  0  0  0  0  0  0  0  0  0  0  0  0 
9852 120.0 0.0 0.0 4317.435897435898 4075.3846153846157 4388.717948717949 4501.025641025642 4484.615384615385 4716.410256410257 4413.846153846154 4381.025641025642 4727.179487179488 4066.666666666667 3940.0000000000005 4322.564102564103 4612.820512820514 4394.358974358975 1613.0 1712.0 9.852 9.758386611938477 0.0 0.0 0.0 0.0  1  0  0  0  0  0  0  0  0  0  0  0  0  0 
9860 121.0 0.0 0.0 4323.076923076924 4078.461538461539 4394.871794871796 4497.435897435898 4481.538461538462 4712.307692307693 4417.435897435898 4378.461538461539 4726.153846153847 4066.666666666667 3942.564102564103 4325.641025641026 4613.846153846154 4393.333333333334 1613.0 1711.0 9.86 9.758386611938477 0.0 0.0 0.0 0.0  1  0  0  0  0  0  0  0  0  0  0  0  0  0 
9868 122.0 0.0 0.0 4315.8974358974365 4075.3846153846157 4392.820512820514 4497.948717948719 4484.102564102564 4714.358974358975 4425.128205128206 4383.076923076924 4726.666666666667 4066.666666666667 3938.9743589743593 4318.461538461539 4610.769230769231 4391.794871794872 1613.0 1711.0 9.868 9.758386611938477 0.0 0.0 0.0 0.0  1  0  0  0  0  0  0  0  0  0  0  0  0  0 
9875 123.0 0.0 0.0 4325.641025641026 4074.358974358975 4397.948717948719 4503.076923076924 4480.000000000001 4712.820512820514 4425.641025641026 4384.102564102564 4726.666666666667 4065.1282051282055 3941.0256410256416 4321.538461538462 4615.384615384616 4396.923076923077 1613.0 1712.0 9.875 9.758386611938477 0.0 0.0 0.0 0.0  1  0  0  0  0  0  0  0  0  0  0  0  0  0 
9883 124.0 0.0 0.0 4320.000000000001 4074.8717948717954 4387.6923076923085 4504.102564102564 4483.076923076924 4715.384615384616 4423.589743589744 4381.025641025642 4728.205128205129 4063.589743589744 3943.076923076924 4318.974358974359 4613.333333333334 4395.384615384616 1613.0 1711.0 9.883 9.758386611938477 0.0 0.0 0.0 0.0  1  0  0  0  0  0  0  0  0  0  0  0  0  0 
9891 125.0 0.0 0.0 4325.128205128206 4080.5128205128212 4394.358974358975 4501.538461538462 4484.615384615385 4711.282051282052 4419.48717948718 4378.974358974359 4727.6923076923085 4065.1282051282055 3942.0512820512827 4322.564102564103 4615.384615384616 4397.435897435898 1613.0 1711.0 9.891 9.758386611938477 0.0 0.0 0.0 0.0  1  0  0  0  0  0  0  0  0  0  0  0  0  0 
9899 126.0 0.0 0.0 4319.48717948718 4077.435897435898 4391.282051282052 4500.512820512821 4487.179487179488 4714.871794871796 4422.564102564103 4385.128205128206 4727.6923076923085 4065.1282051282055 3935.3846153846157 4317.948717948719 4611.794871794872 4397.435897435898 1612.0 1712.0 9.899 9.758386611938477 0.0 0.0 0.0 0.0  1  0  0  0  0  0  0  0  0  0  0  0  0  0 
9907 127.0 0.0 0.0 4326.153846153847 4076.9230769230776 4393.846153846154 4502.564102564103 4482.564102564103 4712.307692307693 4426.153846153847 4382.051282051282 4727.179487179488 4068.205128205129 3939.48717948718 4324.615384615385 4615.384615384616 4398.461538461539 1613.0 1711.0 9.907 9.758386611938477 0.0 0.0 0.0 0.0  1  0  0  0  0  0  0  0  0  0  0  0  0  0 
9915 128.0 0.0 0.0 4321.025641025642 4078.9743589743593 4387.6923076923085 4504.102564102564 4483.589743589744 4713.333333333334 4430.769230769231 4380.000000000001 4725.641025641026 4071.2820512820517 3940.5128205128212 4321.538461538462 4614.358974358975 4393.333333333334 1613.0 1712.0 9.915 9.758386611938477 0.0 0.0 0.0 0.0  1  0  0  0  0  0  0  0  0  0  0  0  0  0 
9922 0.0 0.0 0.0 4323.076923076924 4079.48717948718 4394.358974358975 4504.102564102564 4484.102564102564 4711.794871794872 4427.179487179487 4382.564102564103 4726.153846153847 4068.205128205129 3938.9743589743593 4321.538461538462 4611.794871794872 4393.846153846154 1614.0 1712.0 9.922 9.758386611938477 0.0 0.0 0.0 0.0  1  0  0  0  0  0  0  0  0  0  0  0  0  0 
9930 1.0 0.0 0.0 4322.051282051282 4076.410256410257 4397.435897435898 4502.051282051282 4484.102564102564 4715.384615384616 4423.076923076924 4382.051282051282 4727.6923076923085 4065.6410256410263 3938.9743589743593 4322.564102564103 4610.769230769231 4395.384615384616 1613.0 1712.0 9.93 9.883493423461914 0.0 0.0 0.0 0.0  1  0  0  0  0  0  0  0  0  0  0  0  0  0 
9938 2.0 0.0 0.0 4322.564102564103 4079.48717948718 4399.48717948718 4497.948717948719 4483.589743589744 4715.8974358974365 4425.641025641026 4377.948717948719 4727.179487179488 4068.205128205129 3941.538461538462 4324.102564102564 4617.435897435898 4394.871794871796 1614.0 1711.0 9.938 9.883493423461914 0.0 0.0 0.0 0.0  1  0  0  0  0  0  0  0  0  0  0  0  0  0 
9946 3.0 0.0 0.0 4318.461538461539 4081.0256410256416 4396.923076923077 4497.435897435898 4484.615384615385 4714.871794871796 4429.743589743591 4380.000000000001 4726.666666666667 4068.717948717949 3941.0256410256416 4323.076923076924 4616.923076923077 4392.820512820514 1613.0 1712.0 9.946 9.883493423461914 0.0 0.0 0.0 0.0  1  0  0  0  0  0  0  0  0  0  0  0  0  0 
9954 4.0 0.0 0.0 4316.923076923077 4077.9487179487187 4390.256410256411 4501.025641025642 4486.153846153847 4715.384615384616 4431.282051282052 4382.051282051282 4725.641025641026 4065.6410256410263 3938.461538461539 4323.076923076924 4611.282051282052 4393.846153846154 1614.0 1711.0 9.954 9.883493423461914 0.0 0.0 0.0 0.0  1  0  0  0  0  0  0  0  0  0  0  0  0  0 
9961 5.0 0.0 0.0 4320.512820512821 4075.8974358974365 4395.8974358974365 4503.076923076924 4484.615384615385 4714.871794871796 4429.743589743591 4382.051282051282 4725.641025641026 4063.589743589744 3938.9743589743593 4327.6923076923085 4615.8974358974365 4398.461538461539 1613.0 1711.0 9.961 9.883493423461914 0.0 0.0 0.0 0.0  1  0  0  0  0  0  0  0  0  0  0  0  0  0 
9969 6.0 0.0 0.0 4312.307692307693 4073.8461538461543 4398.461538461539 4498.974358974359 4486.666666666667 4717.948717948719 4428.205128205129 4384.615384615385 4727.179487179488 4064.1025641025644 3937.9487179487182 4323.589743589744 4614.871794871796 4395.8974358974365 1614.0 1713.0 9.969 9.883493423461914 0.0 0.0 0.0 0.0  1  0  0  0  0  0  0  0  0  0  0  0  0  0 
9977 7.0 0.0 0.0 4301.538461538462 4072.820512820513 4392.820512820514 4496.923076923077 4491.794871794872 4726.153846153847 4424.615384615385 4382.564102564103 4725.128205128206 4063.076923076924 3936.410256410257 4319.48717948718 4603.076923076924 4389.743589743591 1613.0 1711.0 9.977 9.883493423461914 0.0 0.0 0.0 0.0  1  0  0  0  0  0  0  0  0  0  0  0  0  0 
9985 8.0 0.0 0.0 4308.205128205129 4076.410256410257 4391.282051282052 4496.923076923077 4486.153846153847 4721.538461538462 4418.974358974359 4381.025641025642 4727.179487179488 4064.615384615385 3937.9487179487182 4320.512820512821 4609.743589743591 4392.820512820514 1613.0 1713.0 9.985 9.883493423461914 0.0 0.0 0.0 0.0  1  0  0  0  0  0  0  0  0  0  0  0  0  0 
9993 9.0 0.0 0.0 4349.743589743591 4084.1025641025644 4423.076923076924 4501.025641025642 4463.076923076924 4688.205128205129 4413.333333333334 4376.923076923077 4737.435897435898 4070.7692307692314 3954.8717948717954 4349.2307692307695 4647.6923076923085 4414.871794871796 1614.0 1712.0 9.993 9.883493423461914 0.0 0.0 0.0 0.0  1  0  0  0  0  0  0  0  0  0  0  0  0  0 
10001 10.0 0.0 0.0 4259.48717948718 4068.205128205129 4349.743589743591 4503.589743589744 4515.384615384616 4754.871794871796 4440.000000000001 4388.717948717949 4709.743589743591 4054.8717948717954 3918.461538461539 4286.666666666667 4564.102564102564 4360.000000000001 1613.0 1712.0 10.001 9.883493423461914 0.0 0.0 0.0 0.0  1  0  0  0  0  0  0  0  0  0  0  0  0  0 
10008 11.0 0.0 0.0 4356.923076923077 4085.6410256410263 4413.333333333334 4497.948717948719 4468.717948717949 4693.846153846154 4402.051282051282 4378.974358974359 4735.8974358974365 4071.2820512820517 3951.2820512820517 4340.000000000001 4638.461538461539 4407.6923076923085 1613.0 1712.0 10.008 9.883493423461914 0.0 0.0 0.0 0.0  1  0  0  0  0  0  0  0  0  0  0  0  0  0 
10016 12.0 0.0 0.0 4575.8974358974365 4110.769230769231 4564.102564102564 4506.666666666667 4364.615384615385 4541.025641025642 4354.358974358975 4356.410256410257 4800.512820512821 4104.615384615385 4031.7948717948725 4472.307692307693 4820.512820512821 4522.564102564103 1613.0 1712.0 10.016 9.883493423461914 0.0 0.0 0.0 0.0  1  0  0  0  0  0  0  0  0  0  0  0  0  0 
10024 13.0 0.0 0.0 4570.769230769231 4087.1794871794878 4506.666666666667 4523.076923076924 4423.076923076924 4615.8974358974365 4400.512820512821 4364.615384615385 4762.564102564103 4082.0512820512827 3991.2820512820517 4414.358974358975 4731.794871794872 4463.589743589744 1614.0 1712.0 10.024 9.883493423461914 0.0 0.0 0.0 0.0  1  0  0  0  0  0  0  0  0  0  0  0  0  0 
10032 14.0 0.0 0.0 4447.6923076923085 4055.3846153846157 4369.2307692307695 4521.538461538462 4522.051282051282 4765.128205128206 4445.128205128206 4386.153846153847 4701.538461538462 4050.7692307692314 3912.820512820513 4287.6923076923085 4562.051282051282 4357.435897435898 1612.0 1712.0 10.032 9.883493423461914 0.0 0.0 0.0 0.0  1  0  0  0  0  0  0  0  0  0  0  0  0  0 
10040 15.0 0.0 0.0 4487.6923076923085 4069.23076923077 4398.974358974359 4513.846153846154 4493.333333333334 4738.974358974359 4411.794871794872 4384.102564102564 4717.948717948719 4063.076923076924 3926.666666666667 4311.794871794872 4596.923076923077 4387.179487179487 1614.0 1712.0 10.04 9.883493423461914 0.0 0.0 0.0 0.0  1  0  0  0  0  0  0  0  0  0  0  0  0  0 
10047 16.0 0.0 0.0 4531.282051282052 4080.5128205128212 4454.358974358975 4516.410256410257 4456.923076923077 4683.076923076924 4394.871794871796 4378.461538461539 4743.589743589744 4075.3846153846157 3955.8974358974365 4358.461538461539 4659.48717948718 4428.205128205129 1613.0 1711.0 10.047 9.883493423461914 0.0 0.0 0.0 0.0  1  0  0  0  0  0  0  0  0  0  0  0  0  0 
10055 17.0 0.0 0.0 4464.102564102564 4067.1794871794878 4402.564102564103 4515.384615384616 4502.051282051282 4743.589743589744 4422.051282051282 4387.6923076923085 4713.333333333334 4058.461538461539 3923.589743589744 4308.717948717949 4582.051282051282 4379.48717948718 1613.0 1712.0 10.055 10.008601188659668 0.0 0.0 0.0 0.0  1  0  0  0  0  0  0  0  0  0  0  0  0  0 
10063 18.0 0.0 0.0 4490.256410256411 4072.307692307693 4417.948717948719 4510.769230769231 4486.153846153847 4728.717948717949 4407.179487179487 4382.051282051282 4723.076923076924 4063.076923076924 3936.9230769230776 4327.6923076923085 4606.666666666667 4394.871794871796 1613.0 1711.0 10.063 10.008601188659668 0.0 0.0 0.0 0.0  1  0  0  0  0  0  0  0  0  0  0  0  0  0 
10071 19.0 0.0 0.0 4491.282051282052 4072.307692307693 4418.974358974359 4514.358974358975 4482.564102564103 4720.000000000001 4406.666666666667 4378.974358974359 4726.666666666667 4065.1282051282055 3938.9743589743593 4331.282051282052 4615.384615384616 4396.923076923077 1613.0 1713.0 10.071 10.008601188659668 0.0 0.0 0.0 0.0  1  0  0  0  0  0  0  0  0  0  0  0  0  0 
10079 20.0 0.0 0.0 4492.820512820514 4073.333333333334 4413.333333333334 4512.307692307693 4488.205128205129 4724.102564102564 4417.435897435898 4382.051282051282 4723.589743589744 4065.1282051282055 3931.2820512820517 4322.564102564103 4607.6923076923085 4390.256410256411 1614.0 1711.0 10.079 10.008601188659668 0.0 0.0 0.0 0.0  1  0  0  0  0  0  0  0  0  0  0  0  0  0 
10087 21.0 0.0 0.0 4503.076923076924 4073.333333333334 4414.358974358975 4511.794871794872 4484.615384615385 4718.974358974359 4422.564102564103 4383.589743589744 4726.666666666667 4066.1538461538466 3935.3846153846157 4326.666666666667 4616.410256410257 4395.384615384616 1612.0 1711.0 10.087 10.039877891540527 0.0 0.0 0.0 0.0  1  0  0  0  0  0  0  0  0  0  0  0  0  0 
10094 22.0 0.0 0.0 4502.051282051282 4071.7948717948725 4410.769230769231 4516.410256410257 4486.666666666667 4725.128205128206 4421.025641025642 4382.051282051282 4723.589743589744 4063.076923076924 3935.8974358974365 4325.128205128206 4613.333333333334 4391.282051282052 1613.0 1712.0 10.094 10.039877891540527 0.0 0.0 0.0 0.0  1  0  0  0  0  0  0  0  0  0  0  0  0  0 
10102 23.0 0.0 0.0 4500.000000000001 4073.333333333334 4412.307692307693 4514.358974358975 4487.179487179488 4721.025641025642 4416.923076923077 4381.025641025642 4727.6923076923085 4065.1282051282055 3935.3846153846157 4325.641025641026 4615.8974358974365 4392.820512820514 1613.0 1711.0 10.102 10.039877891540527 0.0 0.0 0.0 0.0  1  0  0  0  0  0  0  0  0  0  0  0  0  0 
10110 24.0 0.0 0.0 4498.461538461539 4072.307692307693 4414.871794871796 4511.282051282052 4488.717948717949 4720.000000000001 4418.974358974359 4382.051282051282 4727.6923076923085 4066.666666666667 3932.307692307693 4329.743589743591 4614.358974358975 4395.384615384616 1614.0 1711.0 10.11 10.039877891540527 0.0 0.0 0.0 0.0  1  0  0  0  0  0  0  0  0  0  0  0  0  0 
10118 25.0 0.0 0.0 4487.6923076923085 4068.205128205129 4411.794871794872 4510.256410256411 4489.743589743591 4723.076923076924 4421.538461538462 4383.076923076924 4725.641025641026 4064.1025641025644 3931.7948717948725 4326.666666666667 4612.820512820514 4393.846153846154 1613.0 1711.0 10.118 10.039877891540527 0.0 0.0 0.0 0.0  1  0  0  0  0  0  0  0  0  0  0  0  0  0 
10126 26.0 0.0 0.0 4486.666666666667 4073.333333333334 4417.948717948719 4512.820512820514 4488.717948717949 4720.000000000001 4413.333333333334 4382.051282051282 4723.076923076924 4063.076923076924 3936.410256410257 4331.282051282052 4614.871794871796 4395.384615384616 1613.0 1712.0 10.126 10.039877891540527 0.0 0.0 0.0 0.0  1  0  0  0  0  0  0  0  0  0  0  0  0  0 
10133 27.0 0.0 0.0 4481.538461538462 4073.333333333334 4411.794871794872 4513.846153846154 4492.820512820514 4723.589743589744 4408.717948717949 4384.615384615385 4727.179487179488 4065.1282051282055 3936.410256410257 4328.205128205129 4610.769230769231 4395.8974358974365 1613.0 1712.0 10.133 10.039877891540527 0.0 0.0 0.0 0.0  1  0  0  0  0  0  0  0  0  0  0  0  0  0 
10141 28.0 0.0 0.0 4492.820512820514 4068.717948717949 4418.461538461539 4511.794871794872 4490.256410256411 4723.076923076924 4410.769230769231 4383.076923076924 4724.615384615386 4066.666666666667 3936.9230769230776 4329.743589743591 4612.820512820514 4400.512820512821 1614.0 1713.0 10.141 10.039877891540527 0.0 0.0 0.0 0.0  1  0  0  0  0  0  0  0  0  0  0  0  0  0 
10149 29.0 0.0 0.0 