1992 94.0 0.0 0.0 4212.820512820514 4058.461538461539 4393.333333333334 4512.307692307693 4487.179487179488 4590.769230769231 4376.410256410257 4406.153846153847 4748.205128205129 5823.589743589744 4079.48717948718 7443.589743589744 4867.179487179488 4538.461538461539 1614.0 1711.0 1.992 1.8766127824783325 0.0 0.0 0.0 0.0  1  0  0  0  0  0  0  0  0  0  0  0  0  0 
1999 95.0 0.0 0.0 4216.923076923077 4061.538461538462 4386.153846153847 4510.769230769231 4491.794871794872 4603.589743589744 4380.000000000001 4409.743589743591 4750.256410256411 5807.179487179488 4045.1282051282055 6643.076923076924 4865.641025641026 4470.256410256411 1614.0 1712.0 1.999 1.8766127824783325 0.0 0.0 0.0 0.0  1  0  0  0  0  0  0  0  0  0  0  0  0  0 
2007 96.0 0.0 0.0 4213.333333333334 4064.1025641025644 4389.2307692307695 4513.846153846154 4491.794871794872 4606.666666666667 4376.923076923077 4400.000000000001 4744.615384615386 5773.333333333334 4029.23076923077 6502.051282051283 4857.948717948719 4442.564102564103 1615.0 1710.0 2.007 1.8766127824783325 0.0 0.0 0.0 0.0  1  0  0  0  0  0  0  0  0  0  0  0  0  0 
2013 97.0 0.0 0.0 4222.564102564103 4061.0256410256416 4401.538461538462 4516.923076923077 4492.820512820514 4612.820512820514 4377.435897435898 4446.666666666667 4770.769230769231 5803.076923076924 4046.666666666667 6675.8974358974365 4866.153846153847 4463.589743589744 1613.0 1711.0 2.014 1.8766127824783325 0.0 0.0 0.0 0.0  1  0  0  0  0  0  0  0  0  0  0  0  0  0 
2023 98.0 0.0 0.0 4205.128205128206 4052.820512820513 4406.666666666667 4508.205128205129 4490.256410256411 4612.307692307693 4376.410256410257 4394.871794871796 4738.974358974359 5744.615384615386 4016.410256410257 6311.794871794873 4847.179487179488 4443.589743589744 1614.0 1711.0 2.023 1.8766127824783325 0.0 0.0 0.0 0.0  1  0  0  0  0  0  0  0  0  0  0  0  0  0 
2029 99.0 0.0 0.0 4206.666666666667 4050.7692307692314 4428.205128205129 4506.153846153847 4491.282051282052 4618.974358974359 4382.051282051282 4408.205128205129 4745.128205128206 5717.948717948719 4013.8461538461543 6128.205128205129 4844.102564102564 4430.769230769231 1614.0 1712.0 2.03 1.8766127824783325 0.0 0.0 0.0 0.0  1  0  0  0  0  0  0  0  0  0  0  0  0  0 
2037 100.0 0.0 0.0 4202.051282051282 4043.076923076924 4437.435897435898 4506.666666666667 4489.2307692307695 4622.564102564103 4382.051282051282 4402.564102564103 4741.025641025642 5694.3589743589755 4016.410256410257 6227.179487179488 4833.846153846154 4429.743589743591 1614.0 1711.0 2.038 1.8766127824783325 0.0 0.0 0.0 0.0  1  0  0  0  0  0  0  0  0  0  0  0  0  0 
2045 101.0 0.0 0.0 4195.8974358974365 4041.538461538462 4443.076923076924 4506.666666666667 4489.2307692307695 4623.589743589744 4379.48717948718 4390.769230769231 4734.358974358975 5644.102564102564 4004.615384615385 6086.153846153847 4825.641025641026 4421.538461538462 1614.0 1713.0 2.046 1.8766127824783325 0.0 0.0 0.0 0.0  1  0  0  0  0  0  0  0  0  0  0  0  0  0 
2055 102.0 0.0 0.0 4201.025641025642 4041.538461538462 4440.512820512821 4503.589743589744 4490.256410256411 4629.743589743591 4383.076923076924 4417.948717948719 4747.6923076923085 5641.025641025642 4011.2820512820517 6086.153846153847 4829.743589743591 4416.410256410257 1614.0 1712.0 2.055 2.0017201900482178 0.0 0.0 0.0 0.0  1  0  0  0  0  0  0  0  0  0  0  0  0  0 
2061 103.0 0.0 0.0 4211.282051282052 4051.7948717948725 4428.205128205129 4505.641025641026 4490.256410256411 4637.435897435898 4382.051282051282 4422.051282051282 4749.743589743591 5632.820512820514 4017.9487179487182 6050.256410256411 4836.923076923077 4413.846153846154 1613.0 1712.0 2.061 2.0017201900482178 0.0 0.0 0.0 0.0  1  0  0  0  0  0  0  0  0  0  0  0  0  0 
2069 104.0 0.0 0.0 4222.051282051282 4055.3846153846157 4405.128205128206 4507.179487179488 4493.846153846154 4639.48717948718 4383.589743589744 4434.358974358975 4757.948717948719 5648.205128205129 4024.1025641025644 6114.3589743589755 4846.153846153847 4407.179487179487 1614.0 1712.0 2.069 2.0017201900482178 0.0 0.0 0.0 0.0  1  0  0  0  0  0  0  0  0  0  0  0  0  0 
2077 105.0 0.0 0.0 4228.717948717949 4065.6410256410263 4390.256410256411 4513.333333333334 4497.435897435898 4642.564102564103 4383.076923076924 4434.358974358975 4761.538461538462 5647.6923076923085 4022.564102564103 6077.435897435898 4851.794871794872 4406.153846153847 1613.0 1710.0 2.077 2.0017201900482178 0.0 0.0 0.0 0.0  1  0  0  0  0  0  0  0  0  0  0  0  0  0 
2086 106.0 0.0 0.0 4236.410256410257 4067.692307692308 4382.564102564103 4516.410256410257 4499.48717948718 4647.179487179488 4387.179487179487 4450.769230769231 4771.794871794872 5676.410256410257 4031.2820512820517 6096.923076923078 4854.871794871796 4404.615384615385 1613.0 1712.0 2.086 2.0329971313476562 0.0 0.0 0.0 0.0  1  0  0  0  0  0  0  0  0  0  0  0  0  0 
2093 107.0 0.0 0.0 4229.74358974359 4069.23076923077 4374.358974358975 4518.461538461539 4496.923076923077 4644.615384615385 4382.051282051282 4407.6923076923085 4744.102564102564 5641.025641025642 4015.3846153846157 6084.102564102564 4844.102564102564 4402.564102564103 1614.0 1710.0 2.093 2.0329971313476562 0.0 0.0 0.0 0.0  1  0  0  0  0  0  0  0  0  0  0  0  0  0 
2101 108.0 0.0 0.0 4230.256410256411 4063.589743589744 4375.384615384616 4521.025641025642 4497.948717948719 4646.153846153847 4383.076923076924 4424.102564102564 4751.282051282052 5635.8974358974365 4015.8974358974365 6040.000000000001 4844.615384615386 4404.615384615385 1614.0 1712.0 2.101 2.0329971313476562 0.0 0.0 0.0 0.0  1  0  0  0  0  0  0  0  0  0  0  0  0  0 
2108 109.0 0.0 0.0 4230.256410256411 4062.564102564103 4384.102564102564 4522.564102564103 4498.461538461539 4649.2307692307695 4381.025641025642 4426.153846153847 4753.846153846154 5634.3589743589755 4017.435897435898 6018.974358974359 4843.589743589744 4411.282051282052 1615.0 1711.0 2.108 2.0329971313476562 0.0 0.0 0.0 0.0  1  0  0  0  0  0  0  0  0  0  0  0  0  0 
2117 110.0 0.0 0.0 4228.205128205129 4055.8974358974365 4397.948717948719 4516.923076923077 4495.384615384616 4647.179487179488 4382.051282051282 4425.128205128206 4752.820512820514 5630.769230769231 4022.564102564103 6003.076923076924 4843.076923076924 4416.410256410257 1613.0 1711.0 2.117 2.0329971313476562 0.0 0.0 0.0 0.0  1  0  0  0  0  0  0  0  0  0  0  0  0  0 
2124 111.0 0.0 0.0 4230.256410256411 4049.7435897435903 4418.974358974359 4514.358974358975 4492.307692307693 4638.461538461539 4378.974358974359 4432.307692307693 4751.794871794872 5635.384615384616 4021.0256410256416 5966.666666666668 4843.589743589744 4426.666666666667 1615.0 1712.0 2.124 2.0329971313476562 0.0 0.0 0.0 0.0  1  0  0  0  0  0  0  0  0  0  0  0  0  0 
2132 112.0 0.0 0.0 4227.179487179487 4041.0256410256416 4443.589743589744 4508.717948717949 4489.2307692307695 4633.846153846154 4379.48717948718 4436.410256410257 4752.307692307693 5631.282051282052 4017.9487179487182 5914.3589743589755 4834.871794871796 4427.6923076923085 1614.0 1712.0 2.132 2.0329971313476562 0.0 0.0 0.0 0.0  1  0  0  0  0  0  0  0  0  0  0  0  0  0 
2140 113.0 0.0 0.0 4232.307692307693 4036.9230769230776 4470.256410256411 4501.538461538462 4485.641025641026 4631.794871794872 4379.48717948718 4461.538461538462 4765.128205128206 5663.076923076924 4025.1282051282055 5919.487179487181 4836.923076923077 4435.8974358974365 1615.0 1711.0 2.14 2.0329971313476562 0.0 0.0 0.0 0.0  1  0  0  0  0  0  0  0  0  0  0  0  0  0 
2148 114.0 0.0 0.0 4228.205128205129 4034.8717948717954 4480.000000000001 4497.948717948719 4482.051282051282 4627.179487179488 4374.871794871796 4445.641025641026 4757.435897435898 5655.384615384616 4016.9230769230776 5869.23076923077 4833.333333333334 4434.358974358975 1614.0 1711.0 2.148 2.0329971313476562 0.0 0.0 0.0 0.0  1  0  0  0  0  0  0  0  0  0  0  0  0  0 
2155 115.0 0.0 0.0 4246.666666666667 4040.0000000000005 4488.205128205129 4503.589743589744 4480.512820512821 4620.512820512821 4373.846153846154 4489.2307692307695 4786.153846153847 5715.384615384616 4043.076923076924 6054.3589743589755 4850.769230769231 4463.076923076924 1614.0 1711.0 2.155 2.0329971313476562 0.0 0.0 0.0 0.0  1  0  0  0  0  0  0  0  0  0  0  0  0  0 
2163 116.0 0.0 0.0 4254.871794871796 4045.1282051282055 4476.923076923077 4508.205128205129 4479.48717948718 4615.8974358974365 4369.743589743591 4477.435897435898 4778.461538461539 5750.769230769231 4042.564102564103 6206.153846153847 4853.846153846154 4471.282051282052 1614.0 1710.0 2.163 2.0329971313476562 0.0 0.0 0.0 0.0  1  0  0  0  0  0  0  0  0  0  0  0  0  0 
2171 117.0 0.0 0.0 4276.410256410257 4052.307692307693 4465.128205128206 4515.384615384616 4480.512820512821 4614.871794871796 4369.2307692307695 4511.282051282052 4798.974358974359 5814.871794871796 4061.0256410256416 6335.8974358974365 4872.820512820514 4487.179487179488 1614.0 1712.0 2.171 2.0329971313476562 0.0 0.0 0.0 0.0  1  0  0  0  0  0  0  0  0  0  0  0  0  0 
2180 118.0 0.0 0.0 4286.153846153847 4066.1538461538466 4445.128205128206 4527.179487179488 4480.000000000001 4608.717948717949 4360.512820512821 4501.025641025642 4797.948717948719 5862.564102564103 4078.9743589743593 6641.538461538463 4885.641025641026 4532.307692307693 1615.0 1710.0 2.18 2.1268277168273926 0.0 0.0 0.0 0.0  1  0  0  0  0  0  0  0  0  0  0  0  0  0 
2187 119.0 0.0 0.0 4290.256410256411 4073.333333333334 4426.666666666667 4535.8974358974365 4478.461538461539 4599.48717948718 4353.333333333334 4493.333333333334 4795.8974358974365 5897.435897435898 4092.307692307693 6963.076923076924 4890.256410256411 4564.102564102564 1613.0 1712.0 2.187 2.1268277168273926 0.0 0.0 0.0 0.0  1  0  0  0  0  0  0  0  0  0  0  0  0  0 
2194 120.0 0.0 0.0 4298.974358974359 4082.0512820512827 4422.051282051282 4544.615384615385 4479.48717948718 4591.794871794872 4347.6923076923085 4488.717948717949 4793.333333333334 5940.000000000001 4103.076923076924 7441.025641025642 4896.923076923077 4598.974358974359 1614.0 1712.0 2.194 2.1268277168273926 0.0 0.0 0.0 0.0  1  0  0  0  0  0  0  0  0  0  0  0  0  0 
2202 121.0 0.0 0.0 4294.871794871796 4084.1025641025644 4421.538461538462 4547.6923076923085 4478.974358974359 4578.461538461539 4346.666666666667 4461.025641025642 4782.051282051282 5939.487179487181 4108.205128205129 7762.051282051283 4888.205128205129 4625.128205128206 1613.0 1711.0 2.202 2.1268277168273926 0.0 0.0 0.0 0.0  1  0  0  0  0  0  0  0  0  0  0  0  0  0 
2211 122.0 0.0 0.0 4295.384615384616 4089.7435897435903 4449.743589743591 4556.410256410257 4474.358974358975 4557.435897435898 4334.358974358975 4450.769230769231 4775.8974358974365 5954.871794871796 4110.769230769231 7926.153846153848 4889.2307692307695 4667.6923076923085 1614.0 1712.0 2.211 2.1268277168273926 0.0 0.0 0.0 0.0  1  0  0  0  0  0  0  0  0  0  0  0  0  0 
2218 123.0 0.0 0.0 4279.48717948718 4083.076923076924 4486.153846153847 4561.538461538462 4465.128205128206 4535.8974358974365 4321.538461538462 4418.461538461539 4754.871794871796 5916.410256410257 4091.2820512820517 7724.615384615386 4871.794871794872 4675.384615384616 1614.0 1711.0 2.218 2.1268277168273926 0.0 0.0 0.0 0.0  1  0  0  0  0  0  0  0  0  0  0  0  0  0 
2226 124.0 0.0 0.0 4286.666666666667 4081.0256410256416 4529.2307692307695 4568.205128205129 4458.974358974359 4525.128205128206 4315.8974358974365 4457.435897435898 4770.769230769231 5945.128205128206 4108.205128205129 7821.538461538463 4873.846153846154 4710.256410256411 1614.0 1711.0 2.226 2.1268277168273926 0.0 0.0 0.0 0.0  1  0  0  0  0  0  0  0  0  0  0  0  0  0 
2233 125.0 0.0 0.0 4268.205128205129 4066.666666666667 4550.256410256411 4565.641025641026 4456.923076923077 4512.820512820514 4316.410256410257 4430.256410256411 4747.6923076923085 5922.564102564103 4099.48717948718 7800.512820512821 4854.358974358975 4714.358974358975 1614.0 1711.0 2.233 2.1268277168273926 0.0 0.0 0.0 0.0  1  0  0  0  0  0  0  0  0  0  0  0  0  0 
2242 126.0 0.0 0.0 4266.666666666667 4061.0256410256416 4579.48717948718 4565.128205128206 4457.948717948719 4502.564102564103 4318.974358974359 4445.641025641026 4757.948717948719 5930.256410256411 4103.076923076924 7768.205128205129 4851.794871794872 4725.128205128206 1614.0 1712.0 2.242 2.1268277168273926 0.0 0.0 0.0 0.0  1  0  0  0  0  0  0  0  0  0  0  0  0  0 
2249 127.0 0.0 0.0 4260.000000000001 4047.692307692308 4594.871794871796 4556.410256410257 4456.923076923077 4500.000000000001 4321.025641025642 4449.2307692307695 4760.000000000001 5934.3589743589755 4105.128205128206 7773.846153846155 4843.076923076924 4724.102564102564 1614.0 1711.0 2.249 2.1268277168273926 0.0 0.0 0.0 0.0  1  0  0  0  0  0  0  0  0  0  0  0  0  0 
2257 128.0 0.0 0.0 4251.282051282052 4034.8717948717954 4612.307692307693 4554.358974358975 4455.384615384616 4501.025641025642 4323.076923076924 4452.820512820514 4754.358974358975 5928.717948717949 4103.076923076924 7771.794871794873 4833.333333333334 4720.000000000001 1614.0 1712.0 2.257 2.1268277168273926 0.0 0.0 0.0 0.0  1  0  0  0  0  0  0  0  0  0  0  0  0  0 
2265 0.0 0.0 0.0 4248.717948717949 4026.1538461538466 4617.948717948719 4549.743589743591 4457.435897435898 4504.615384615385 4328.717948717949 4455.384615384616 4756.410256410257 5935.8974358974365 4107.179487179487 7771.794871794873 4830.769230769231 4718.461538461539 1614.0 1711.0 2.265 2.1268277168273926 0.0 0.0 0.0 0.0  1  0  0  0  0  0  0  0  0  0  0  0  0  0 
2273 1.0 0.0 0.0 4252.820512820514 4029.7435897435903 4594.358974358975 4535.384615384616 4456.923076923077 4508.717948717949 4333.846153846154 4446.666666666667 4757.435897435898 5934.3589743589755 4106.666666666667 7772.307692307693 4830.256410256411 4697.948717948719 1614.0 1711.0 2.273 2.1268277168273926 0.0 0.0 0.0 0.0  1  0  0  0  0  0  0  0  0  0  0  0  0  0 
2280 2.0 0.0 0.0 4255.384615384616 4030.2564102564106 4591.282051282052 4535.8974358974365 4455.8974358974365 4514.358974358975 4337.435897435898 4451.282051282052 4758.461538461539 5936.923076923078 4105.128205128206 7771.794871794873 4828.717948717949 4689.2307692307695 1613.0 1712.0 2.28 2.1268277168273926 0.0 0.0 0.0 0.0  1  0  0  0  0  0  0  0  0  0  0  0  0  0 
2288 3.0 0.0 0.0 4256.410256410257 4031.7948717948725 4588.205128205129 4551.794871794872 4462.051282051282 4521.025641025642 4336.923076923077 4448.205128205129 4758.974358974359 5934.871794871796 4102.564102564103 7771.794871794873 4829.743589743591 4691.794871794872 1614.0 1711.0 2.288 2.1268277168273926 0.0 0.0 0.0 0.0  1  0  0  0  0  0  0  0  0  0  0  0  0  0 
2296 4.0 0.0 0.0 4266.666666666667 4047.1794871794878 4538.974358974359 4556.410256410257 4470.769230769231 4532.307692307693 4336.410256410257 4443.076923076924 4761.025641025642 5937.948717948719 4100.000000000001 7771.794871794873 4841.538461538462 4676.410256410257 1613.0 1711.0 2.296 2.1268277168273926 0.0 0.0 0.0 0.0  1  0  0  0  0  0  0  0  0  0  0  0  0  0 
2305 5.0 0.0 0.0 4274.358974358975 4064.615384615385 4474.871794871796 4546.666666666667 4475.8974358974365 4545.641025641026 4346.153846153847 4441.025641025642 4759.48717948718 5940.512820512821 4095.8974358974365 7771.794871794873 4845.641025641026 4641.025641025642 1614.0 1711.0 2.305 2.2519352436065674 0.0 0.0 0.0 0.0  1  0  0  0  0  0  0  0  0  0  0  0  0  0 
2312 6.0 0.0 0.0 4281.025641025642 4073.333333333334 4453.846153846154 4554.358974358975 4482.564102564103 4558.974358974359 4353.333333333334 4437.435897435898 4760.512820512821 5943.076923076924 4091.2820512820517 7772.307692307693 4846.153846153847 4634.358974358975 1613.0 1710.0 2.312 2.2519352436065674 0.0 0.0 0.0 0.0  1  0  0  0  0  0  0  0  0  0  0  0  0  0 
2319 7.0 0.0 0.0 4277.948717948719 4070.2564102564106 4447.179487179487 4569.2307692307695 4490.256410256411 4568.717948717949 4356.923076923077 4424.102564102564 4758.974358974359 5934.871794871796 4085.6410256410263 7787.179487179488 4843.076923076924 4632.307692307693 1613.0 1712.0 2.319 2.2519352436065674 0.0 0.0 0.0 0.0  1  0  0  0  0  0  0  0  0  0  0  0  0  0 
2327 8.0 0.0 0.0 4276.923076923077 4067.692307692308 4467.179487179487 4571.794871794872 4490.256410256411 4577.435897435898 4358.461538461539 4440.512820512821 4766.666666666667 5947.6923076923085 4091.7948717948725 7846.153846153848 4844.102564102564 4644.615384615385 1615.0 1710.0 2.327 2.2519352436065674 0.0 0.0 0.0 0.0  1  0  0  0  0  0  0  0  0  0  0  0  0  0 
2334 9.0 0.0 0.0 4263.589743589744 4053.333333333334 4493.333333333334 4549.2307692307695 4482.564102564103 4583.076923076924 4362.051282051282 4434.358974358975 4755.8974358974365 5940.512820512821 4086.1538461538466 7742.051282051283 4828.717948717949 4637.435897435898 1613.0 1712.0 2.334 2.2519352436065674 0.0 0.0 0.0 0.0  1  0  0  0  0  0  0  0  0  0  0  0  0  0 
2343 10.0 0.0 0.0 4253.333333333334 4045.6410256410263 4518.461538461539 4535.384615384616 4476.923076923077 4582.051282051282 4355.8974358974365 4410.769230769231 4738.974358974359 5897.948717948719 4072.307692307693 7701.025641025642 4815.8974358974365 4632.307692307693 1615.0 1712.0 2.343 2.2519352436065674 0.0 0.0 0.0 0.0  1  0  0  0  0  0  0  0  0  0  0  0  0  0 
2351 11.0 0.0 0.0 4250.769230769231 4033.333333333334 4552.820512820514 4539.48717948718 4475.8974358974365 4576.923076923077 4352.307692307693 4434.871794871796 4752.820512820514 5896.923076923078 4088.717948717949 7938.97435897436 4813.333333333334 4661.538461538462 1614.0 1712.0 2.351 2.2519352436065674 0.0 0.0 0.0 0.0  1  0  0  0  0  0  0  0  0  0  0  0  0  0 
2359 12.0 0.0 0.0 4243.076923076924 4033.333333333334 4574.871794871796 4540.512820512821 4474.358974358975 4577.948717948719 4348.205128205129 4418.461538461539 4744.615384615386 5869.23076923077 4075.8974358974365 7492.307692307693 4806.153846153847 4657.948717948719 1615.0 1712.0 2.359 2.2519352436065674 0.0 0.0 0.0 0.0  1  0  0  0  0  0  0  0  0  0  0  0  0  0 
2368 13.0 0.0 0.0 4246.666666666667 4034.358974358975 4553.846153846154 4524.615384615385 4474.358974358975 4582.051282051282 4353.333333333334 4409.2307692307695 4738.461538461539 5838.974358974359 4041.0256410256416 6593.333333333334 4804.615384615386 4580.000000000001 1613.0 1711.0 2.368 2.2519352436065674 0.0 0.0 0.0 0.0  1  0  0  0  0  0  0  0  0  0  0  0  0  0 
2374 14.0 0.0 0.0 4271.794871794872 4047.1794871794878 4524.615384615385 4518.461538461539 4475.384615384616 4584.615384615385 4355.8974358974365 4451.282051282052 4763.076923076924 5871.282051282052 4060.0000000000005 6857.948717948719 4825.641025641026 4579.48717948718 1614.0 1711.0 2.374 2.2519352436065674 0.0 0.0 0.0 0.0  1  0  0  0  0  0  0  0  0  0  0  0  0  0 
2382 15.0 0.0 0.0 4282.051282051282 4045.6410256410263 4521.538461538462 4522.564102564103 4473.846153846154 4584.615384615385 4356.923076923077 4484.615384615385 4782.051282051282 5924.615384615386 4108.205128205129 7791.282051282053 4838.974358974359 4653.333333333334 1614.0 1711.0 2.382 2.2519352436065674 0.0 0.0 0.0 0.0  1  0  0  0  0  0  0  0  0  0  0  0  0  0 
2390 16.0 0.0 0.0 4272.820512820514 4050.2564102564106 4520.000000000001 4527.179487179488 4472.307692307693 4581.025641025642 4351.282051282052 4447.179487179487 4759.48717948718 5903.589743589744 4100.512820512821 7881.0256410256425 4830.256410256411 4664.615384615386 1614.0 1711.0 2.39 2.2519352436065674 0.0 0.0 0.0 0.0  1  0  0  0  0  0  0  0  0  0  0  0  0  0 
2398 17.0 0.0 0.0 4273.846153846154 4050.2564102564106 4506.666666666667 4523.589743589744 4473.333333333334 4577.948717948719 4352.307692307693 4445.641025641026 4762.051282051282 5895.384615384616 4091.7948717948725 7652.307692307693 4825.641025641026 4636.923076923077 1614.0 1710.0 2.398 2.2519352436065674 0.0 0.0 0.0 0.0  1  0  0  0  0  0  0  0  0  0  0  0  0  0 
2405 18.0 0.0 0.0 4287.6923076923085 4056.410256410257 4477.435897435898 4519.48717948718 4476.923076923077 4584.102564102564 4356.923076923077 4463.589743589744 4778.974358974359 5921.538461538462 4106.153846153847 7846.153846153848 4835.384615384616 4640.000000000001 1614.0 1712.0 2.405 2.2519352436065674 0.0 0.0 0.0 0.0  1  0  0  0  0  0  0  0  0  0  0  0  0  0 
2413 19.0 0.0 0.0 4291.794871794872 4060.5128205128212 4445.641025641026 4525.128205128206 4478.461538461539 4590.256410256411 4357.948717948719 4453.846153846154 4775.8974358974365 5926.666666666667 4106.666666666667 7918.461538461539 4841.025641025642 4646.666666666667 1615.0 1711.0 2.413 2.2519352436065674 0.0 0.0 0.0 0.0  1  0  0  0  0  0  0  0  0  0  0  0  0  0 
2421 20.0 0.0 0.0 4291.794871794872 4076.9230769230776 4416.410256410257 4532.307692307693 4482.564102564103 4592.820512820514 4356.410256410257 4430.256410256411 4765.128205128206 5914.871794871796 4090.2564102564106 7683.589743589745 4839.48717948718 4624.102564102564 1613.0 1712.0 2.421 2.2519352436065674 0.0 0.0 0.0 0.0  1  0  0  0  0  0  0  0  0  0  0  0  0  0 
2430 21.0 0.0 0.0 4294.871794871796 4084.615384615385 4407.6923076923085 4531.282051282052 4485.641025641026 4596.923076923077 4360.000000000001 4427.6923076923085 4764.102564102564 5914.871794871796 4096.923076923077 7902.564102564103 4840.512820512821 4629.743589743591 1615.0 1712.0 2.43 2.377042770385742 0.0 0.0 0.0 0.0  1  0  0  0  0  0  0  0  0  0  0  0  0  0 
2437 22.0 0.0 0.0 4288.205128205129 4081.0256410256416 4402.051282051282 4518.461538461539 4487.179487179488 4603.076923076924 4363.076923076924 4416.923076923077 4755.384615384616 5896.923076923078 4097.435897435898 7890.769230769231 4832.307692307693 4626.666666666667 1613.0 1712.0 2.437 2.377042770385742 0.0 0.0 0.0 0.0  1  0  0  0  0  0  0  0  0  0  0  0  0  0 
2445 23.0 0.0 0.0 4284.102564102564 4077.9487179487187 4416.410256410257 4515.8974358974365 4487.6923076923085 4600.512820512821 4358.974358974359 4419.48717948718 4755.384615384616 5882.051282051283 4067.692307692308 7012.820512820514 4828.205128205129 4587.179487179488 1613.0 1712.0 2.445 2.377042770385742 0.0 0.0 0.0 0.0  1  0  0  0  0  0  0  0  0  0  0  0  0  0 
2452 24.0 0.0 0.0 4273.333333333334 4072.820512820513 4434.871794871796 4518.461538461539 4487.179487179488 4596.923076923077 4362.051282051282 4412.307692307693 4749.743589743591 5860.000000000001 4034.8717948717954 6482.051282051283 4816.410256410257 4534.871794871796 1614.0 1711.0 2.452 2.377042770385742 0.0 0.0 0.0 0.0  1  0  0  0  0  0  0  0  0  0  0  0  0  0 
2461 25.0 0.0 0.0 4274.358974358975 4076.9230769230776 4442.051282051282 4520.512820512821 4485.128205128206 4604.102564102564 4363.589743589744 4411.794871794872 4748.205128205129 5832.820512820514 4029.23076923077 6495.8974358974365 4815.384615384616 4525.128205128206 1613.0 1712.0 2.461 2.377042770385742 0.0 0.0 0.0 0.0  1  0  0  0  0  0  0  0  0  0  0  0  0  0 
2468 26.0 0.0 0.0 4271.282051282052 4072.307692307693 4421.538461538462 4510.769230769231 4484.102564102564 4608.205128205129 4364.102564102564 4403.076923076924 4743.589743589744 5808.205128205129 4029.7435897435903 6441.025641025642 4811.282051282052 4517.435897435898 1613.0 1711.0 2.468 2.377042770385742 0.0 0.0 0.0 0.0  1  0  0  0  0  0  0  0  0  0  0  0  0  0 
2476 27.0 0.0 0.0 4272.820512820514 4083.076923076924 4413.333333333334 4509.743589743591 4486.153846153847 4607.6923076923085 4363.076923076924 4397.435897435898 4744.615384615386 5774.3589743589755 4020.0000000000005 6170.769230769231 4807.179487179488 4497.948717948719 1613.0 1711.0 2.476 2.377042770385742 0.0 0.0 0.0 0.0  1  0  0  0  0  0  0  0  0  0  0  0  0  0 
2484 28.0 0.0 0.0 4273.846153846154 4075.8974358974365 4424.615384615385 4514.871794871796 4484.615384615385 4611.282051282052 4369.743589743591 4428.717948717949 4760.512820512821 5787.6923076923085 4030.7692307692314 6381.025641025642 4806.153846153847 4500.000000000001 1614.0 1711.0 2.484 2.377042770385742 0.0 0.0 0.0 0.0  1  0  0  0  0  0  0  0  0  0  0  0  0  0 
2491 29.0 0.0 0.0 4250.256410256411 4073.333333333334 4429.2307692307695 4518.461538461539 4483.076923076924 4616.410256410257 4364.615384615385 4364.615384615385 4718.974358974359 5689.743589743591 3998.9743589743593 6111.794871794873 4782.051282051282 4477.435897435898 1613.0 1713.0 2.491 2.377042770385742 0.0 0.0 0.0 0.0  1  0  0  0  0  0  0  0  0  0  0  0  0  0 
2499 30.0 0.0 0.0 4254.358974358975 4067.1794871794878 4443.076923076924 4511.794871794872 4482.051282051282 4620.512820512821 4368.205128205129 4386.153846153847 4732.307692307693 5655.8974358974365 4000.5128205128212 5847.6923076923085 4782.051282051282 4457.435897435898 1614.0 1711.0 2.499 2.377042770385742 0.0 0.0 0.0 0.0  1  0  0  0  0  0  0  0  0  0  0  0  0  0 
2507 31.0 0.0 0.0 4257.435897435898 4077.9487179487187 4444.615384615385 4507.179487179488 4482.051282051282 4629.743589743591 4366.666666666667 4393.333333333334 4739.48717948718 5632.820512820514 4004.1025641025644 5874.871794871796 4783.076923076924 4451.282051282052 1613.0 1712.0 2.507 2.377042770385742 0.0 0.0 0.0 0.0  1  0  0  0  0  0  0  0  0  0  0  0  0  0 
2515 32.0 0.0 0.0 4264.615384615385 4076.410256410257 4446.153846153847 4511.794871794872 4488.717948717949 4636.410256410257 4368.205128205129 4431.794871794872 4759.48717948718 5652.307692307693 4016.410256410257 5937.948717948719 4792.820512820514 4461.025641025642 1614.0 1712.0 2.515 2.377042770385742 0.0 0.0 0.0 0.0  1  0  0  0  0  0  0  0  0  0  0  0  0  0 
2523 33.0 0.0 0.0 4256.923076923077 4080.5128205128212 4436.410256410257 4518.974358974359 4495.384615384616 4637.948717948719 4368.205128205129 4392.307692307693 4734.358974358975 5609.2307692307695 3993.333333333334 5767.6923076923085 4786.666666666667 4440.512820512821 1613.0 1711.0 2.523 2.377042770385742 0.0 0.0 0.0 0.0  1  0  0  0  0  0  0  0  0  0  0  0  0  0 
2531 34.0 0.0 0.0 4269.2307692307695 4089.23076923077 4426.666666666667 4520.512820512821 4495.384615384616 4649.2307692307695 4372.307692307693 4403.076923076924 4748.205128205129 5597.435897435898 3996.9230769230776 5674.871794871796 4792.820512820514 4426.153846153847 1614.0 1712.0 2.531 2.377042770385742 0.0 0.0 0.0 0.0  1  0  0  0  0  0  0  0  0  0  0  0  0  0 
2538 35.0 0.0 0.0 4280.000000000001 4098.974358974359 4399.48717948718 4520.000000000001 4493.333333333334 4661.538461538462 4371.794871794872 4409.743589743591 4755.384615384616 5602.051282051283 4003.076923076924 5746.666666666667 4799.48717948718 4418.974358974359 1614.0 1711.0 2.538 2.377042770385742 0.0 0.0 0.0 0.0  1  0  0  0  0  0  0  0  0  0  0  0  0  0 
2546 36.0 0.0 0.0 4287.6923076923085 4106.153846153847 4384.102564102564 4524.615384615385 4493.846153846154 4660.512820512821 4369.2307692307695 4409.2307692307695 4753.846153846154 5595.384615384616 3996.410256410257 5568.205128205129 4808.717948717949 4422.051282051282 1613.0 1712.0 2.546 2.377042770385742 0.0 0.0 0.0 0.0  1  0  0  0  0  0  0  0  0  0  0  0  0  0 
2555 37.0 0.0 0.0 4290.769230769231 4107.179487179487 4382.564102564103 4529.743589743591 4494.871794871796 4657.948717948719 4367.6923076923085 4414.871794871796 4757.435897435898 5600.512820512821 3990.2564102564106 5455.8974358974365 4811.282051282052 4422.564102564103 1614.0 1711.0 2.555 2.502150297164917 0.0 0.0 0.0 0.0  1  0  0  0  0  0  0  0  0  0  0  0  0  0 
2562 38.0 0.0 0.0 4287.6923076923085 4111.282051282052 4389.743589743591 4532.307692307693 4496.923076923077 4660.512820512821 4364.102564102564 4409.743589743591 4753.846153846154 5587.179487179488 3989.23076923077 5551.794871794872 4804.102564102564 4425.641025641026 1614.0 1712.0 2.562 2.502150297164917 0.0 0.0 0.0 0.0  1  0  0  0  0  0  0  0  0  0  0  0  0  0 
2570 39.0 0.0 0.0 4284.615384615385 4104.615384615385 4398.974358974359 4524.102564102564 4496.923076923077 4662.564102564103 4368.205128205129 4421.538461538462 4757.435897435898 5591.282051282052 3992.820512820513 5566.153846153847 4800.512820512821 4421.025641025642 1614.0 1712.0 2.57 2.502150297164917 0.0 0.0 0.0 0.0  1  0  0  0  0  0  0  0  0  0  0  0  0  0 
2578 40.0 0.0 0.0 4280.000000000001 4103.076923076924 4414.871794871796 4517.948717948719 4495.384615384616 4663.589743589744 4367.6923076923085 4410.256410256411 4749.743589743591 5573.846153846154 3981.538461538462 5422.051282051283 4795.384615384616 4422.051282051282 1613.0 1712.0 2.578 2.502150297164917 0.0 0.0 0.0 0.0  1  0  0  0  0  0  0  0  0  0  0  0  0  0 
2586 41.0 0.0 0.0 4273.333333333334 4093.8461538461543 4434.358974358975 4515.384615384616 4495.8974358974365 4664.102564102564 4370.256410256411 4420.512820512821 4755.384615384616 5569.2307692307695 3986.1538461538466 5445.128205128206 4787.6923076923085 4424.102564102564 1615.0 1711.0 2.586 2.5334272384643555 0.0 0.0 0.0 0.0  1  0  0  0  0  0  0  0  0  0  0  0  0  0 
2593 42.0 0.0 0.0 4272.820512820514 4097.435897435898 4446.153846153847 4516.923076923077 4493.333333333334 4666.666666666667 4369.2307692307695 4411.794871794872 4750.769230769231 5551.794871794872 3984.1025641025644 5483.076923076924 4786.666666666667 4423.076923076924 1613.0 1711.0 2.593 2.5334272384643555 0.0 0.0 0.0 0.0  1  0  0  0  0  0  0  0  0  0  0  0  0  0 
2601 43.0 0.0 0.0 4277.948717948719 4096.410256410257 4431.794871794872 4511.794871794872 4493.333333333334 4670.769230769231 4372.307692307693 4414.871794871796 4752.307692307693 5544.615384615386 3985.1282051282055 5459.487179487181 4792.820512820514 4414.871794871796 1615.0 1711.0 2.601 2.5334272384643555 0.0 0.0 0.0 0.0  1  0  0  0  0  0  0  0  0  0  0  0  0  0 
2609 44.0 0.0 0.0 4288.717948717949 4107.6923076923085 4414.358974358975 4518.974358974359 4497.435897435898 4676.923076923077 4369.2307692307695 4423.589743589744 4756.923076923077 5549.743589743591 3987.1794871794878 5457.435897435898 4802.051282051282 4418.461538461539 1613.0 1710.0 2.609 2.5334272384643555 0.0 0.0 0.0 0.0  1  0  0  0  0  0  0  0  0  0  0  0  0  0 
2616 45.0 0.0 0.0 4290.769230769231 4109.74358974359 4407.179487179487 4527.6923076923085 4496.923076923077 4678.974358974359 4369.2307692307695 4428.717948717949 4758.461538461539 5551.282051282052 3988.205128205129 5486.666666666667 4801.538461538462 4420.512820512821 1614.0 1711.0 2.616 2.5334272384643555 0.0 0.0 0.0 0.0  1  0  0  0  0  0  0  0  0  0  0  0  0  0 
2624 46.0 0.0 0.0 4287.6923076923085 4116.923076923077 4396.923076923077 4529.743589743591 4496.410256410257 4679.48717948718 4367.6923076923085 4411.282051282052 4751.282051282052 5535.384615384616 3981.538461538462 5447.179487179488 4797.435897435898 4417.948717948719 1614.0 1710.0 2.624 2.5334272384643555 0.0 0.0 0.0 0.0  1  0  0  0  0  0  0  0  0  0  0  0  0  0 
2632 47.0 0.0 0.0 4289.2307692307695 4116.410256410257 4386.153846153847 4525.641025641026 4496.923076923077 4677.948717948719 4368.205128205129 4410.256410256411 4753.846153846154 5532.820512820514 3983.076923076924 5423.589743589744 4801.025641025642 4415.8974358974365 1614.0 1712.0 2.632 2.5334272384643555 0.0 0.0 0.0 0.0  1  0  0  0  0  0  0  0  0  0  0  0  0  0 
2640 48.0 0.0 0.0 4290.769230769231 4114.871794871796 4390.256410256411 4528.205128205129 4498.974358974359 4679.48717948718 4369.743589743591 4409.2307692307695 4753.333333333334 5528.717948717949 3980.5128205128212 5394.871794871796 4803.076923076924 4415.384615384616 1615.0 1712.0 2.64 2.5334272384643555 0.0 0.0 0.0 0.0  1  0  0  0  0  0  0  0  0  0  0  0  0  0 
2648 49.0 0.0 0.0 4287.179487179487 4113.846153846154 4396.923076923077 4527.179487179488 4499.48717948718 4678.974358974359 4371.282051282052 4406.153846153847 4751.282051282052 5518.974358974359 3973.8461538461543 5287.6923076923085 4796.410256410257 4413.846153846154 1613.0 1712.0 2.648 2.5334272384643555 0.0 0.0 0.0 0.0  1  0  0  0  0  0  0  0  0  0  0  0  0  0 
2655 50.0 0.0 0.0 4284.102564102564 4109.2307692307695 4394.871794871796 4521.025641025642 4500.512820512821 4677.435897435898 4371.282051282052 4408.717948717949 4750.769230769231 5514.3589743589755 3971.2820512820517 5224.102564102564 4788.717948717949 4401.025641025642 1614.0 1712.0 2.655 2.5334272384643555 0.0 0.0 0.0 0.0  1  0  0  0  0  0  0  0  0  0  0  0  0  0 
2664 51.0 0.0 0.0 4287.179487179487 4104.615384615385 4400.000000000001 4519.48717948718 4500.000000000001 4678.974358974359 4372.307692307693 4418.461538461539 4755.8974358974365 5517.435897435898 3974.358974358975 5249.2307692307695 4790.256410256411 4396.410256410257 1613.0 1712.0 2.664 2.5334272384643555 0.0 0.0 0.0 0.0  1  0  0  0  0  0  0  0  0  0  0  0  0  0 
2671 52.0 0.0 0.0 4280.512820512821 4094.8717948717954 4409.743589743591 4519.48717948718 4500.000000000001 4678.461538461539 4378.461538461539 4415.384615384616 4753.333333333334 5507.6923076923085 3971.2820512820517 5266.666666666667 4784.615384615386 4391.282051282052 1614.0 1711.0 2.671 2.5334272384643555 0.0 0.0 0.0 0.0  1  0  0  0  0  0  0  0  0  0  0  0  0  0 
2680 53.0 0.0 0.0 4274.871794871796 4092.820512820513 4424.615384615385 4515.384615384616 4498.461538461539 4676.923076923077 4378.461538461539 4411.794871794872 4747.6923076923085 5489.743589743591 3967.1794871794878 5237.948717948719 4774.871794871796 4392.820512820514 1614.0 1711.0 2.68 2.627257823944092 0.0 0.0 0.0 0.0  1  0  0  0  0  0  0  0  0  0  0  0  0  0 
2687 54.0 0.0 0.0 4273.333333333334 4081.538461538462 4435.384615384616 4509.2307692307695 4498.461538461539 4681.538461538462 4381.538461538462 4421.025641025642 4750.256410256411 5484.615384615386 3971.2820512820517 5256.923076923078 4769.743589743591 4386.666666666667 1614.0 1711.0 2.687 2.627257823944092 0.0 0.0 0.0 0.0  1  0  0  0  0  0  0  0  0  0  0  0  0  0 
2695 55.0 0.0 0.0 4273.333333333334 4079.48717948718 4441.538461538462 4512.307692307693 4498.974358974359 4686.153846153847 4382.564102564103 4416.410256410257 4749.743589743591 5473.333333333334 3971.2820512820517 5250.256410256411 4772.820512820514 4385.641025641026 1613.0 1712.0 2.695 2.627257823944092 0.0 0.0 0.0 0.0  1  0  0  0  0  0  0  0  0  0  0  0  0  0 
2703 56.0 0.0 0.0 4272.307692307693 4076.9230769230776 4437.948717948719 4513.846153846154 4496.923076923077 4684.615384615386 4386.153846153847 4421.025641025642 4750.256410256411 5469.2307692307695 3974.8717948717954 5259.487179487181 4771.794871794872 4384.102564102564 1614.0 1711.0 2.703 2.627257823944092 0.0 0.0 0.0 0.0  1  0  0  0  0  0  0  0  0  0  0  0  0  0 
2712 57.0 0.0 0.0 4278.461538461539 4084.1025641025644 4431.282051282052 4516.410256410257 4494.871794871796 4686.153846153847 4380.512820512821 4420.512820512821 4747.179487179488 5464.615384615386 3975.3846153846157 5255.8974358974365 4773.846153846154 4390.256410256411 1614.0 1712.0 2.712 2.627257823944092 0.0 0.0 0.0 0.0  1  0  0  0  0  0  0  0  0  0  0  0  0  0 
2718 58.0 0.0 0.0 4283.589743589744 4083.076923076924 4414.358974358975 4518.461538461539 4497.435897435898 4691.282051282052 4380.512820512821 4420.512820512821 4752.820512820514 5467.6923076923085 3977.435897435898 5209.2307692307695 4778.461538461539 4384.615384615385 1614.0 1712.0 2.718 2.627257823944092 0.0 0.0 0.0 0.0  1  0  0  0  0  0  0  0  0  0  0  0  0  0 
2726 59.0 0.0 0.0 4289.2307692307695 4090.7692307692314 4401.025641025642 4523.589743589744 4500.000000000001 4692.820512820514 4378.974358974359 4415.384615384616 4754.358974358975 5466.666666666667 3974.358974358975 5197.948717948719 4782.564102564103 4382.051282051282 1613.0 1712.0 2.726 2.627257823944092 0.0 0.0 0.0 0.0  1  0  0  0  0  0  0  0  0  0  0  0  0  0 
2734 60.0 0.0 0.0 4291.282051282052 4091.7948717948725 4390.769230769231 4520.000000000001 4501.025641025642 4691.794871794872 4380.000000000001 4416.410256410257 4753.333333333334 5467.6923076923085 3975.8974358974365 5269.743589743591 4781.025641025642 4378.461538461539 1615.0 1711.0 2.734 2.627257823944092 0.0 0.0 0.0 0.0  1  0  0  0  0  0  0  0  0  0  0  0  0  0 
2743 61.0 0.0 0.0 4292.820512820514 4093.8461538461543 4389.2307692307695 4521.538461538462 4505.641025641026 4697.948717948719 4382.564102564103 4407.179487179487 4746.666666666667 5465.128205128206 3971.2820512820517 5213.333333333334 4781.025641025642 4375.384615384616 1613.0 1711.0 2.743 2.627257823944092 0.0 0.0 0.0 0.0  1  0  0  0  0  0  0  0  0  0  0  0  0  0 
2750 62.0 0.0 0.0 4289.74358974359 4090.2564102564106 4387.6923076923085 4524.615384615385 4507.179487179488 4701.538461538462 4386.666666666667 4407.6923076923085 4744.102564102564 5463.076923076924 3964.615384615385 5069.2307692307695 4777.435897435898 4366.666666666667 1615.0 1711.0 2.75 2.627257823944092 0.0 0.0 0.0 0.0  1  0  0  0  0  0  0  0  0  0  0  0  0  0 
2757 63.0 0.0 0.0 4284.615384615385 4093.8461538461543 4378.974358974359 4527.179487179488 4508.717948717949 4703.076923076924 4387.179487179487 4399.48717948718 4737.948717948719 5445.128205128206 3953.333333333334 5032.820512820514 4771.282051282052 4358.461538461539 1613.0 1710.0 2.757 2.627257823944092 0.0 0.0 0.0 0.0  1  0  0  0  0  0  0  0  0  0  0  0  0  0 
2765 64.0 0.0 0.0 4281.538461538462 4087.1794871794878 4363.076923076924 4524.615384615385 4514.871794871796 4710.769230769231 4394.871794871796 4400.000000000001 4742.564102564103 5435.384615384616 3949.2307692307695 5057.948717948719 4765.128205128206 4343.589743589744 1614.0 1712.0 2.765 2.627257823944092 0.0 0.0 0.0 0.0  1  0  0  0  0  0  0  0  0  0  0  0  0  0 
2773 65.0 0.0 0.0 4282.051282051282 4085.1282051282055 4356.410256410257 4525.128205128206 4520.000000000001 4721.538461538462 4402.051282051282 4402.564102564103 4742.051282051282 5427.6923076923085 3949.2307692307695 5037.435897435898 4763.076923076924 4330.769230769231 1615.0 1711.0 2.773 2.627257823944092 0.0 0.0 0.0 0.0  1  0  0  0  0  0  0  0  0  0  0  0  0  0 
2781 66.0 0.0 0.0 4284.102564102564 4084.615384615385 4365.128205128206 4524.615384615385 4512.820512820514 4722.051282051282 4397.948717948719 4408.205128205129 4738.461538461539 5417.948717948719 3952.820512820513 5022.564102564103 4764.102564102564 4335.8974358974365 1613.0 1712.0 2.781 2.627257823944092 0.0 0.0 0.0 0.0  1  0  0  0  0  0  0  0  0  0  0  0  0  0 
2789 67.0 0.0 0.0 4283.589743589744 4077.9487179487187 4374.871794871796 4521.538461538462 4508.717948717949 4717.948717948719 4394.358974358975 4409.743589743591 4740.000000000001 5416.923076923078 3956.9230769230776 5036.923076923077 4761.538461538462 4338.974358974359 1614.0 1712.0 2.789 2.627257823944092 0.0 0.0 0.0 0.0  1  0  0  0  0  0  0  0  0  0  0  0  0  0 
2796 68.0 0.0 0.0 4281.025641025642 4065.6410256410263 4390.256410256411 4517.948717948719 4508.205128205129 4714.871794871796 4393.846153846154 4408.717948717949 4744.102564102564 5417.435897435898 3959.48717948718 5035.384615384616 4758.461538461539 4338.974358974359 1614.0 1712.0 2.796 2.627257823944092 0.0 0.0 0.0 0.0  1  0  0  0  0  0  0  0  0  0  0  0  0  0 
2805 69.0 0.0 0.0 4281.025641025642 4062.564102564103 4404.102564102564 4511.794871794872 4506.153846153847 4708.717948717949 4392.307692307693 4419.48717948718 4749.743589743591 5426.153846153847 3966.1538461538466 5060.512820512821 4761.538461538462 4342.564102564103 1614.0 1711.0 2.805 2.7523653507232666 0.0 0.0 0.0 0.0  1  0  0  0  0  0  0  0  0  0  0  0  0  0 
2812 70.0 0.0 0.0 4284.615384615385 4064.1025641025644 4414.871794871796 4507.179487179488 4500.000000000001 4701.538461538462 4384.102564102564 4424.102564102564 4753.333333333334 5433.333333333334 3966.666666666667 4995.8974358974365 4762.564102564103 4351.282051282052 1614.0 1711.0 2.812 2.7523653507232666 0.0 0.0 0.0 0.0  1  0  0  0  0  0  0  0  0  0  0  0  0  0 
2820 71.0 0.0 13.0 4290.256410256411 4058.461538461539 4425.128205128206 4503.076923076924 4493.333333333334 4690.256410256411 4380.512820512821 4442.051282051282 4766.153846153847 5457.435897435898 3975.8974358974365 5077.435897435898 4763.589743589744 4365.128205128206 1615.0 1711.0 2.82 2.7523653507232666 0.0 0.0 0.0 0.0  1  0  0  0  0  0  0  0  0  0  0  0  0  0 
2828 72.0 0.0 0.0 4293.846153846154 4057.9487179487182 4441.025641025642 4506.666666666667 4490.256410256411 4678.461538461539 4374.871794871796 4440.000000000001 4764.615384615386 5467.6923076923085 3983.076923076924 5266.153846153847 4767.6923076923085 4389.2307692307695 1613.0 1711.0 2.828 2.7523653507232666 0.0 0.0 0.0 0.0  1  0  0  0  0  0  0  0  0  0  0  0  0  0 
2836 73.0 0.0 0.0 4292.820512820514 4051.7948717948725 4449.2307692307695 4507.179487179488 4487.179487179488 4668.717948717949 4375.384615384616 4444.615384615385 4767.6923076923085 5482.051282051283 3987.1794871794878 5302.051282051283 4767.6923076923085 4397.435897435898 1614.0 1711.0 2.836 2.7523653507232666 0.0 0.0 0.0 0.0  1  0  0  0  0  0  0  0  0  0  0  0  0  0 
2843 74.0 0.0 0.0 4291.282051282052 4050.2564102564106 4458.461538461539 4508.717948717949 4482.051282051282 4663.076923076924 4372.307692307693 4429.2307692307695 4760.000000000001 5480.512820512821 3981.0256410256416 5200.000000000001 4763.076923076924 4401.025641025642 1614.0 1711.0 2.843 2.7523653507232666 0.0 0.0 0.0 0.0  1  0  0  0  0  0  0  0  0  0  0  0  0  0 
2851 75.0 0.0 0.0 4296.923076923077 4045.1282051282055 4463.076923076924 4508.205128205129 4476.923076923077 4655.384615384616 4371.794871794872 4436.410256410257 4764.102564102564 5492.307692307693 3987.692307692308 5238.461538461539 4763.076923076924 4404.615384615385 1613.0 1713.0 2.851 2.7523653507232666 0.0 0.0 0.0 0.0  1  0  0  0  0  0  0  0  0  0  0  0  0  0 
2859 76.0 0.0 0.0 4308.717948717949 4055.8974358974365 4451.794871794872 4513.333333333334 4478.461538461539 4651.794871794872 4367.179487179487 4442.564102564103 4768.205128205129 5512.820512820514 3995.3846153846157 5369.743589743591 4772.820512820514 4414.358974358975 1614.0 1711.0 2.859 2.7523653507232666 0.0 0.0 0.0 0.0  1  0  0  0  0  0  0  0  0  0  0  0  0  0 
2867 77.0 0.0 0.0 4311.282051282052 4059.48717948718 4422.051282051282 4515.8974358974365 4482.564102564103 4648.717948717949 4365.128205128206 4436.410256410257 4764.102564102564 5513.333333333334 3996.9230769230776 5375.384615384616 4776.923076923077 4410.769230769231 1613.0 1712.0 2.867 2.7523653507232666 0.0 0.0 0.0 0.0  1  0  0  0  0  0  0  0  0  0  0  0  0  0 
2875 78.0 0.0 0.0 4325.641025641026 4075.8974358974365 4395.8974358974365 4520.000000000001 4488.205128205129 4645.641025641026 4360.000000000001 4444.102564102564 4770.769230769231 5534.871794871796 4005.1282051282055 5517.948717948719 4789.743589743591 4424.615384615385 1614.0 1712.0 2.875 2.7523653507232666 0.0 0.0 0.0 0.0  1  0  0  0  0  0  0  0  0  0  0  0  0  0 
2882 79.0 0.0 0.0 4329.743589743591 4081.0256410256416 4372.820512820514 4521.025641025642 4489.743589743591 4644.102564102564 4361.538461538462 4432.307692307693 4771.282051282052 5543.589743589744 4009.7435897435903 5698.974358974359 4789.743589743591 4424.102564102564 1613.0 1711.0 2.882 2.7523653507232666 0.0 0.0 0.0 0.0  1  0  0  0  0  0  0  0  0  0  0  0  0  0 
2890 80.0 0.0 0.0 4333.846153846154 4090.7692307692314 4361.538461538462 4525.641025641026 4490.256410256411 4644.102564102564 4362.564102564103 4429.743589743591 4773.333333333334 5556.410256410257 4014.358974358975 5733.333333333334 4793.333333333334 4428.205128205129 1613.0 1711.0 2.89 2.7523653507232666 0.0 0.0 0.0 0.0  1  0  0  0  0  0  0  0  0  0  0  0  0  0 
2898 81.0 0.0 0.0 4325.128205128206 4078.9743589743593 4360.512820512821 4524.615384615385 4490.769230769231 4638.461538461539 4366.153846153847 4421.538461538462 4765.641025641026 5550.256410256411 4010.2564102564106 5649.743589743591 4786.153846153847 4422.564102564103 1614.0 1711.0 2.898 2.7523653507232666 0.0 0.0 0.0 0.0  1  0  0  0  0  0  0  0  0  0  0  0  0  0 
2906 82.0 0.0 0.0 4323.076923076924 4075.3846153846157 4369.743589743591 4520.512820512821 4488.717948717949 4632.307692307693 4367.6923076923085 4426.153846153847 4767.179487179488 5553.333333333334 4010.7692307692314 5718.974358974359 4782.051282051282 4428.205128205129 1614.0 1711.0 2.906 2.7523653507232666 0.0 0.0 0.0 0.0  1  0  0  0  0  0  0  0  0  0  0  0  0  0 
2914 83.0 0.0 0.0 4314.358974358975 4059.48717948718 4390.256410256411 4520.512820512821 4485.128205128206 4631.794871794872 4370.769230769231 4420.512820512821 4763.589743589744 5551.282051282052 4013.333333333334 5828.717948717949 4770.769230769231 4435.384615384616 1613.0 1711.0 2.914 2.7523653507232666 0.0 0.0 0.0 0.0  1  0  0  0  0  0  0  0  0  0  0  0  0  0 
2922 84.0 0.0 0.0 4308.717948717949 4049.23076923077 4408.205128205129 4519.48717948718 4481.538461538462 4629.743589743591 4372.820512820514 4425.641025641026 4762.051282051282 5550.769230769231 4018.461538461539 5812.820512820514 4763.589743589744 4442.564102564103 1614.0 1712.0 2.922 2.7523653507232666 0.0 0.0 0.0 0.0  1  0  0  0  0  0  0  0  0  0  0  0  0  0 
2929 85.0 0.0 0.0 4303.076923076924 4034.358974358975 4428.205128205129 4514.871794871796 4477.948717948719 4626.666666666667 4374.358974358975 4426.153846153847 4756.410256410257 5542.051282051283 4007.1794871794878 5657.948717948719 4755.384615384616 4437.435897435898 1614.0 1711.0 2.929 2.8774728775024414 0.0 0.0 0.0 0.0  1  0  0  0  0  0  0  0  0  0  0  0  0  0 
2937 86.0 0.0 0.0 4300.512820512821 4029.23076923077 4447.6923076923085 4507.6923076923085 4476.410256410257 4627.179487179488 4375.384615384616 4428.205128205129 4757.948717948719 5540.000000000001 4000.5128205128212 5592.820512820514 4748.717948717949 4428.205128205129 1614.0 1713.0 2.937 2.8774728775024414 0.0 0.0 0.0 0.0  1  0  0  0  0  0  0  0  0  0  0  0  0  0 
2945 87.0 0.0 0.0 4295.8974358974365 4023.589743589744 4465.128205128206 4507.179487179488 4476.923076923077 4629.743589743591 4374.871794871796 4426.666666666667 4756.410256410257 5541.025641025642 4004.615384615385 5651.794871794873 4742.051282051282 4432.820512820514 1615.0 1712.0 2.945 2.8774728775024414 0.0 0.0 0.0 0.0  1  0  0  0  0  0  0  0  0  0  0  0  0  0 
2953 88.0 0.0 0.0 4292.820512820514 4016.9230769230776 4469.2307692307695 4504.615384615385 4475.384615384616 4626.153846153847 4377.435897435898 4432.307692307693 4756.410256410257 5544.102564102564 4009.7435897435903 5681.538461538462 4736.923076923077 4430.769230769231 1613.0 1712.0 2.953 2.8774728775024414 0.0 0.0 0.0 0.0  1  0  0  0  0  0  0  0  0  0  0  0  0  0 
2962 89.0 0.0 0.0 4297.948717948719 4020.0000000000005 4472.307692307693 4507.179487179488 4475.8974358974365 4625.128205128206 4371.794871794872 4427.179487179487 4754.871794871796 5540.000000000001 4003.589743589744 5634.871794871796 4738.461538461539 4429.2307692307695 1614.0 1711.0 2.962 2.8774728775024414 0.0 0.0 0.0 0.0  1  0  0  0  0  0  0  0  0  0  0  0  0  0 
2968 90.0 0.0 0.0 4304.102564102564 4026.1538461538466 4454.871794871796 4512.307692307693 4476.410256410257 4626.153846153847 4370.256410256411 4435.384615384616 4764.615384615386 5550.769230769231 4006.1538461538466 5652.307692307693 4746.666666666667 4421.538461538462 1613.0 1711.0 2.968 2.8774728775024414 0.0 0.0 0.0 0.0  1  0  0  0  0  0  0  0  0  0  0  0  0  0 
2976 91.0 0.0 0.0 4318.974358974359 4046.666666666667 4411.794871794872 4522.564102564103 4480.512820512821 4628.717948717949 4369.2307692307695 4436.923076923077 4768.205128205129 5565.128205128206 4005.6410256410263 5651.282051282052 4761.538461538462 4422.051282051282 1615.0 1711.0 2.976 2.8774728775024414 0.0 0.0 0.0 0.0  1  0  0  0  0  0  0  0  0  0  0  0  0  0 
2984 92.0 0.0 0.0 4333.846153846154 4053.333333333334 4361.538461538462 4534.358974358975 4488.205128205129 4631.282051282052 4370.769230769231 4440.512820512821 4775.384615384616 5586.666666666667 4010.7692307692314 5671.282051282052 4769.2307692307695 4418.461538461539 1614.0 1711.0 2.984 2.8774728775024414 0.0 0.0 0.0 0.0  1  0  0  0  0  0  0  0  0  0  0  0  0  0 
2993 93.0 0.0 0.0 4343.076923076924 4076.410256410257 4317.435897435898 4552.307692307693 4492.820512820514 4638.974358974359 4363.589743589744 4414.871794871796 4768.205128205129 5587.6923076923085 4008.205128205129 5701.538461538462 4776.923076923077 4418.974358974359 1614.0 1712.0 2.993 2.9400265216827393 0.0 0.0 0.0 0.0  1  0  0  0  0  0  0  0  0  0  0  0  0  0 
3000 94.0 0.0 0.0 4349.743589743591 4095.8974358974365 4240.000000000001 4557.948717948719 4498.461538461539 4652.307692307693 4368.717948717949 4393.846153846154 4764.102564102564 5576.410256410257 4001.538461538462 5624.615384615386 4786.153846153847 4389.2307692307695 1614.0 1712.0 3.0 2.9400265216827393 0.0 0.0 0.0 0.0  1  0  0  0  0  0  0  0  0  0  0  0  0  0 
3008 95.0 0.0 0.0 4396.923076923077 4143.589743589744 4130.256410256411 4560.512820512821 4510.769230769231 4664.102564102564 4372.307692307693 4437.948717948719 4802.051282051282 5647.6923076923085 4028.205128205129 5850.256410256411 4828.717948717949 4392.820512820514 1614.0 1712.0 3.008 2.9400265216827393 0.0 0.0 0.0 0.0  1  0  0  0  0  0  0  0  0  0  0  0  0  0 
3015 96.0 0.0 0.0 4412.820512820514 4149.74358974359 4070.7692307692314 4569.2307692307695 4516.410256410257 4656.923076923077 4371.282051282052 4427.6923076923085 4800.512820512821 5689.743589743591 4041.538461538462 6186.666666666668 4840.000000000001 4411.282051282052 1614.0 1711.0 3.015 2.9400265216827393 0.0 0.0 0.0 0.0  1  0  0  0  0  0  0  0  0  0  0  0  0  0 
3023 97.0 0.0 0.0 4382.051282051282 4136.923076923077 4133.333333333334 4565.128205128206 4510.769230769231 4642.051282051282 4369.743589743591 4384.615384615385 4767.179487179488 5658.461538461539 4021.538461538462 6146.153846153847 4811.794871794872 4426.666666666667 1614.0 1712.0 3.023 2.9400265216827393 0.0 0.0 0.0 0.0  1  0  0  0  0  0  0  0  0  0  0  0  0  0 
3031 98.0 0.0 0.0 4330.769230769231 4062.564102564103 4298.974358974359 4522.564102564103 4493.333333333334 4623.589743589744 4384.102564102564 4402.051282051282 4759.48717948718 5642.051282051283 4015.8974358974365 5960.512820512821 4764.615384615386 4437.435897435898 1615.0 1710.0 3.031 2.9400265216827393 0.0 0.0 0.0 0.0  1  0  0  0  0  0  0  0  0  0  0  0  0  0 
3039 99.0 0.0 0.0 4274.358974358975 3987.1794871794878 4488.717948717949 4475.384615384616 4471.282051282052 4598.974358974359 4390.769230769231 4411.794871794872 4743.589743589744 5605.641025641026 4008.717948717949 5794.3589743589755 4707.179487179488 4449.743589743591 1613.0 1711.0 3.039 2.9400265216827393 0.0 0.0 0.0 0.0  1  0  0  0  0  0  0  0  0  0  0  0  0  0 
3047 100.0 0.0 0.0 4223.589743589744 3913.8461538461543 4670.769230769231 4464.102564102564 4448.717948717949 4579.48717948718 4387.6923076923085 4413.333333333334 4723.589743589744 5541.025641025642 3995.3846153846157 5583.589743589744 4652.820512820514 4467.6923076923085 1615.0 1711.0 3.047 2.9400265216827393 0.0 0.0 0.0 0.0  1  0  0  0  0  0  0  0  0  0  0  0  0  0 
3056 101.0 0.0 0.0 4216.410256410257 3888.717948717949 4759.48717948718 4462.051282051282 4437.948717948719 4579.48717948718 4385.641025641026 4447.6923076923085 4735.384615384616 5530.769230769231 4002.0512820512827 5530.769230769231 4645.128205128206 4489.2307692307695 1614.0 1711.0 3.056 3.002580404281616 0.0 0.0 0.0 0.0  1  0  0  0  0  0  0  0  0  0  0  0  0  0 
3062 102.0 0.0 0.0 4240.512820512821 3896.410256410257 4706.666666666667 4455.384615384616 4438.974358974359 4589.2307692307695 4384.102564102564 4456.923076923077 4745.641025641026 5537.948717948719 4009.7435897435903 5474.3589743589755 4667.6923076923085 4474.358974358975 1614.0 1712.0 3.062 3.002580404281616 0.0 0.0 0.0 0.0  1  0  0  0  0  0  0  0  0  0  0  0  0  0 
3070 103.0 0.0 0.0 4278.974358974359 3943.076923076924 4564.615384615385 4460.512820512821 4450.769230769231 4603.076923076924 4381.025641025642 4456.410256410257 4761.025641025642 5551.794871794872 4010.7692307692314 5412.820512820514 4701.025641025642 4426.666666666667 1614.0 1711.0 3.07 3.002580404281616 0.0 0.0 0.0 0.0  1  0  0  0  0  0  0  0  0  0  0  0  0  0 
3078 104.0 0.0 0.0 4322.564102564103 3995.3846153846157 4445.641025641026 4493.846153846154 4465.128205128206 4616.923076923077 4376.410256410257 4469.743589743591 4785.128205128206 5598.461538461539 4024.615384615385 5659.487179487181 4743.589743589744 4418.974358974359 1614.0 1712.0 3.078 3.002580404281616 0.0 0.0 0.0 0.0  1  0  0  0  0  0  0  0  0  0  0  0  0  0 
3087 105.0 0.0 0.0 4346.153846153847 4024.615384615385 4352.307692307693 4521.025641025642 4480.000000000001 4624.102564102564 4375.384615384616 4449.2307692307695 4783.589743589744 5630.256410256411 4032.820512820513 5925.128205128206 4765.128205128206 4413.846153846154 1613.0 1712.0 3.087 3.0338573455810547 0.0 0.0 0.0 0.0  1  0  0  0  0  0  0  0  0  0  0  0  0  0 
3094 106.0 0.0 0.0 4354.871794871796 4055.3846153846157 4266.666666666667 4533.333333333334 4492.307692307693 4633.333333333334 4375.8974358974365 4409.2307692307695 4767.179487179488 5617.435897435898 4017.9487179487182 5875.384615384616 4770.256410256411 4388.717948717949 1614.0 1711.0 3.094 3.0338573455810547 0.0 0.0 0.0 0.0  1  0  0  0  0  0  0  0  0  0  0  0  0  0 
3101 107.0 0.0 0.0 4368.717948717949 4071.2820512820517 4202.564102564103 4538.461538461539 4497.435897435898 4642.564102564103 4381.025641025642 4428.717948717949 4783.589743589744 5643.076923076924 4024.615384615385 5864.102564102564 4785.128205128206 4373.846153846154 1614.0 1711.0 3.101 3.0338573455810547 0.0 0.0 0.0 0.0  1  0  0  0  0  0  0  0  0  0  0  0  0  0 
3109 108.0 0.0 0.0 4382.564102564103 4092.307692307693 4180.512820512821 4554.358974358975 4501.538461538462 4643.076923076924 4372.820512820514 4426.153846153847 4786.153846153847 5669.743589743591 4029.23076923077 5936.923076923078 4798.974358974359 4391.282051282052 1614.0 1711.0 3.109 3.0338573455810547 0.0 0.0 0.0 0.0  1  0  0  0  0  0  0  0  0  0  0  0  0  0 
3117 109.0 0.0 0.0 4372.820512820514 4080.0000000000005 4195.384615384616 4565.641025641026 4499.48717948718 4629.2307692307695 4367.179487179487 4409.743589743591 4775.8974358974365 5671.794871794873 4021.0256410256416 5889.23076923077 4786.153846153847 4400.512820512821 1614.0 1711.0 3.117 3.0338573455810547 0.0 0.0 0.0 0.0  1  0  0  0  0  0  0  0  0  0  0  0  0  0 
3125 110.0 0.0 0.0 4360.512820512821 4070.7692307692314 4247.179487179487 4563.589743589744 4490.256410256411 4618.974358974359 4365.128205128206 4407.6923076923085 4767.179487179488 5667.6923076923085 4015.3846153846157 5866.666666666667 4774.871794871796 4421.025641025642 1614.0 1712.0 3.125 3.0338573455810547 0.0 0.0 0.0 0.0  1  0  0  0  0  0  0  0  0  0  0  0  0  0 
3133 111.0 0.0 0.0 4331.794871794872 4026.1538461538466 4332.820512820514 4538.974358974359 4477.435897435898 4607.6923076923085 4375.8974358974365 4411.794871794872 4758.974358974359 5655.8974358974365 4024.1025641025644 5923.076923076924 4749.743589743591 4432.307692307693 1614.0 1712.0 3.133 3.0338573455810547 0.0 0.0 0.0 0.0  1  0  0  0  0  0  0  0  0  0  0  0  0  0 
3141 112.0 0.0 0.0 4307.179487179487 4003.589743589744 4428.205128205129 4513.333333333334 4470.256410256411 4593.846153846154 4378.461538461539 4420.000000000001 4753.846153846154 5645.128205128206 4024.1025641025644 5874.3589743589755 4722.051282051282 4445.641025641026 1614.0 1712.0 3.141 3.0338573455810547 0.0 0.0 0.0 0.0  1  0  0  0  0  0  0  0  0  0  0  0  0  0 
3149 113.0 0.0 0.0 4280.512820512821 3963.589743589744 4521.025641025642 4502.564102564103 4460.512820512821 4577.948717948719 4380.512820512821 4431.282051282052 4745.128205128206 5622.051282051283 4013.333333333334 5691.282051282052 4693.846153846154 4453.846153846154 1613.0 1712.0 3.149 3.0964109897613525 0.0 0.0 0.0 0.0  1  0  0  0  0  0  0  0  0  0  0  0  0  0 
3156 114.0 0.0 0.0 4274.358974358975 3947.692307692308 4591.282051282052 4499.48717948718 4450.769230769231 4570.256410256411 4375.384615384616 4449.2307692307695 4746.666666666667 5616.410256410257 4012.307692307693 5613.846153846154 4685.128205128206 4468.717948717949 1614.0 1712.0 3.156 3.0964109897613525 0.0 0.0 0.0 0.0  1  0  0  0  0  0  0  0  0  0  0  0  0  0 
3164 115.0 0.0 0.0 4272.820512820514 3935.8974358974365 4620.512820512821 4495.8974358974365 4446.153846153847 4569.743589743591 4372.307692307693 4455.8974358974365 4748.205128205129 5621.538461538462 4015.8974358974365 5685.128205128206 4680.512820512821 4471.794871794872 1614.0 1710.0 3.164 3.0964109897613525 0.0 0.0 0.0 0.0  1  0  0  0  0  0  0  0  0  0  0  0  0  0 
3172 116.0 0.0 0.0 4284.615384615385 3948.205128205129 4591.282051282052 4493.846153846154 4449.743589743591 4573.846153846154 4365.128205128206 4457.435897435898 4751.794871794872 5629.743589743591 4017.9487179487182 5682.051282051283 4692.820512820514 4465.641025641026 1613.0 1711.0 3.172 3.0964109897613525 0.0 0.0 0.0 0.0  1  0  0  0  0  0  0  0  0  0  0  0  0  0 
3180 117.0 0.0 0.0 4305.641025641026 3953.333333333334 4546.153846153847 4509.743589743591 4453.333333333334 4579.48717948718 4359.48717948718 4463.076923076924 4759.48717948718 5645.641025641026 4022.564102564103 5615.8974358974365 4713.333333333334 4459.48717948718 1615.0 1710.0 3.18 3.127687931060791 0.0 0.0 0.0 0.0  1  0  0  0  0  0  0  0  0  0  0  0  0  0 
3187 118.0 0.0 0.0 4320.000000000001 3958.9743589743593 4491.794871794872 4528.717948717949 4457.435897435898 4582.564102564103 4355.384615384616 4447.179487179487 4758.974358974359 5649.743589743591 4017.435897435898 5704.615384615386 4723.076923076924 4456.410256410257 1614.0 1712.0 3.187 3.127687931060791 0.0 0.0 0.0 0.0  1  0  0  0  0  0  0  0  0  0  0  0  0  0 
3195 119.0 0.0 0.0 4327.179487179487 3963.589743589744 4436.923076923077 4541.538461538462 4465.128205128206 4592.820512820514 4356.923076923077 4423.589743589744 4751.794871794872 5638.461538461539 4007.692307692308 5763.589743589744 4729.2307692307695 4451.282051282052 1615.0 1711.0 3.195 3.127687931060791 0.0 0.0 0.0 0.0  1  0  0  0  0  0  0  0  0  0  0  0  0  0 
3203 120.0 0.0 0.0 4345.128205128206 3974.8717948717954 4364.102564102564 4541.025641025642 4471.282051282052 4610.769230769231 4362.564102564103 4430.256410256411 4762.564102564103 5653.333333333334 4015.3846153846157 5810.256410256411 4746.153846153847 4440.512820512821 1614.0 1711.0 3.203 3.127687931060791 0.0 0.0 0.0 0.0  1  0  0  0  0  0  0  0  0  0  0  0  0  0 
3211 121.0 0.0 0.0 4361.025641025642 3984.615384615385 4304.102564102564 4551.282051282052 4474.358974358975 4621.538461538462 4357.948717948719 4424.615384615385 4764.615384615386 5660.512820512821 4017.9487179487182 5848.205128205129 4760.000000000001 4446.153846153847 1614.0 1712.0 3.211 3.127687931060791 0.0 0.0 0.0 0.0  1  0  0  0  0  0  0  0  0  0  0  0  0  0 
3219 122.0 0.0 0.0 4362.564102564103 3974.8717948717954 4283.076923076924 4561.025641025642 4476.410256410257 4616.923076923077 4354.358974358975 4417.948717948719 4763.076923076924 5664.102564102564 4014.358974358975 5866.666666666667 4760.000000000001 4448.717948717949 1615.0 1711.0 3.219 3.127687931060791 0.0 0.0 0.0 0.0  1  0  0  0  0  0  0  0  0  0  0  0  0  0 
3227 123.0 0.0 0.0 4364.102564102564 3972.307692307693 4300.512820512821 4561.025641025642 4478.461538461539 4613.846153846154 4350.256410256411 4412.307692307693 4764.615384615386 5669.2307692307695 4014.8717948717954 5910.769230769231 4760.512820512821 4461.538461538462 1614.0 1711.0 3.227 3.127687931060791 0.0 0.0 0.0 0.0  1  0  0  0  0  0  0  0  0  0  0  0  0  0 
3234 124.0 0.0 0.0 4352.820512820514 3953.333333333334 4339.48717948718 4544.615384615385 4473.846153846154 4610.256410256411 4357.435897435898 4411.794871794872 4761.025641025642 5664.102564102564 4017.435897435898 5906.666666666667 4747.179487179488 4464.615384615385 1614.0 1711.0 3.234 3.127687931060791 0.0 0.0 0.0 0.0  1  0  0  0  0  0  0  0  0  0  0  0  0  0 
3242 125.0 0.0 0.0 4332.820512820514 3937.9487179487182 4408.205128205129 4526.153846153847 4466.153846153847 4602.051282051282 4361.025641025642 4407.6923076923085 4747.6923076923085 5640.000000000001 4008.717948717949 5812.820512820514 4730.256410256411 4479.48717948718 1614.0 1711.0 3.242 3.127687931060791 0.0 0.0 0.0 0.0  1  0  0  0  0  0  0  0  0  0  0  0  0  0 
3250 126.0 0.0 0.0 4305.128205128206 3902.0512820512827 4490.256410256411 4506.666666666667 4454.871794871796 4594.358974358975 4372.820512820514 4421.025641025642 4746.666666666667 5625.128205128206 4009.23076923077 5731.794871794873 4704.615384615386 4481.025641025642 1614.0 1710.0 3.25 3.127687931060791 0.0 0.0 0.0 0.0  1  0  0  0  0  0  0  0  0  0  0  0  0  0 
3258 127.0 0.0 0.0 4294.871794871796 3886.1538461538466 4542.564102564103 4495.384615384616 4446.153846153847 4593.333333333334 4375.384615384616 4429.743589743591 4748.205128205129 5612.307692307693 4006.1538461538466 5602.051282051283 4686.666666666667 4477.435897435898 1613.0 1712.0 3.258 3.127687931060791 0.0 0.0 0.0 0.0  1  0  0  0  0  0  0  0  0  0  0  0  0  0 
3266 128.0 0.0 0.0 4288.205128205129 3868.717948717949 4563.589743589744 4491.794871794872 4443.589743589744 4590.769230769231 4378.974358974359 4444.615384615385 4751.282051282052 5604.102564102564 4002.564102564103 5442.564102564103 4674.358974358975 4453.846153846154 1614.0 1711.0 3.266 3.127687931060791 0.0 0.0 0.0 0.0  1  0  0  0  0  0  0  0  0  0  0  0  0  0 
3274 0.0 0.0 0.0 4300.000000000001 3878.461538461539 4542.051282051282 4493.846153846154 4447.6923076923085 4593.846153846154 4370.256410256411 4452.307692307693 4757.435897435898 5607.179487179488 4001.0256410256416 5408.717948717949 4686.153846153847 4441.538461538462 1613.0 1712.0 3.274 3.127687931060791 0.0 0.0 0.0 0.0  1  0  0  0  0  0  0  0  0  0  0  0  0  0 
3281 1.0 0.0 0.0 4315.384615384616 3875.3846153846157 4501.538461538462 4498.461538461539 4447.6923076923085 4599.48717948718 4369.2307692307695 4449.743589743591 4764.615384615386 5617.435897435898 4006.666666666667 5477.435897435898 4697.948717948719 4437.948717948719 1614.0 1712.0 3.281 3.127687931060791 0.0 0.0 0.0 0.0  1  0  0  0  0  0  0  0  0  0  0  0  0  0 
3289 2.0 0.0 0.0 4331.794871794872 3888.717948717949 4458.461538461539 4507.179487179488 4451.794871794872 4603.589743589744 4366.666666666667 4431.794871794872 4763.076923076924 5614.871794871796 4004.615384615385 5454.871794871796 4707.6923076923085 4425.641025641026 1613.0 1711.0 3.289 3.127687931060791 0.0 0.0 0.0 0.0  1  0  0  0  0  0  0  0  0  0  0  0  0  0 
3297 3.0 0.0 1.0 4338.461538461539 3901.0256410256416 4436.923076923077 4517.948717948719 4457.435897435898 4602.564102564103 4368.205128205129 4437.435897435898 4768.205128205129 5623.589743589744 4005.6410256410263 5470.256410256411 4714.871794871796 4421.025641025642 1614.0 1712.0 3.297 3.127687931060791 0.0 0.0 0.0 0.0  1  0  0  0  0  0  0  0  0  0  0  0  0  0 
3305 4.0 0.0 0.0 4341.538461538462 3904.1025641025644 4409.2307692307695 4520.512820512821 4463.076923076924 4609.2307692307695 4365.641025641026 4430.256410256411 4765.128205128206 5625.641025641026 4002.564102564103 5513.846153846154 4716.923076923077 4415.384615384616 1614.0 1711.0 3.305 3.252795457839966 0.0 0.0 0.0 0.0  1  0  0  0  0  0  0  0  0  0  0  0  0  0 
3313 5.0 0.0 0.0 4344.102564102564 3900.0000000000005 4385.128205128206 4522.564102564103 4462.564102564103 4612.820512820514 4365.128205128206 4414.871794871796 4755.384615384616 5604.102564102564 3997.435897435898 5457.435897435898 4714.358974358975 4411.282051282052 1613.0 1712.0 3.313 3.252795457839966 0.0 0.0 0.0 0.0  1  0  0  0  0  0  0  0  0  0  0  0  0  0 
3320 6.0 0.0 0.0 4352.820512820514 3904.615384615385 4353.846153846154 4527.6923076923085 4467.179487179487 4617.948717948719 4365.641025641026 4425.128205128206 4764.615384615386 5610.769230769231 4002.0512820512827 5527.179487179488 4720.000000000001 4410.256410256411 1614.0 1711.0 3.32 3.252795457839966 0.0 0.0 0.0 0.0  1  0  0  0  0  0  0  0  0  0  0  0  0  0 
3328 7.0 0.0 22.0 4362.564102564103 3915.3846153846157 4325.128205128206 4534.358974358975 4470.256410256411 4617.948717948719 4363.076923076924 4421.538461538462 4767.6923076923085 5618.974358974359 4008.205128205129 5643.076923076924 4731.794871794872 4431.794871794872 1615.0 1711.0 3.328 3.252795457839966 0.0 0.0 0.0 0.0  1  0  0  0  0  0  0  0  0  0  0  0  0  0 
3336 8.0 0.0 0.0 4367.6923076923085 3917.435897435898 4300.000000000001 4532.820512820514 4471.794871794872 4620.000000000001 4367.6923076923085 4413.846153846154 4767.6923076923085 5619.487179487181 4009.23076923077 5628.205128205129 4733.846153846154 4431.282051282052 1614.0 1711.0 3.336 3.252795457839966 0.0 0.0 0.0 0.0  1  0  0  0  0  0  0  0  0  0  0  0  0  0 
3343 9.0 0.0 1.0 4371.794871794872 3924.1025641025644 4298.974358974359 4530.256410256411 4468.205128205129 4620.000000000001 4368.717948717949 4408.717948717949 4767.179487179488 5615.384615384616 4007.692307692308 5610.256410256411 4732.307692307693 4435.8974358974365 1614.0 1712.0 3.343 3.252795457839966 0.0 0.0 0.0 0.0  1  0  0  0  0  0  0  0  0  0  0  0  0  0 
3352 10.0 0.0 0.0 4358.461538461539 3908.205128205129 4329.743589743591 4518.974358974359 4464.102564102564 4608.717948717949 4377.948717948719 4418.974358974359 4768.717948717949 5622.564102564103 4012.820512820513 5667.6923076923085 4718.974358974359 4437.435897435898 1615.0 1710.0 3.352 3.252795457839966 0.0 0.0 0.0 0.0  1  0  0  0  0  0  0  0  0  0  0  0  0  0 
3359 11.0 0.0 0.0 4346.153846153847 3899.48717948718 4378.974358974359 4507.6923076923085 4464.102564102564 4600.000000000001 4380.512820512821 4419.48717948718 4763.076923076924 5617.948717948719 4007.1794871794878 5544.102564102564 4705.641025641026 4441.025641025642 1613.0 1712.0 3.359 3.252795457839966 0.0 0.0 0.0 0.0  1  0  0  0  0  0  0  0  0  0  0  0  0  0 
3367 12.0 0.0 0.0 4328.205128205129 3878.9743589743593 4404.102564102564 4493.333333333334 4460.000000000001 4599.48717948718 4391.282051282052 4414.871794871796 4757.948717948719 5595.8974358974365 3995.8974358974365 5323.589743589744 4682.564102564103 4412.307692307693 1614.0 1712.0 3.367 3.252795457839966 0.0 0.0 0.0 0.0  1  0  0  0  0  0  0  0  0  0  0  0  0  0 
3375 13.0 0.0 0.0 4338.461538461539 3881.0256410256416 4397.948717948719 4487.179487179488 4458.974358974359 4605.128205128206 4393.333333333334 4433.333333333334 4772.307692307693 5604.102564102564 3996.9230769230776 5326.153846153847 4688.205128205129 4400.000000000001 1614.0 1711.0 3.375 3.252795457839966 0.0 0.0 0.0 0.0  1  0  0  0  0  0  0  0  0  0  0  0  0  0 
3383 14.0 0.0 0.0 4350.769230769231 3880.0000000000005 4388.205128205129 4490.769230769231 4462.564102564103 4608.205128205129 4394.358974358975 4449.2307692307695 4781.025641025642 5633.333333333334 4003.076923076924 5391.794871794872 4701.025641025642 4409.743589743591 1614.0 1712.0 3.383 3.252795457839966 0.0 0.0 0.0 0.0  1  0  0  0  0  0  0  0  0  0  0  0  0  0 
3391 15.0 0.0 0.0 4332.820512820514 3888.717948717949 4355.384615384616 4499.48717948718 4471.794871794872 4638.461538461539 4384.615384615385 4357.435897435898 4734.871794871796 5545.641025641026 3958.9743589743593 5077.948717948719 4681.025641025642 4385.128205128206 1614.0 1711.0 3.391 3.252795457839966 0.0 0.0 0.0 0.0  1  0  0  0  0  0  0  0  0  0  0  0  0  0 
3399 16.0 0.0 0.0 4318.461538461539 3887.1794871794878 4327.179487179487 4504.102564102564 4469.2307692307695 4665.641025641026 4383.076923076924 4324.102564102564 4726.666666666667 5451.794871794872 3941.538461538462 4793.333333333334 4665.128205128206 4355.8974358974365 1614.0 1711.0 3.399 3.252795457839966 0.0 0.0 0.0 0.0  1  0  0  0  0  0  0  0  0  0  0  0  0  0 
3406 17.0 0.0 0.0 4346.666666666667 3898.9743589743593 4326.153846153847 4506.153846153847 4469.743589743591 4683.589743589744 4382.564102564103 4401.025641025642 4771.794871794872 5479.487179487181 3969.7435897435903 4798.974358974359 4691.794871794872 4366.666666666667 1615.0 1711.0 3.406 3.252795457839966 0.0 0.0 0.0 0.0  1  0  0  0  0  0  0  0  0  0  0  0  0  0 
3414 18.0 0.0 0.0 4370.256410256411 3901.0256410256416 4354.358974358975 4514.871794871796 4456.410256410257 4650.769230769231 4367.179487179487 4440.000000000001 4777.435897435898 5529.743589743591 3983.589743589744 4792.307692307693 4712.820512820514 4405.128205128206 1613.0 1712.0 3.414 3.252795457839966 0.0 0.0 0.0 0.0  1  0  0  0  0  0  0  0  0  0  0  0  0  0 
3422 19.0 0.0 0.0 4371.794871794872 3897.9487179487182 4366.153846153847 4524.615384615385 4456.410256410257 4609.2307692307695 4352.820512820514 4432.307692307693 4762.564102564103 5546.666666666667 3980.5128205128212 4884.615384615386 4716.410256410257 4424.102564102564 1615.0 1712.0 3.422 3.252795457839966 0.0 0.0 0.0 0.0  1  0  0  0  0  0  0  0  0  0  0  0  0  0 
3430 20.0 0.0 0.0 4376.410256410257 3902.564102564103 4370.769230769231 4530.769230769231 4458.974358974359 4586.666666666667 4355.384615384616 4457.435897435898 4776.923076923077 5588.717948717949 3999.48717948718 5208.717948717949 4722.564102564103 4452.307692307693 1614.0 1712.0 3.43 3.3779029846191406 0.0 0.0 0.0 0.0  1  0  0  0  0  0  0  0  0  0  0  0  0  0 
3438 21.0 0.0 0.0 4371.282051282052 3911.2820512820517 4366.666666666667 4529.2307692307695 4464.102564102564 4595.8974358974365 4362.564102564103 4442.051282051282 4771.794871794872 5600.512820512821 4003.589743589744 5346.666666666667 4714.358974358975 4453.333333333334 1614.0 1712.0 3.438 3.3779029846191406 0.0 0.0 0.0 0.0  1  0  0  0  0  0  0  0  0  0  0  0  0  0 
3445 22.0 0.0 0.0 4364.615384615385 3921.538461538462 4375.8974358974365 4526.153846153847 4456.410256410257 4585.641025641026 4353.846153846154 4400.512820512821 4748.205128205129 5565.641025641026 3989.7435897435903 5225.641025641026 4701.025641025642 4454.871794871796 1613.0 1712.0 3.445 3.3779029846191406 0.0 0.0 0.0 0.0  1  0  0  0  0  0  0  0  0  0  0  0  0  0 
3452 23.0 0.0 0.0 4367.179487179487 3920.0000000000005 4402.564102564103 4520.512820512821 4455.384615384616 4568.717948717949 4355.384615384616 4427.179487179487 4760.000000000001 5582.564102564103 3999.48717948718 5242.051282051283 4698.461538461539 4464.102564102564 1614.0 1711.0 3.452 3.3779029846191406 0.0 0.0 0.0 0.0  1  0  0  0  0  0  0  0  0  0  0  0  0  0 
3460 24.0 0.0 0.0 4361.538461538462 3917.435897435898 4432.820512820514 4515.8974358974365 4452.307692307693 4566.153846153847 4356.410256410257 4429.2307692307695 4758.974358974359 5591.794871794873 4004.1025641025644 5286.666666666667 4693.333333333334 4478.461538461539 1614.0 1711.0 3.46 3.3779029846191406 0.0 0.0 0.0 0.0  1  0  0  0  0  0  0  0  0  0  0  0  0  0 
3469 25.0 0.0 0.0 4346.666666666667 3909.2307692307695 4456.923076923077 4506.666666666667 4445.128205128206 4554.358974358975 4359.48717948718 4428.205128205129 4755.384615384616 5588.205128205129 4002.0512820512827 5255.8974358974365 4680.512820512821 4474.871794871796 1613.0 1712.0 3.469 3.3779029846191406 0.0 0.0 0.0 0.0  1  0  0  0  0  0  0  0  0  0  0  0  0  0 
3477 26.0 0.0 0.0 4348.205128205129 3925.6410256410263 4467.6923076923085 4503.589743589744 4445.128205128206 4549.2307692307695 4357.435897435898 4441.025641025642 4755.384615384616 5593.846153846154 4000.0000000000005 5233.846153846154 4681.025641025642 4478.461538461539 1615.0 1710.0 3.477 3.3779029846191406 0.0 0.0 0.0 0.0  1  0  0  0  0  0  0  0  0  0  0  0  0  0 
3485 27.0 0.0 0.0 4346.666666666667 3918.9743589743593 4469.743589743591 4503.076923076924 4439.48717948718 4539.48717948718 4363.076923076924 4446.153846153847 4753.333333333334 5602.051282051283 4005.1282051282055 5262.564102564103 4675.384615384616 4474.871794871796 1614.0 1712.0 3.485 3.3779029846191406 0.0 0.0 0.0 0.0  1  0  0  0  0  0  0  0  0  0  0  0  0  0 
3494 28.0 0.0 0.0 4350.256410256411 3922.564102564103 4473.333333333334 4507.179487179488 4440.000000000001 4542.051282051282 4360.000000000001 4441.025641025642 4757.948717948719 5612.307692307693 4008.717948717949 5377.435897435898 4679.48717948718 4485.128205128206 1614.0 1712.0 3.494 3.3779029846191406 0.0 0.0 0.0 0.0  1  0  0  0  0  0  0  0  0  0  0  0  0  0 
3500 29.0 0.0 0.0 4347.6923076923085 3914.8717948717954 4477.948717948719 4504.615384615385 4439.48717948718 4536.410256410257 4358.461538461539 4437.948717948719 4758.974358974359 5622.051282051283 4010.2564102564106 5449.743589743591 4673.846153846154 4495.384615384616 1614.0 1711.0 3.5 3.3779029846191406 0.0 0.0 0.0 0.0  1  0  0  0  0  0  0  0  0  0  0  0  0  0 
3508 30.0 0.0 0.0 4350.256410256411 3929.2307692307695 4482.564102564103 4504.615384615385 4445.128205128206 4536.410256410257 4357.435897435898 4435.8974358974365 4753.333333333334 5624.615384615386 4005.6410256410263 5423.076923076924 4670.769230769231 4497.948717948719 1614.0 1711.0 3.508 3.3779029846191406 0.0 0.0 0.0 0.0  1  0  0  0  0  0  0  0  0  0  0  0  0  0 
3516 31.0 0.0 0.0 4347.179487179487 3924.1025641025644 4485.641025641026 4506.153846153847 4444.615384615385 4533.333333333334 4358.974358974359 4438.461538461539 4752.820512820514 5626.666666666667 4008.205128205129 5433.846153846154 4668.717948717949 4496.410256410257 1614.0 1712.0 3.516 3.3779029846191406 0.0 0.0 0.0 0.0  1  0  0  0  0  0  0  0  0  0  0  0  0  0 
3524 32.0 0.0 0.0 4352.307692307693 3920.5128205128212 4475.384615384616 4510.256410256411 4447.179487179487 4537.435897435898 4360.512820512821 4435.8974358974365 4756.410256410257 5630.256410256411 4007.1794871794878 5422.564102564103 4671.282051282052 4493.333333333334 1615.0 1712.0 3.524 3.3779029846191406 0.0 0.0 0.0 0.0  1  0  0  0  0  0  0  0  0  0  0  0  0  0 
3532 33.0 0.0 0.0 4360.512820512821 3924.1025641025644 4441.538461538462 4516.410256410257 4450.769230769231 4546.666666666667 4360.000000000001 4427.179487179487 4751.794871794872 5629.2307692307695 4001.0256410256416 5327.179487179488 4675.384615384616 4484.615384615385 1614.0 1711.0 3.532 3.3779029846191406 0.0 0.0 0.0 0.0  1  0  0  0  0  0  0  0  0  0  0  0  0  0 
3539 34.0 0.0 0.0 4375.8974358974365 3935.3846153846157 4394.871794871796 4523.589743589744 4454.871794871796 4555.8974358974365 4356.923076923077 4428.717948717949 4759.48717948718 5641.538461538462 4000.5128205128212 5299.487179487181 4686.666666666667 4477.948717948719 1614.0 1711.0 3.539 3.3779029846191406 0.0 0.0 0.0 0.0  1  0  0  0  0  0  0  0  0  0  0  0  0  0 
3547 35.0 0.0 0.0 4394.358974358975 3945.6410256410263 4343.589743589744 4532.307692307693 4461.538461538462 4564.615384615385 4349.743589743591 4421.538461538462 4763.076923076924 5651.282051282052 3997.9487179487182 5288.205128205129 4703.076923076924 4477.435897435898 1614.0 1711.0 3.547 3.3779029846191406 0.0 0.0 0.0 0.0  1  0  0  0  0  0  0  0  0  0  0  0  0  0 
3555 36.0 0.0 0.0 4402.564102564103 3950.2564102564106 4301.025641025642 4535.384615384616 4468.205128205129 4571.282051282052 4350.256410256411 4410.256410256411 4763.589743589744 5655.384615384616 3993.8461538461543 5279.487179487181 4710.769230769231 4471.794871794872 1615.0 1711.0 3.555 3.5030105113983154 0.0 0.0 0.0 0.0  1  0  0  0  0  0  0  0  0  0  0  0  0  0 
3563 37.0 0.0 0.0 4403.076923076924 3956.410256410257 4295.384615384616 4540.512820512821 4469.2307692307695 4572.820512820514 4350.769230769231 4405.641025641026 4761.025641025642 5651.794871794873 3988.717948717949 5247.179487179488 4709.743589743591 4480.512820512821 1614.0 1711.0 3.563 3.5030105113983154 0.0 0.0 0.0 0.0  1  0  0  0  0  0  0  0  0  0  0  0  0  0 
3571 38.0 0.0 0.0 4386.666666666667 3936.410256410257 4331.794871794872 4539.48717948718 4466.666666666667 4570.256410256411 4355.384615384616 4411.794871794872 4759.48717948718 5650.769230769231 3986.1538461538466 5249.2307692307695 4695.384615384616 4482.564102564103 1614.0 1711.0 3.571 3.5030105113983154 0.0 0.0 0.0 0.0  1  0  0  0  0  0  0  0  0  0  0  0  0  0 
3578 39.0 0.0 0.0 4371.282051282052 3930.2564102564106 4382.564102564103 4531.794871794872 4463.076923076924 4570.256410256411 4357.435897435898 4415.8974358974365 4755.384615384616 5645.128205128206 3984.1025641025644 5247.179487179488 4678.974358974359 4487.179487179488 1613.0 1712.0 3.578 3.5030105113983154 0.0 0.0 0.0 0.0  1  0  0  0  0  0  0  0  0  0  0  0  0  0 
3586 40.0 0.0 0.0 4362.564102564103 3917.9487179487182 4415.8974358974365 4517.948717948719 4458.974358974359 4571.794871794872 4362.051282051282 4432.307692307693 4761.025641025642 5649.743589743591 3991.7948717948725 5254.871794871796 4667.179487179488 4487.179487179488 1615.0 1712.0 3.586 3.534287214279175 0.0 0.0 0.0 0.0  1  0  0  0  0  0  0  0  0  0  0  0  0  0 
3594 41.0 0.0 0.0 4362.564102564103 3919.48717948718 4435.384615384616 4516.410256410257 4456.923076923077 4570.769230769231 4358.974358974359 4432.820512820514 4761.538461538462 5647.6923076923085 3993.333333333334 5253.333333333334 4667.179487179488 4493.846153846154 1613.0 1712.0 3.594 3.534287214279175 0.0 0.0 0.0 0.0  1  0  0  0  0  0  0  0  0  0  0  0  0  0 
3602 42.0 0.0 0.0 4362.051282051282 3910.2564102564106 4437.435897435898 4515.8974358974365 4457.948717948719 4571.794871794872 4361.025641025642 4432.820512820514 4765.128205128206 5654.871794871796 3995.8974358974365 5250.256410256411 4666.153846153847 4483.589743589744 1614.0 1711.0 3.602 3.534287214279175 0.0 0.0 0.0 0.0  1  0  0  0  0  0  0  0  0  0  0  0  0  0 
3610 43.0 0.0 0.0 4370.256410256411 3918.9743589743593 4421.025641025642 4512.820512820514 4460.000000000001 4580.000000000001 4361.538461538462 4427.6923076923085 4765.128205128206 5656.923076923078 3993.8461538461543 5256.923076923078 4669.743589743591 4474.871794871796 1613.0 1711.0 3.61 3.534287214279175 0.0 0.0 0.0 0.0  1  0  0  0  0  0  0  0  0  0  0  0  0  0 
3617 44.0 0.0 0.0 4371.794871794872 3912.307692307693 4404.102564102564 4506.666666666667 4457.435897435898 4578.461538461539 4367.6923076923085 4438.461538461539 4767.179487179488 5666.153846153847 3997.435897435898 5252.820512820514 4671.282051282052 4466.666666666667 1613.0 1711.0 3.617 3.534287214279175 0.0 0.0 0.0 0.0  1  0  0  0  0  0  0  0  0  0  0  0  0  0 
3625 45.0 0.0 0.0 4368.717948717949 3917.9487179487182 4405.641025641026 4508.717948717949 4456.923076923077 4573.846153846154 4366.153846153847 4445.128205128206 4770.256410256411 5676.923076923078 3997.435897435898 5257.948717948719 4672.820512820514 4473.333333333334 1615.0 1710.0 3.625 3.534287214279175 0.0 0.0 0.0 0.0  1  0  0  0  0  0  0  0  0  0  0  0  0  0 
3633 46.0 0.0 0.0 4361.538461538462 3908.205128205129 4423.076923076924 4508.205128205129 4451.282051282052 4565.128205128206 4365.641025641026 4453.333333333334 4772.307692307693 5691.794871794873 4000.0000000000005 5260.000000000001 4663.589743589744 4484.102564102564 1613.0 1712.0 3.633 3.534287214279175 0.0 0.0 0.0 0.0  1  0  0  0  0  0  0  0  0  0  0  0  0  0 
3641 47.0 0.0 0.0 4361.538461538462 3909.7435897435903 4446.153846153847 4505.641025641026 4447.179487179487 4559.48717948718 4362.051282051282 4448.717948717949 4767.6923076923085 5694.871794871796 3998.9743589743593 5243.589743589744 4659.48717948718 4491.282051282052 1615.0 1712.0 3.641 3.534287214279175 0.0 0.0 0.0 0.0  1  0  0  0  0  0  0  0  0  0  0  0  0  0 
3649 48.0 0.0 0.0 4354.358974358975 3902.0512820512827 4469.743589743591 4501.025641025642 4441.538461538462 4548.205128205129 4365.641025641026 4443.589743589744 4763.076923076924 5694.3589743589755 4004.1025641025644 5266.666666666667 4653.333333333334 4492.820512820514 1613.0 1711.0 3.649 3.534287214279175 0.0 0.0 0.0 0.0  1  0  0  0  0  0  0  0  0  0  0  0  0  0 
3656 49.0 0.0 0.0 4352.307692307693 3906.1538461538466 4485.128205128206 4494.871794871796 4443.076923076924 4546.153846153847 4365.641025641026 4443.076923076924 4765.641025641026 5706.666666666667 4005.1282051282055 5236.410256410257 4652.820512820514 4492.307692307693 1614.0 1712.0 3.656 3.534287214279175 0.0 0.0 0.0 0.0  1  0  0  0  0  0  0  0  0  0  0  0  0  0 
3664 50.0 0.0 0.0 4349.743589743591 3903.589743589744 4496.410256410257 4492.307692307693 4441.025641025642 4543.076923076924 4367.179487179487 4439.48717948718 4760.000000000001 5711.282051282052 4001.538461538462 5172.307692307693 4653.333333333334 4495.384615384616 1614.0 1712.0 3.664 3.534287214279175 0.0 0.0 0.0 0.0  1  0  0  0  0  0  0  0  0  0  0  0  0  0 
3672 51.0 0.0 0.0 4353.846153846154 3897.435897435898 4498.974358974359 4490.256410256411 4443.589743589744 4545.641025641026 4370.769230769231 4443.589743589744 4763.589743589744 5720.000000000001 4000.5128205128212 5136.410256410257 4655.384615384616 4486.666666666667 1614.0 1711.0 3.672 3.534287214279175 0.0 0.0 0.0 0.0  1  0  0  0  0  0  0  0  0  0  0  0  0  0 
3681 52.0 0.0 0.0 4357.948717948719 3898.9743589743593 4485.128205128206 4489.2307692307695 4443.076923076924 4543.589743589744 4371.282051282052 4439.48717948718 4761.025641025642 5726.666666666667 3995.8974358974365 5101.025641025642 4655.8974358974365 4472.820512820514 1614.0 1711.0 3.681 3.6281180381774902 0.0 0.0 0.0 0.0  1  0  0  0  0  0  0  0  0  0  0  0  0  0 
3688 53.0 0.0 0.0 4358.461538461539 3895.3846153846157 4461.538461538462 4487.6923076923085 4448.205128205129 4550.769230769231 4374.871794871796 4444.615384615385 4765.641025641026 5743.589743589744 3995.8974358974365 5158.974358974359 4656.923076923077 4457.435897435898 1615.0 1711.0 3.688 3.6281180381774902 0.0 0.0 0.0 0.0  1  0  0  0  0  0  0  0  0  0  0  0  0  0 
3696 54.0 0.0 0.0 4362.564102564103 3897.9487179487182 4447.179487179487 4493.846153846154 4447.6923076923085 4551.282051282052 4377.948717948719 4436.923076923077 4763.076923076924 5744.102564102564 3994.8717948717954 5190.769230769231 4660.512820512821 4461.538461538462 1614.0 1710.0 3.696 3.6281180381774902 0.0 0.0 0.0 0.0  1  0  0  0  0  0  0  0  0  0  0  0  0  0 
3704 55.0 0.0 0.0 4366.666666666667 3883.589743589744 4417.948717948719 4495.8974358974365 4452.307692307693 4555.8974358974365 4388.717948717949 4435.384615384616 4771.794871794872 5756.410256410257 3993.8461538461543 5217.435897435898 4661.025641025642 4441.538461538462 1613.0 1712.0 3.704 3.6281180381774902 0.0 0.0 0.0 0.0  1  0  0  0  0  0  0  0  0  0  0  0  0  0 
3712 56.0 0.0 0.0 4373.333333333334 3888.717948717949 4391.282051282052 4497.948717948719 4453.333333333334 4555.384615384616 4387.179487179487 4425.641025641026 4771.794871794872 5766.153846153847 3988.205128205129 5220.000000000001 4665.128205128206 4429.743589743591 1615.0 1711.0 3.712 3.6281180381774902 0.0 0.0 0.0 0.0  1  0  0  0  0  0  0  0  0  0  0  0  0  0 
3719 57.0 0.0 0.0 4372.307692307693 3886.666666666667 4401.538461538462 4497.948717948719 4453.333333333334 4555.384615384616 4380.000000000001 4435.384615384616 4773.846153846154 5780.000000000001 3993.333333333334 5267.6923076923085 4666.153846153847 4438.974358974359 1614.0 1712.0 3.719 3.6281180381774902 0.0 0.0 0.0 0.0  1  0  0  0  0  0  0  0  0  0  0  0  0  0 
3727 58.0 0.0 0.0 4376.410256410257 3898.461538461539 4432.307692307693 4505.641025641026 4449.743589743591 4547.179487179488 4367.179487179487 4433.846153846154 4767.179487179488 5783.589743589744 3994.358974358975 5253.333333333334 4668.717948717949 4460.000000000001 1615.0 1712.0 3.727 3.6281180381774902 0.0 0.0 0.0 0.0  1  0  0  0  0  0  0  0  0  0  0  0  0  0 
3735 59.0 0.0 0.0 4373.846153846154 3890.2564102564106 4448.205128205129 4507.6923076923085 4444.102564102564 4523.589743589744 4368.717948717949 4439.48717948718 4762.051282051282 5796.923076923078 3998.9743589743593 5245.128205128206 4663.589743589744 4454.871794871796 1613.0 1712.0 3.735 3.6281180381774902 0.0 0.0 0.0 0.0  1  0  0  0  0  0  0  0  0  0  0  0  0  0 
3743 60.0 0.0 0.0 4373.333333333334 3894.8717948717954 4462.051282051282 4508.717948717949 4446.666666666667 4509.743589743591 4367.179487179487 4447.6923076923085 4764.615384615386 5815.8974358974365 4002.564102564103 5266.153846153847 4666.666666666667 4457.435897435898 1614.0 1712.0 3.743 3.6281180381774902 0.0 0.0 0.0 0.0  1  0  0  0  0  0  0  0  0  0  0  0  0  0 
3750 61.0 0.0 0.0 4369.2307692307695 3892.307692307693 4464.615384615385 4505.641025641026 4448.205128205129 4512.820512820514 4370.256410256411 4441.538461538462 4762.564102564103 5823.589743589744 3999.48717948718 5246.666666666667 4662.564102564103 4457.435897435898 1614.0 1711.0 3.75 3.6281180381774902 0.0 0.0 0.0 0.0  1  0  0  0  0  0  0  0  0  0  0  0  0  0 
3757 62.0 0.0 0.0 4372.820512820514 3902.0512820512827 4446.666666666667 4506.153846153847 4456.923076923077 4535.384615384616 4371.282051282052 4430.256410256411 4767.179487179488 5824.102564102564 3989.7435897435903 5260.512820512821 4659.48717948718 4450.256410256411 1614.0 1711.0 3.757 3.6281180381774902 0.0 0.0 0.0 0.0  1  0  0  0  0  0  0  0  0  0  0  0  0  0 
3766 63.0 0.0 0.0 4372.307692307693 3903.076923076924 4434.871794871796 4511.282051282052 4453.333333333334 4534.358974358975 4368.717948717949 4432.820512820514 4768.717948717949 5830.256410256411 3991.2820512820517 5254.871794871796 4661.025641025642 4450.256410256411 1613.0 1711.0 3.766 3.6281180381774902 0.0 0.0 0.0 0.0  1  0  0  0  0  0  0  0  0  0  0  0  0  0 
3773 64.0 0.0 0.0 4373.846153846154 3912.820512820513 4432.820512820514 4517.948717948719 4457.435897435898 4542.564102564103 4364.102564102564 4436.923076923077 4771.282051282052 5833.333333333334 3990.2564102564106 5253.333333333334 4667.179487179488 4458.974358974359 1615.0 1712.0 3.773 3.6281180381774902 0.0 0.0 0.0 0.0  1  0  0  0  0  0  0  0  0  0  0  0  0  0 
3782 65.0 0.0 0.0 4375.384615384616 3913.8461538461543 4431.282051282052 4517.435897435898 4452.307692307693 4539.48717948718 4364.615384615385 4437.948717948719 4768.717948717949 5829.23076923077 3992.307692307693 5270.769230769231 4664.615384615386 4467.179487179487 1613.0 1711.0 3.782 3.6281180381774902 0.0 0.0 0.0 0.0  1  0  0  0  0  0  0  0  0  0  0  0  0  0 
3790 66.0 0.0 0.0 4376.923076923077 3916.410256410257 4426.153846153847 4513.333333333334 4456.410256410257 4549.743589743591 4365.641025641026 4443.076923076924 4768.717948717949 5830.769230769231 3992.307692307693 5242.051282051283 4663.076923076924 4461.025641025642 1614.0 1712.0 3.79 3.6281180381774902 0.0 0.0 0.0 0.0  1  0  0  0  0  0  0  0  0  0  0  0  0  0 
3797 67.0 0.0 0.0 4377.435897435898 3917.9487179487182 4422.051282051282 4514.871794871796 4452.820512820514 4532.820512820514 4363.589743589744 4432.307692307693 4763.076923076924 5828.717948717949 3995.8974358974365 5243.589743589744 4666.666666666667 4466.153846153847 1614.0 1711.0 3.797 3.6281180381774902 0.0 0.0 0.0 0.0  1  0  0  0  0  0  0  0  0  0  0  0  0  0 
3805 68.0 0.0 0.0 4378.461538461539 3923.589743589744 4405.641025641026 4517.435897435898 4462.564102564103 4558.974358974359 4364.102564102564 4429.2307692307695 4765.641025641026 5826.666666666667 3992.820512820513 5237.948717948719 4666.153846153847 4461.025641025642 1613.0 1712.0 3.805 3.753225564956665 0.0 0.0 0.0 0.0  1  0  0  0  0  0  0  0  0  0  0  0  0  0 
3812 69.0 0.0 0.0 4388.717948717949 3924.615384615385 4394.358974358975 4521.025641025642 4459.48717948718 4551.794871794872 4359.48717948718 4428.717948717949 4766.666666666667 5829.23076923077 3988.717948717949 5107.179487179488 4672.307692307693 4462.051282051282 1615.0 1712.0 3.812 3.753225564956665 0.0 0.0 0.0 0.0  1  0  0  0  0  0  0  0  0  0  0  0  0  0 
3821 70.0 0.0 0.0 4392.307692307693 3918.9743589743593 4385.641025641026 4519.48717948718 4466.666666666667 4537.948717948719 4365.128205128206 4427.179487179487 4765.641025641026 5838.461538461539 3985.6410256410263 5013.333333333334 4671.282051282052 4451.794871794872 1614.0 1712.0 3.821 3.753225564956665 0.0 0.0 0.0 0.0  1  0  0  0  0  0  0  0  0  0  0  0  0  0 
3829 71.0 0.0 6.0 4386.153846153847 3924.615384615385 4383.589743589744 4513.846153846154 4465.128205128206 4570.769230769231 4367.6923076923085 4433.333333333334 4768.717948717949 5836.923076923078 3979.48717948718 5035.8974358974365 4665.641025641026 4449.743589743591 1614.0 1712.0 3.829 3.753225564956665 0.0 0.0 0.0 0.0  1  0  0  0  0  0  0  0  0  0  0  0  0  0 
3837 72.0 0.0 0.0 4374.871794871796 3910.7692307692314 4389.743589743591 4508.205128205129 4466.666666666667 4620.512820512821 4371.282051282052 4456.410256410257 4774.358974358975 5843.076923076924 3980.0000000000005 5061.538461538462 4654.358974358975 4438.974358974359 1614.0 1711.0 3.837 3.753225564956665 0.0 0.0 0.0 0.0  1  0  0  0  0  0  0  0  0  0  0  0  0  0 
3843 73.0 0.0 0.0 4379.48717948718 3909.7435897435903 4413.846153846154 4510.256410256411 4456.923076923077 4570.769230769231 4365.128205128206 4451.282051282052 4768.717948717949 5844.615384615386 3981.538461538462 5020.000000000001 4653.333333333334 4449.2307692307695 1614.0 1711.0 3.843 3.753225564956665 0.0 0.0 0.0 0.0  1  0  0  0  0  0  0  0  0  0  0  0  0  0 
3852 74.0 0.0 0.0 4378.974358974359 3902.0512820512827 4427.179487179487 4508.717948717949 4455.384615384616 4531.282051282052 4369.2307692307695 4446.153846153847 4766.153846153847 5849.743589743591 3986.666666666667 5040.512820512821 4651.282051282052 4449.2307692307695 1615.0 1711.0 3.852 3.753225564956665 0.0 0.0 0.0 0.0  1  0  0  0  0  0  0  0  0  0  0  0  0  0 
3860 75.0 0.0 0.0 4378.974358974359 3909.2307692307695 4425.128205128206 4506.666666666667 4454.358974358975 4545.641025641026 4368.205128205129 4447.179487179487 4767.6923076923085 5848.717948717949 3983.589743589744 5047.6923076923085 4652.820512820514 4447.6923076923085 1614.0 1711.0 3.86 3.753225564956665 0.0 0.0 0.0 0.0  1  0  0  0  0  0  0  0  0  0  0  0  0  0 
3868 76.0 0.0 0.0 4375.384615384616 3894.358974358975 4427.6923076923085 4504.102564102564 4449.2307692307695 4527.179487179488 4366.153846153847 4470.769230769231 4766.153846153847 5850.256410256411 3988.205128205129 5038.461538461539 4646.666666666667 4443.076923076924 1614.0 1709.0 3.868 3.753225564956665 0.0 0.0 0.0 0.0  1  0  0  0  0  0  0  0  0  0  0  0  0  0 
3875 77.0 0.0 0.0 4376.410256410257 3892.820512820513 4446.153846153847 4509.743589743591 4447.179487179487 4493.333333333334 4363.589743589744 4478.461538461539 4765.641025641026 5850.256410256411 3989.23076923077 5045.641025641026 4641.538461538462 4449.2307692307695 1619.0 1686.0 3.875 3.753225564956665 0.0 0.0 0.0 0.0  1  0  0  0  0  0  0  0  0  0  0  0  0  0 
3882 78.0 0.0 0.0 4372.307692307693 3883.589743589744 4467.6923076923085 4509.2307692307695 4433.846153846154 4490.769230769231 4373.846153846154 4445.641025641026 4767.179487179488 5851.794871794873 3988.717948717949 5035.8974358974365 4638.974358974359 4450.769230769231 1625.0 1675.0 3.882 3.753225564956665 0.0 0.0 0.0 0.0  1  0  0  0  0  0  0  0  0  0  0  0  0  0 
3890 79.0 0.0 0.0 4378.974358974359 3886.666666666667 4473.846153846154 4509.2307692307695 4435.8974358974365 4501.538461538462 4375.8974358974365 4399.48717948718 4764.615384615386 5842.564102564103 3982.564102564103 5026.153846153847 4627.6923076923085 4448.205128205129 1627.0 1690.0 3.89 3.753225564956665 0.0 0.0 0.0 0.0  1  0  0  0  0  0  0  0  0  0  0  0  0  0 
3898 80.0 0.0 0.0 4402.051282051282 3882.0512820512827 4486.153846153847 4510.256410256411 4424.102564102564 4448.205128205129 4362.564102564103 4420.000000000001 4771.794871794872 5842.564102564103 3995.8974358974365 5055.384615384616 4603.589743589744 4458.461538461539 1634.0 1695.0 3.898 3.753225564956665 0.0 0.0 0.0 0.0  1  0  0  0  0  0  0  0  0  0  0  0  0  0 
3907 81.0 0.0 0.0 4405.128205128206 3888.205128205129 4475.8974358974365 4516.923076923077 4440.000000000001 4477.948717948719 4364.102564102564 4466.666666666667 4771.794871794872 5851.794871794873 3997.435897435898 5035.384615384616 4607.179487179488 4445.128205128206 1634.0 1701.0 3.907 3.753225564956665 0.0 0.0 0.0 0.0  1  0  0  0  0  0  0  0  0  0  0  0  0  0 
3915 82.0 0.0 0.0 4413.846153846154 3886.1538461538466 4470.256410256411 4527.179487179488 4415.384615384616 4316.410256410257 4350.769230769231 4465.128205128206 4780.000000000001 5858.461538461539 3993.8461538461543 4998.974358974359 4607.6923076923085 4448.717948717949 1632.0 1704.0 3.915 3.753225564956665 0.0 0.0 0.0 0.0  1  0  0  0  0  0  0  0  0  0  0  0  0  0 
3923 83.0 0.0 0.0 4453.846153846154 3883.589743589744 4480.000000000001 4533.333333333334 4456.923076923077 4276.923076923077 4321.025641025642 4426.153846153847 4787.179487179488 5879.487179487181 4005.1282051282055 5161.538461538462 4609.2307692307695 4464.615384615385 1637.0 1710.0 3.923 3.753225564956665 0.0 0.0 0.0 0.0  1  0  0  0  0  0  0  0  0  0  0  0  0  0 
3931 84.0 0.0 0.0 4332.307692307693 3910.7692307692314 4544.102564102564 4518.974358974359 4496.923076923077 4288.717948717949 4294.871794871796 4378.974358974359 4778.974358974359 5898.461538461539 4009.7435897435903 5308.205128205129 4773.333333333334 4482.564102564103 1640.0 1710.0 3.931 3.8783328533172607 0.0 0.0 0.0 0.0  1  0  0  0  0  0  0  0  0  0  0  0  0  0 
3938 85.0 0.0 0.0 3917.9487179487182 3942.564102564103 4605.641025641026 4465.128205128206 4511.282051282052 4313.333333333334 4298.974358974359 4361.025641025642 4753.846153846154 5890.769230769231 3969.2307692307695 5274.358974358975 5143.589743589744 4426.666666666667 1636.0 1710.0 3.938 3.8783328533172607 0.0 0.0 0.0 0.0  1  0  0  0  0  0  0  0  0  0  0  0  0  0 
3946 86.0 0.0 0.0 3419.48717948718 3931.7948717948725 4580.512820512821 4441.538461538462 4481.025641025642 4232.820512820514 4262.051282051282 4363.589743589744 4755.8974358974365 5883.076923076924 3966.1538461538466 5224.102564102564 5630.769230769231 4402.051282051282 1632.0 1716.0 3.946 3.8783328533172607 0.0 0.0 0.0 0.0  1  0  0  0  0  0  0  0  0  0  0  0  0  0 
3954 87.0 0.0 0.0 3076.410256410257 3908.717948717949 4498.974358974359 4462.051282051282 4484.102564102564 4275.8974358974365 4249.2307692307695 4314.871794871796 4774.358974358975 5893.333333333334 4012.307692307693 5280.000000000001 6013.333333333334 4411.282051282052 1631.0 1718.0 3.954 3.8783328533172607 0.0 0.0 0.0 0.0  1  0  0  0  0  0  0  0  0  0  0  0  0  0 
3962 88.0 0.0 0.0 2962.564102564103 3934.8717948717954 4504.102564102564 4465.641025641026 4484.615384615385 4296.410256410257 4300.000000000001 4227.6923076923085 4768.205128205129 5862.564102564103 4025.6410256410263 5281.025641025642 6129.743589743591 4445.128205128206 1627.0 1711.0 3.962 3.8783328533172607 0.0 0.0 0.0 0.0  1  0  0  0  0  0  0  0  0  0  0  0  0  0 
3969 89.0 0.0 0.0 2983.0769230769233 3932.820512820513 4500.512820512821 4443.589743589744 4465.128205128206 4255.8974358974365 4373.846153846154 4281.025641025642 4781.538461538462 5846.153846153847 4032.307692307693 5243.589743589744 6061.538461538462 4468.717948717949 1622.0 1706.0 3.969 3.8783328533172607 0.0 0.0 0.0 0.0  1  0  0  0  0  0  0  0  0  0  0  0  0  0 
3976 90.0 0.0 0.0 3047.1794871794878 3910.2564102564106 4399.48717948718 4452.307692307693 4445.641025641026 4273.846153846154 4417.948717948719 4451.794871794872 4805.641025641026 5868.717948717949 4052.820512820513 5244.615384615386 6009.743589743591 4502.564102564103 1609.0 1701.0 3.976 3.8783328533172607 0.0 0.0 0.0 0.0  1  0  0  0  0  0  0  0  0  0  0  0  0  0 
3985 91.0 0.0 0.0 3094.3589743589746 3898.9743589743593 4347.179487179487 4462.051282051282 4422.051282051282 4237.435897435898 4454.358974358975 4556.410256410257 4812.307692307693 5876.410256410257 4068.205128205129 5301.538461538462 5948.205128205129 4539.48717948718 1608.0 1702.0 3.985 3.8783328533172607 0.0 0.0 0.0 0.0  1  0  0  0  0  0  0  0  0  0  0  0  0  0 
3993 92.0 0.0 0.0 