1457 60.0 0.0 0.0 4058.461538461539 4059.48717948718 4296.410256410257 4470.256410256411 4481.025641025642 4712.307692307693 4508.717948717949 4386.666666666667 4731.282051282052 4056.410256410257 3968.205128205129 4313.846153846154 4606.666666666667 4373.333333333334 1613.0 1710.0 1.457 1.3761826753616333 0.0 0.0 0.0 0.0  1  0  0  0  0  0  0  0  0  0  0  0  0  0 
1464 61.0 0.0 0.0 4080.0000000000005 4069.7435897435903 4281.538461538462 4463.076923076924 4482.564102564103 4712.820512820514 4488.205128205129 4382.564102564103 4727.179487179488 4055.3846153846157 3959.48717948718 4302.564102564103 4607.179487179488 4372.820512820514 1613.0 1712.0 1.464 1.3761826753616333 0.0 0.0 0.0 0.0  1  0  0  0  0  0  0  0  0  0  0  0  0  0 
1472 62.0 0.0 0.0 4121.538461538462 4072.307692307693 4276.923076923077 4468.717948717949 4478.974358974359 4704.615384615386 4468.717948717949 4377.948717948719 4725.128205128206 4058.9743589743593 3951.2820512820517 4303.589743589744 4610.769230769231 4382.051282051282 1614.0 1711.0 1.472 1.3761826753616333 0.0 0.0 0.0 0.0  1  0  0  0  0  0  0  0  0  0  0  0  0  0 
1480 63.0 0.0 0.0 4162.564102564103 4069.23076923077 4232.307692307693 4487.6923076923085 4477.948717948719 4697.435897435898 4457.435897435898 4381.538461538462 4727.6923076923085 4058.9743589743593 3939.48717948718 4304.615384615385 4610.256410256411 4394.358974358975 1612.0 1714.0 1.48 1.3761826753616333 0.0 0.0 0.0 0.0  1  0  0  0  0  0  0  0  0  0  0  0  0  0 
1488 64.0 0.0 2.0 4203.076923076924 4081.538461538462 4188.717948717949 4509.2307692307695 4477.435897435898 4688.717948717949 4452.820512820514 4386.666666666667 4727.179487179488 4057.9487179487182 3926.666666666667 4291.282051282052 4613.333333333334 4409.743589743591 1614.0 1713.0 1.488 1.3761826753616333 0.0 0.0 0.0 0.0  1  0  0  0  0  0  0  0  0  0  0  0  0  0 
1496 65.0 0.0 0.0 4213.333333333334 4107.179487179487 4187.179487179487 4524.102564102564 4477.948717948719 4683.589743589744 4458.974358974359 4383.589743589744 4723.589743589744 4058.9743589743593 3914.8717948717954 4267.6923076923085 4619.48717948718 4424.102564102564 1612.0 1714.0 1.496 1.3761826753616333 0.0 0.0 0.0 0.0  1  0  0  0  0  0  0  0  0  0  0  0  0  0 
1503 66.0 0.0 0.0 4196.410256410257 4120.512820512821 4193.846153846154 4527.179487179488 4483.589743589744 4687.179487179488 4481.025641025642 4380.512820512821 4724.102564102564 4058.461538461539 3907.692307692308 4256.923076923077 4615.384615384616 4424.102564102564 1613.0 1714.0 1.503 1.3761826753616333 0.0 0.0 0.0 0.0  1  0  0  0  0  0  0  0  0  0  0  0  0  0 
1511 67.0 0.0 0.0 4173.846153846154 4106.153846153847 4208.205128205129 4522.564102564103 4483.589743589744 4693.333333333334 4515.8974358974365 4380.512820512821 4724.615384615386 4057.9487179487182 3911.2820512820517 4281.538461538462 4608.205128205129 4410.769230769231 1614.0 1712.0 1.511 1.3761826753616333 0.0 0.0 0.0 0.0  1  0  0  0  0  0  0  0  0  0  0  0  0  0 
1519 68.0 0.0 0.0 4131.282051282052 4083.589743589744 4242.051282051282 4503.589743589744 4480.512820512821 4703.589743589744 4553.333333333334 4379.48717948718 4723.589743589744 4058.9743589743593 3922.0512820512827 4307.6923076923085 4603.076923076924 4392.307692307693 1614.0 1712.0 1.519 1.3761826753616333 0.0 0.0 0.0 0.0  1  0  0  0  0  0  0  0  0  0  0  0  0  0 
1527 69.0 0.0 0.0 4101.025641025642 4080.5128205128212 4282.051282051282 4478.461538461539 4477.948717948719 4707.6923076923085 4577.435897435898 4373.846153846154 4724.102564102564 4058.461538461539 3938.9743589743593 4320.000000000001 4608.205128205129 4385.641025641026 1615.0 1711.0 1.527 1.3761826753616333 0.0 0.0 0.0 0.0  1  0  0  0  0  0  0  0  0  0  0  0  0  0 
1535 70.0 0.0 0.0 4086.666666666667 4076.410256410257 4283.076923076924 4466.666666666667 4486.153846153847 4716.410256410257 4577.948717948719 4376.410256410257 4725.128205128206 4057.435897435898 3945.6410256410263 4293.333333333334 4602.051282051282 4378.461538461539 1615.0 1711.0 1.535 1.3761826753616333 0.0 0.0 0.0 0.0  1  0  0  0  0  0  0  0  0  0  0  0  0  0 
1543 71.0 0.0 0.0 4100.512820512821 4065.1282051282055 4286.153846153847 4476.410256410257 4483.589743589744 4712.820512820514 4552.307692307693 4377.948717948719 4723.076923076924 4059.48717948718 3952.307692307693 4263.589743589744 4605.128205128206 4383.589743589744 1614.0 1710.0 1.543 1.3761826753616333 0.0 0.0 0.0 0.0  1  0  0  0  0  0  0  0  0  0  0  0  0  0 
1550 72.0 0.0 0.0 4098.974358974359 4055.3846153846157 4268.717948717949 4480.512820512821 4483.589743589744 4713.333333333334 4524.102564102564 4380.512820512821 4725.128205128206 4057.435897435898 3953.333333333334 4237.435897435898 4607.179487179488 4389.2307692307695 1613.0 1711.0 1.55 1.501290202140808 0.0 0.0 0.0 0.0  1  0  0  0  0  0  0  0  0  0  0  0  0  0 
1558 73.0 0.0 0.0 4108.205128205129 4063.076923076924 4273.333333333334 4475.384615384616 4481.538461538462 4709.743589743591 4504.615384615385 4377.948717948719 4728.205128205129 4054.358974358975 3953.333333333334 4252.307692307693 4609.2307692307695 4396.410256410257 1614.0 1710.0 1.558 1.501290202140808 0.0 0.0 0.0 0.0  1  0  0  0  0  0  0  0  0  0  0  0  0  0 
1566 74.0 0.0 0.0 4079.48717948718 4065.1282051282055 4277.435897435898 4473.333333333334 4483.589743589744 4714.871794871796 4487.6923076923085 4377.435897435898 4726.666666666667 4055.8974358974365 3948.205128205129 4282.564102564103 4601.025641025642 4394.871794871796 1613.0 1712.0 1.566 1.501290202140808 0.0 0.0 0.0 0.0  1  0  0  0  0  0  0  0  0  0  0  0  0  0 
1574 75.0 0.0 0.0 4075.8974358974365 4066.1538461538466 4272.307692307693 4476.410256410257 4476.410256410257 4710.769230769231 4473.333333333334 4376.410256410257 4723.076923076924 4060.5128205128212 3951.7948717948725 4325.128205128206 4605.128205128206 4396.410256410257 1614.0 1712.0 1.574 1.501290202140808 0.0 0.0 0.0 0.0  1  0  0  0  0  0  0  0  0  0  0  0  0  0 
1582 76.0 0.0 0.0 4087.692307692308 4066.1538461538466 4245.128205128206 4480.000000000001 4476.923076923077 4710.256410256411 4464.615384615385 4382.564102564103 4725.128205128206 4060.5128205128212 3951.7948717948725 4350.769230769231 4607.6923076923085 4392.820512820514 1613.0 1712.0 1.582 1.532567024230957 0.0 0.0 0.0 0.0  1  0  0  0  0  0  0  0  0  0  0  0  0  0 
1590 77.0 0.0 0.0 4115.384615384616 4080.0000000000005 4239.48717948718 4488.717948717949 4475.8974358974365 4704.615384615386 4452.820512820514 4386.153846153847 4726.666666666667 4058.461538461539 3945.1282051282055 4363.589743589744 4612.820512820514 4395.8974358974365 1613.0 1713.0 1.59 1.532567024230957 0.0 0.0 0.0 0.0  1  0  0  0  0  0  0  0  0  0  0  0  0  0 
1597 78.0 0.0 0.0 4139.48717948718 4091.7948717948725 4221.538461538462 4500.000000000001 4475.384615384616 4699.48717948718 4449.743589743591 4386.153846153847 4725.128205128206 4057.435897435898 3937.435897435898 4344.102564102564 4614.358974358975 4402.564102564103 1613.0 1711.0 1.597 1.532567024230957 0.0 0.0 0.0 0.0  1  0  0  0  0  0  0  0  0  0  0  0  0  0 
1605 79.0 0.0 0.0 4174.871794871796 4094.358974358975 4210.256410256411 4506.153846153847 4472.820512820514 4689.2307692307695 4460.000000000001 4383.076923076924 4724.615384615386 4058.461538461539 3938.461538461539 4313.846153846154 4617.948717948719 4412.820512820514 1613.0 1712.0 1.605 1.532567024230957 0.0 0.0 0.0 0.0  1  0  0  0  0  0  0  0  0  0  0  0  0  0 
1613 80.0 0.0 0.0 4178.461538461539 4083.076923076924 4220.000000000001 4503.076923076924 4473.333333333334 4687.179487179488 4475.8974358974365 4381.025641025642 4725.641025641026 4057.435897435898 3938.9743589743593 4290.769230769231 4617.948717948719 4413.333333333334 1614.0 1711.0 1.613 1.532567024230957 0.0 0.0 0.0 0.0  1  0  0  0  0  0  0  0  0  0  0  0  0  0 
1621 81.0 0.0 0.0 4152.307692307693 4070.2564102564106 4238.974358974359 4494.871794871796 4477.435897435898 4692.820512820514 4498.974358974359 4379.48717948718 4725.641025641026 4056.9230769230776 3940.5128205128212 4284.102564102564 4614.871794871796 4405.128205128206 1613.0 1711.0 1.621 1.532567024230957 0.0 0.0 0.0 0.0  1  0  0  0  0  0  0  0  0  0  0  0  0  0 
1629 82.0 0.0 0.0 4120.000000000001 4066.666666666667 4249.74358974359 4491.282051282052 4480.000000000001 4698.974358974359 4518.974358974359 4378.461538461539 4727.179487179488 4057.435897435898 3949.2307692307695 4290.769230769231 4612.820512820514 4400.000000000001 1614.0 1711.0 1.629 1.532567024230957 0.0 0.0 0.0 0.0  1  0  0  0  0  0  0  0  0  0  0  0  0  0 
1636 83.0 0.0 0.0 4084.615384615385 4068.205128205129 4260.000000000001 4488.717948717949 4482.564102564103 4706.153846153847 4516.410256410257 4382.051282051282 4727.6923076923085 4057.435897435898 3954.8717948717954 4296.410256410257 4606.666666666667 4393.333333333334 1613.0 1712.0 1.636 1.532567024230957 0.0 0.0 0.0 0.0  1  0  0  0  0  0  0  0  0  0  0  0  0  0 
1644 84.0 0.0 0.0 4072.820512820513 4072.820512820513 4270.256410256411 4486.666666666667 4484.102564102564 4710.769230769231 4500.512820512821 4386.153846153847 4724.102564102564 4058.9743589743593 3954.358974358975 4308.205128205129 4603.589743589744 4386.153846153847 1614.0 1711.0 1.644 1.532567024230957 0.0 0.0 0.0 0.0  1  0  0  0  0  0  0  0  0  0  0  0  0  0 
1652 85.0 0.0 0.0 4082.564102564103 4076.410256410257 4253.333333333334 4485.128205128206 4487.179487179488 4714.358974358975 4485.641025641026 4389.2307692307695 4725.128205128206 4058.9743589743593 3948.205128205129 4308.205128205129 4601.025641025642 4377.948717948719 1612.0 1711.0 1.652 1.532567024230957 0.0 0.0 0.0 0.0  1  0  0  0  0  0  0  0  0  0  0  0  0  0 
1660 86.0 0.0 0.0 4117.435897435898 4083.076923076924 4253.846153846154 4486.153846153847 4481.538461538462 4706.666666666667 4468.205128205129 4381.025641025642 4729.743589743591 4057.435897435898 3942.564102564103 4305.641025641026 4610.769230769231 4384.615384615385 1614.0 1711.0 1.66 1.532567024230957 0.0 0.0 0.0 0.0  1  0  0  0  0  0  0  0  0  0  0  0  0  0 
1668 87.0 0.0 0.0 4139.48717948718 4082.0512820512827 4251.794871794872 4478.974358974359 4480.512820512821 4704.102564102564 4455.8974358974365 4376.410256410257 4727.6923076923085 4055.3846153846157 3932.820512820513 4288.717948717949 4609.743589743591 4389.2307692307695 1613.0 1712.0 1.668 1.532567024230957 0.0 0.0 0.0 0.0  1  0  0  0  0  0  0  0  0  0  0  0  0  0 
1676 88.0 0.0 0.0 4163.589743589744 4080.5128205128212 4250.769230769231 4471.794871794872 4476.410256410257 4695.8974358974365 4450.769230769231 4377.435897435898 4721.538461538462 4056.9230769230776 3931.2820512820517 4293.846153846154 4610.256410256411 4397.435897435898 1614.0 1712.0 1.676 1.626397728919983 0.0 0.0 0.0 0.0  1  0  0  0  0  0  0  0  0  0  0  0  0  0 
1683 89.0 0.0 0.0 4153.846153846154 4071.7948717948725 4232.820512820514 4473.333333333334 4477.948717948719 4697.435897435898 4453.846153846154 4381.538461538462 4723.589743589744 4057.9487179487182 3929.7435897435903 4296.923076923077 4608.717948717949 4401.538461538462 1614.0 1711.0 1.683 1.626397728919983 0.0 0.0 0.0 0.0  1  0  0  0  0  0  0  0  0  0  0  0  0  0 
1691 90.0 0.0 0.0 4149.74358974359 4071.2820512820517 4246.666666666667 4486.153846153847 4476.410256410257 4694.358974358975 4451.794871794872 4380.512820512821 4726.666666666667 4058.9743589743593 3935.3846153846157 4302.051282051282 4617.435897435898 4410.769230769231 1613.0 1713.0 1.691 1.626397728919983 0.0 0.0 0.0 0.0  1  0  0  0  0  0  0  0  0  0  0  0  0  0 
1699 91.0 0.0 0.0 4118.974358974359 4078.461538461539 4251.282051282052 4492.307692307693 4484.102564102564 4703.076923076924 4447.179487179487 4384.102564102564 4725.641025641026 4057.9487179487182 3936.410256410257 4290.769230769231 4612.307692307693 4405.641025641026 1614.0 1712.0 1.699 1.626397728919983 0.0 0.0 0.0 0.0  1  0  0  0  0  0  0  0  0  0  0  0  0  0 
1707 92.0 0.0 0.0 4106.153846153847 4090.7692307692314 4248.205128205129 4498.461538461539 4483.076923076924 4704.615384615386 4453.333333333334 4384.615384615385 4725.641025641026 4056.410256410257 3941.0256410256416 4292.820512820514 4608.717948717949 4402.051282051282 1614.0 1712.0 1.707 1.626397728919983 0.0 0.0 0.0 0.0  1  0  0  0  0  0  0  0  0  0  0  0  0  0 
1715 93.0 0.0 0.0 4106.666666666667 4084.615384615385 4229.74358974359 4511.794871794872 4480.512820512821 4704.615384615386 4456.923076923077 4384.102564102564 4726.666666666667 4055.3846153846157 3944.1025641025644 4295.384615384616 4606.153846153847 4395.8974358974365 1614.0 1712.0 1.715 1.626397728919983 0.0 0.0 0.0 0.0  1  0  0  0  0  0  0  0  0  0  0  0  0  0 
1722 94.0 0.0 0.0 4123.589743589744 4078.9743589743593 4239.48717948718 4509.743589743591 4477.435897435898 4696.923076923077 4445.128205128206 4380.000000000001 4727.6923076923085 4058.9743589743593 3946.1538461538466 4297.435897435898 4609.2307692307695 4390.256410256411 1613.0 1712.0 1.722 1.626397728919983 0.0 0.0 0.0 0.0  1  0  0  0  0  0  0  0  0  0  0  0  0  0 
1730 95.0 0.0 0.0 4130.769230769231 4081.538461538462 4245.128205128206 4490.256410256411 4479.48717948718 4696.923076923077 4447.6923076923085 4377.948717948719 4729.743589743591 4062.0512820512827 3945.1282051282055 4288.205128205129 4611.282051282052 4386.666666666667 1614.0 1712.0 1.73 1.626397728919983 0.0 0.0 0.0 0.0  1  0  0  0  0  0  0  0  0  0  0  0  0  0 
1738 96.0 0.0 0.0 4150.769230769231 4080.5128205128212 4245.128205128206 4483.589743589744 4475.8974358974365 4695.8974358974365 4456.923076923077 4380.000000000001 4727.179487179488 4058.9743589743593 3944.615384615385 4283.076923076924 4615.8974358974365 4390.256410256411 1613.0 1712.0 1.738 1.626397728919983 0.0 0.0 0.0 0.0  1  0  0  0  0  0  0  0  0  0  0  0  0  0 
1746 97.0 0.0 0.0 4149.74358974359 4072.307692307693 4252.820512820514 4492.307692307693 4473.333333333334 4693.333333333334 4450.769230769231 4381.538461538462 4725.128205128206 4058.461538461539 3943.076923076924 4288.205128205129 4616.923076923077 4395.8974358974365 1613.0 1711.0 1.746 1.626397728919983 0.0 0.0 0.0 0.0  1  0  0  0  0  0  0  0  0  0  0  0  0  0 
1754 98.0 0.0 0.0 4121.538461538462 4074.358974358975 4264.102564102564 4487.179487179488 4475.384615384616 4697.948717948719 4447.6923076923085 4379.48717948718 4727.179487179488 4061.0256410256416 3941.538461538462 4294.871794871796 4611.282051282052 4401.538461538462 1613.0 1712.0 1.754 1.626397728919983 0.0 0.0 0.0 0.0  1  0  0  0  0  0  0  0  0  0  0  0  0  0 
1762 99.0 0.0 0.0 4098.461538461539 4078.9743589743593 4272.820512820514 4477.948717948719 4476.410256410257 4704.102564102564 4454.871794871796 4378.974358974359 4726.153846153847 4058.461538461539 3943.589743589744 4303.076923076924 4608.717948717949 4408.205128205129 1613.0 1711.0 1.762 1.626397728919983 0.0 0.0 0.0 0.0  1  0  0  0  0  0  0  0  0  0  0  0  0  0 
1770 100.0 0.0 0.0 4075.3846153846157 4069.7435897435903 4269.74358974359 4482.564102564103 4482.051282051282 4710.769230769231 4456.410256410257 4382.564102564103 4724.102564102564 4055.8974358974365 3944.615384615385 4306.153846153847 4605.641025641026 4405.641025641026 1613.0 1711.0 1.77 1.626397728919983 0.0 0.0 0.0 0.0  1  0  0  0  0  0  0  0  0  0  0  0  0  0 
1777 101.0 0.0 0.0 4078.461538461539 4069.7435897435903 4268.717948717949 4490.769230769231 4483.076923076924 4709.743589743591 4448.205128205129 4381.025641025642 4725.641025641026 4058.461538461539 3948.717948717949 4318.974358974359 4608.717948717949 4402.564102564103 1613.0 1711.0 1.777 1.626397728919983 0.0 0.0 0.0 0.0  1  0  0  0  0  0  0  0  0  0  0  0  0  0 
1785 102.0 0.0 0.0 4092.307692307693 4074.358974358975 4255.384615384616 4486.666666666667 4482.564102564103 4712.307692307693 4438.461538461539 4382.051282051282 4727.6923076923085 4057.9487179487182 3947.1794871794878 4315.8974358974365 4604.102564102564 4392.820512820514 1613.0 1712.0 1.785 1.626397728919983 0.0 0.0 0.0 0.0  1  0  0  0  0  0  0  0  0  0  0  0  0  0 
1793 103.0 0.0 0.0 4123.589743589744 4076.410256410257 4247.6923076923085 4487.179487179488 4476.923076923077 4706.153846153847 4430.256410256411 4378.974358974359 4725.128205128206 4057.435897435898 3948.205128205129 4309.743589743591 4608.205128205129 4390.256410256411 1614.0 1711.0 1.793 1.626397728919983 0.0 0.0 0.0 0.0  1  0  0  0  0  0  0  0  0  0  0  0  0  0 
1801 104.0 0.0 0.0 4153.333333333334 4076.9230769230776 4218.974358974359 4496.410256410257 4479.48717948718 4700.512820512821 4429.743589743591 4376.410256410257 4723.589743589744 4058.461538461539 3941.538461538462 4286.153846153847 4608.717948717949 4388.205128205129 1613.0 1712.0 1.801 1.7515052556991577 0.0 0.0 0.0 0.0  1  0  0  0  0  0  0  0  0  0  0  0  0  0 
1808 105.0 0.0 0.0 4191.282051282052 4089.7435897435903 4212.307692307693 4507.179487179488 4478.974358974359 4688.205128205129 4428.205128205129 4372.307692307693 4723.589743589744 4058.461538461539 3936.9230769230776 4271.794871794872 4613.846153846154 4394.358974358975 1614.0 1712.0 1.808 1.7515052556991577 0.0 0.0 0.0 0.0  1  0  0  0  0  0  0  0  0  0  0  0  0  0 
1816 106.0 0.0 0.0 4182.051282051282 4090.7692307692314 4212.820512820514 4508.717948717949 4482.564102564103 4690.256410256411 4424.615384615385 4376.410256410257 4727.179487179488 4058.9743589743593 3929.7435897435903 4258.461538461539 4612.820512820514 4394.871794871796 1613.0 1712.0 1.816 1.7515052556991577 0.0 0.0 0.0 0.0  1  0  0  0  0  0  0  0  0  0  0  0  0  0 
1824 107.0 0.0 0.0 4168.717948717949 4088.717948717949 4233.333333333334 4506.153846153847 4477.435897435898 4690.256410256411 4427.6923076923085 4379.48717948718 4729.2307692307695 4060.5128205128212 3930.2564102564106 4268.205128205129 4614.871794871796 4402.051282051282 1613.0 1713.0 1.824 1.7515052556991577 0.0 0.0 0.0 0.0  1  0  0  0  0  0  0  0  0  0  0  0  0  0 
1832 108.0 0.0 0.0 4135.384615384616 4085.1282051282055 4241.025641025642 4502.051282051282 4481.025641025642 4698.461538461539 4449.743589743591 4383.076923076924 4727.6923076923085 4059.48717948718 3928.717948717949 4273.333333333334 4606.153846153847 4402.564102564103 1614.0 1711.0 1.832 1.7515052556991577 0.0 0.0 0.0 0.0  1  0  0  0  0  0  0  0  0  0  0  0  0  0 
1840 109.0 0.0 0.0 4111.794871794872 4083.076923076924 4263.589743589744 4497.435897435898 4482.564102564103 4702.051282051282 4473.846153846154 4383.589743589744 4725.128205128206 4059.48717948718 3931.2820512820517 4285.641025641026 4606.666666666667 4402.564102564103 1614.0 1712.0 1.84 1.7515052556991577 0.0 0.0 0.0 0.0  1  0  0  0  0  0  0  0  0  0  0  0  0  0 
1848 110.0 0.0 0.0 4092.820512820513 4078.9743589743593 4267.6923076923085 4486.666666666667 4484.615384615385 4707.6923076923085 4482.051282051282 4384.615384615385 4724.102564102564 4058.461538461539 3932.307692307693 4294.358974358975 4608.205128205129 4397.948717948719 1614.0 1712.0 1.848 1.7515052556991577 0.0 0.0 0.0 0.0  1  0  0  0  0  0  0  0  0  0  0  0  0  0 
1855 111.0 0.0 0.0 4097.435897435898 4080.5128205128212 4270.256410256411 4479.48717948718 4482.051282051282 4707.6923076923085 4477.435897435898 4381.538461538462 4723.589743589744 4056.9230769230776 3938.9743589743593 4300.512820512821 4609.2307692307695 4395.384615384616 1613.0 1712.0 1.855 1.7515052556991577 0.0 0.0 0.0 0.0  1  0  0  0  0  0  0  0  0  0  0  0  0  0 
1863 112.0 0.0 0.0 4100.512820512821 4074.358974358975 4262.051282051282 4483.589743589744 4480.512820512821 4709.743589743591 4477.948717948719 4377.435897435898 4725.641025641026 4056.9230769230776 3946.1538461538466 4296.410256410257 4607.179487179488 4389.743589743591 1614.0 1711.0 1.863 1.7515052556991577 0.0 0.0 0.0 0.0  1  0  0  0  0  0  0  0  0  0  0  0  0  0 
1871 113.0 0.0 0.0 4118.974358974359 4068.205128205129 4254.358974358975 4484.615384615385 4476.410256410257 4706.153846153847 4482.051282051282 4375.8974358974365 4728.717948717949 4058.9743589743593 3948.717948717949 4295.8974358974365 4609.2307692307695 4385.128205128206 1613.0 1712.0 1.871 1.7515052556991577 0.0 0.0 0.0 0.0  1  0  0  0  0  0  0  0  0  0  0  0  0  0 
1879 114.0 0.0 0.0 4129.74358974359 4069.23076923077 4257.435897435898 4481.025641025642 4474.871794871796 4701.025641025642 4481.538461538462 4378.974358974359 4727.6923076923085 4060.5128205128212 3951.7948717948725 4304.615384615385 4611.282051282052 4384.615384615385 1614.0 1711.0 1.879 1.7515052556991577 0.0 0.0 0.0 0.0  1  0  0  0  0  0  0  0  0  0  0  0  0  0 
1887 115.0 0.0 0.0 4121.538461538462 4071.7948717948725 4251.794871794872 4483.589743589744 4478.974358974359 4700.512820512821 4469.743589743591 4383.076923076924 4727.179487179488 4058.9743589743593 3953.8461538461543 4308.205128205129 4610.256410256411 4386.666666666667 1613.0 1712.0 1.887 1.7515052556991577 0.0 0.0 0.0 0.0  1  0  0  0  0  0  0  0  0  0  0  0  0  0 
1895 116.0 0.0 0.0 4120.512820512821 4074.358974358975 4249.74358974359 4491.282051282052 4477.948717948719 4697.435897435898 4451.794871794872 4382.564102564103 4729.743589743591 4058.461538461539 3951.2820512820517 4311.794871794872 4613.333333333334 4397.435897435898 1615.0 1712.0 1.895 1.7515052556991577 0.0 0.0 0.0 0.0  1  0  0  0  0  0  0  0  0  0  0  0  0  0 
1902 117.0 0.0 0.0 4112.307692307693 4076.410256410257 4249.74358974359 4491.794871794872 4480.000000000001 4699.48717948718 4446.666666666667 4382.051282051282 4729.743589743591 4058.9743589743593 3942.564102564103 4303.589743589744 4611.282051282052 4405.128205128206 1614.0 1711.0 1.902 1.7515052556991577 0.0 0.0 0.0 0.0  1  0  0  0  0  0  0  0  0  0  0  0  0  0 
1910 118.0 0.0 0.0 4120.000000000001 4082.0512820512827 4253.846153846154 4494.358974358975 4480.512820512821 4697.948717948719 4451.794871794872 4378.461538461539 4725.641025641026 4059.48717948718 3939.48717948718 4300.512820512821 4611.794871794872 4411.794871794872 1613.0 1712.0 1.91 1.7515052556991577 0.0 0.0 0.0 0.0  1  0  0  0  0  0  0  0  0  0  0  0  0  0 
1918 119.0 0.0 0.0 4120.000000000001 4080.5128205128212 4230.769230769231 4499.48717948718 4483.589743589744 4700.000000000001 4456.923076923077 4379.48717948718 4725.641025641026 4058.9743589743593 3938.461538461539 4289.2307692307695 4605.128205128206 4408.717948717949 1613.0 1711.0 1.918 1.7515052556991577 0.0 0.0 0.0 0.0  1  0  0  0  0  0  0  0  0  0  0  0  0  0 
1926 120.0 0.0 0.0 4129.2307692307695 4084.615384615385 4231.282051282052 4503.076923076924 4478.974358974359 4696.410256410257 4456.410256410257 4380.000000000001 4726.153846153847 4059.48717948718 3942.564102564103 4293.333333333334 4608.717948717949 4409.743589743591 1612.0 1713.0 1.926 1.8766127824783325 0.0 0.0 0.0 0.0  1  0  0  0  0  0  0  0  0  0  0  0  0  0 
1934 121.0 0.0 0.0 4120.000000000001 4080.0000000000005 4234.871794871796 4493.846153846154 4483.076923076924 4704.102564102564 4461.025641025642 4383.589743589744 4724.615384615386 4058.9743589743593 3941.538461538462 4298.974358974359 4607.6923076923085 4397.435897435898 1613.0 1711.0 1.934 1.8766127824783325 0.0 0.0 0.0 0.0  1  0  0  0  0  0  0  0  0  0  0  0  0  0 
1941 122.0 0.0 0.0 4124.102564102564 4073.8461538461543 4255.384615384616 4482.051282051282 4481.025641025642 4704.102564102564 4470.769230769231 4380.512820512821 4724.615384615386 4058.9743589743593 3946.666666666667 4326.666666666667 4611.794871794872 4388.205128205129 1613.0 1712.0 1.941 1.8766127824783325 0.0 0.0 0.0 0.0  1  0  0  0  0  0  0  0  0  0  0  0  0  0 
1949 123.0 0.0 0.0 4109.2307692307695 4065.6410256410263 4262.051282051282 4475.8974358974365 4478.974358974359 4705.128205128206 4484.102564102564 4380.512820512821 4726.153846153847 4055.8974358974365 3950.2564102564106 4337.435897435898 4607.179487179488 4381.025641025642 1613.0 1712.0 1.949 1.8766127824783325 0.0 0.0 0.0 0.0  1  0  0  0  0  0  0  0  0  0  0  0  0  0 
1957 124.0 0.0 0.0 4110.256410256411 4066.1538461538466 4272.307692307693 4474.358974358975 4473.846153846154 4702.051282051282 4487.6923076923085 4380.000000000001 4724.102564102564 4053.8461538461543 3952.820512820513 4335.384615384616 4611.282051282052 4386.153846153847 1613.0 1711.0 1.957 1.8766127824783325 0.0 0.0 0.0 0.0  1  0  0  0  0  0  0  0  0  0  0  0  0  0 
1965 125.0 0.0 0.0 4105.128205128206 4066.666666666667 4265.641025641026 4474.871794871796 4477.948717948719 4708.717948717949 4482.564102564103 4382.051282051282 4721.025641025642 4055.3846153846157 3947.692307692308 4317.435897435898 4611.282051282052 4389.743589743591 1614.0 1710.0 1.965 1.8766127824783325 0.0 0.0 0.0 0.0  1  0  0  0  0  0  0  0  0  0  0  0  0  0 
1973 126.0 0.0 0.0 4109.2307692307695 4068.717948717949 4267.6923076923085 4477.435897435898 4478.974358974359 4708.717948717949 4471.794871794872 4381.538461538462 4722.564102564103 4057.9487179487182 3945.1282051282055 4311.282051282052 4611.794871794872 4397.948717948719 1613.0 1711.0 1.973 1.8766127824783325 0.0 0.0 0.0 0.0  1  0  0  0  0  0  0  0  0  0  0  0  0  0 
1981 127.0 0.0 0.0 4103.589743589744 4067.692307692308 4265.128205128206 4478.461538461539 4482.051282051282 4710.769230769231 4458.974358974359 4381.538461538462 4726.666666666667 4057.435897435898 3942.564102564103 4304.102564102564 4609.2307692307695 4401.025641025642 1614.0 1712.0 1.981 1.8766127824783325 0.0 0.0 0.0 0.0  1  0  0  0  0  0  0  0  0  0  0  0  0  0 
1988 128.0 0.0 0.0 4110.769230769231 4070.2564102564106 4268.205128205129 4475.8974358974365 4481.025641025642 4710.769230769231 4448.717948717949 4379.48717948718 4725.641025641026 4057.9487179487182 3943.589743589744 4297.435897435898 4607.179487179488 4402.051282051282 1614.0 1711.0 1.988 1.8766127824783325 0.0 0.0 0.0 0.0  1  0  0  0  0  0  0  0  0  0  0  0  0  0 
1996 0.0 0.0 0.0 4120.000000000001 4077.435897435898 4251.282051282052 4481.025641025642 4481.538461538462 4712.820512820514 4441.025641025642 4377.435897435898 4723.589743589744 4058.9743589743593 3940.5128205128212 4291.282051282052 4603.589743589744 4400.512820512821 1614.0 1713.0 1.996 1.8766127824783325 0.0 0.0 0.0 0.0  1  0  0  0  0  0  0  0  0  0  0  0  0  0 
2004 1.0 0.0 0.0 4133.333333333334 4087.692307692308 4229.2307692307695 4498.974358974359 4483.589743589744 4709.2307692307695 4428.205128205129 4378.461538461539 4724.615384615386 4058.9743589743593 3933.333333333334 4282.051282051282 4605.641025641026 4397.435897435898 1614.0 1712.0 2.004 1.8766127824783325 0.0 0.0 0.0 0.0  1  0  0  0  0  0  0  0  0  0  0  0  0  0 
2012 2.0 0.0 0.0 4157.435897435898 4096.410256410257 4215.8974358974365 4517.948717948719 4480.512820512821 4698.461538461539 4422.051282051282 4378.461538461539 4726.666666666667 4059.48717948718 3930.7692307692314 4270.256410256411 4613.846153846154 4396.410256410257 1613.0 1713.0 2.012 1.8766127824783325 0.0 0.0 0.0 0.0  1  0  0  0  0  0  0  0  0  0  0  0  0  0 
2020 3.0 0.0 0.0 4178.974358974359 4099.48717948718 4203.589743589744 4521.538461538462 4478.461538461539 4691.794871794872 4437.435897435898 4380.000000000001 4727.179487179488 4057.9487179487182 3931.2820512820517 4261.025641025642 4614.358974358975 4395.384615384616 1614.0 1712.0 2.02 1.8766127824783325 0.0 0.0 0.0 0.0  1  0  0  0  0  0  0  0  0  0  0  0  0  0 
2027 4.0 0.0 0.0 4180.512820512821 4095.3846153846157 4218.461538461539 4513.846153846154 4475.8974358974365 4688.717948717949 4461.025641025642 4381.538461538462 4727.179487179488 4056.9230769230776 3937.435897435898 4279.48717948718 4617.435897435898 4396.923076923077 1613.0 1712.0 2.027 1.8766127824783325 0.0 0.0 0.0 0.0  1  0  0  0  0  0  0  0  0  0  0  0  0  0 
2035 5.0 0.0 0.0 4147.6923076923085 4079.48717948718 4237.948717948719 4500.000000000001 4477.435897435898 4692.820512820514 4487.179487179488 4384.615384615385 4728.717948717949 4058.461538461539 3940.0000000000005 4301.538461538462 4613.333333333334 4393.333333333334 1613.0 1712.0 2.035 1.8766127824783325 0.0 0.0 0.0 0.0  1  0  0  0  0  0  0  0  0  0  0  0  0  0 
2043 6.0 0.0 0.0 4132.307692307693 4066.1538461538466 4266.153846153847 4484.615384615385 4472.307692307693 4693.333333333334 4508.717948717949 4382.051282051282 4728.205128205129 4061.0256410256416 3946.666666666667 4323.076923076924 4614.358974358975 4400.000000000001 1614.0 1711.0 2.043 1.8766127824783325 0.0 0.0 0.0 0.0  1  0  0  0  0  0  0  0  0  0  0  0  0  0 
2051 7.0 0.0 0.0 4103.076923076924 4060.5128205128212 4278.974358974359 4469.2307692307695 4474.358974358975 4704.102564102564 4522.564102564103 4383.076923076924 4728.205128205129 4058.461538461539 3948.717948717949 4317.948717948719 4610.256410256411 4400.512820512821 1614.0 1711.0 2.051 2.0017201900482178 0.0 0.0 0.0 0.0  1  0  0  0  0  0  0  0  0  0  0  0  0  0 
2059 8.0 0.0 0.0 4088.717948717949 4066.666666666667 4291.794871794872 4469.2307692307695 4475.8974358974365 4708.205128205129 4520.000000000001 4381.025641025642 4727.6923076923085 4056.9230769230776 3947.1794871794878 4310.256410256411 4608.717948717949 4401.025641025642 1613.0 1711.0 2.059 2.0017201900482178 0.0 0.0 0.0 0.0  1  0  0  0  0  0  0  0  0  0  0  0  0  0 
2067 9.0 0.0 0.0 4073.333333333334 4073.333333333334 4261.025641025642 4483.076923076924 4483.589743589744 4716.410256410257 4496.923076923077 4383.076923076924 4728.205128205129 4058.9743589743593 3942.0512820512827 4289.2307692307695 4602.051282051282 4395.8974358974365 1613.0 1711.0 2.067 2.0017201900482178 0.0 0.0 0.0 0.0  1  0  0  0  0  0  0  0  0  0  0  0  0  0 
2074 10.0 0.0 0.0 4090.2564102564106 4085.6410256410263 4248.717948717949 4496.410256410257 4482.564102564103 4711.282051282052 4458.461538461539 4381.538461538462 4727.179487179488 4061.538461538462 3949.2307692307695 4281.025641025642 4609.2307692307695 4393.333333333334 1613.0 1711.0 2.074 2.0017201900482178 0.0 0.0 0.0 0.0  1  0  0  0  0  0  0  0  0  0  0  0  0  0 
2082 11.0 0.0 0.0 4101.025641025642 4086.666666666667 4246.666666666667 4493.333333333334 4484.102564102564 4706.666666666667 4443.076923076924 4380.000000000001 4726.153846153847 4057.9487179487182 3948.717948717949 4278.461538461539 4607.6923076923085 4386.153846153847 1613.0 1712.0 2.082 2.0329971313476562 0.0 0.0 0.0 0.0  1  0  0  0  0  0  0  0  0  0  0  0  0  0 
2090 12.0 0.0 0.0 4126.666666666667 4082.564102564103 4242.051282051282 4490.256410256411 4481.538461538462 4700.000000000001 4453.333333333334 4376.923076923077 4725.641025641026 4056.9230769230776 3944.1025641025644 4293.333333333334 4608.205128205129 4389.2307692307695 1614.0 1711.0 2.09 2.0329971313476562 0.0 0.0 0.0 0.0  1  0  0  0  0  0  0  0  0  0  0  0  0  0 
2098 13.0 0.0 2.0 4146.666666666667 4076.410256410257 4222.564102564103 4496.923076923077 4481.025641025642 4698.974358974359 4458.974358974359 4376.923076923077 4726.666666666667 4058.9743589743593 3942.564102564103 4300.512820512821 4609.2307692307695 4391.282051282052 1612.0 1713.0 2.098 2.0329971313476562 0.0 0.0 0.0 0.0  1  0  0  0  0  0  0  0  0  0  0  0  0  0 
2106 14.0 0.0 0.0 4173.333333333334 4076.9230769230776 4226.666666666667 4500.000000000001 4475.384615384616 4689.743589743591 4452.820512820514 4376.923076923077 4726.666666666667 4057.9487179487182 3944.1025641025644 4306.153846153847 4614.871794871796 4396.923076923077 1614.0 1712.0 2.106 2.0329971313476562 0.0 0.0 0.0 0.0  1  0  0  0  0  0  0  0  0  0  0  0  0  0 
2113 15.0 0.0 0.0 4168.717948717949 4076.410256410257 4227.179487179487 4498.461538461539 4472.820512820514 4688.717948717949 4458.461538461539 4382.564102564103 4725.641025641026 4057.435897435898 3937.9487179487182 4304.615384615385 4612.820512820514 4404.615384615385 1613.0 1712.0 2.113 2.0329971313476562 0.0 0.0 0.0 0.0  1  0  0  0  0  0  0  0  0  0  0  0  0  0 
2121 16.0 0.0 0.0 4148.717948717949 4080.0000000000005 4222.564102564103 4498.974358974359 4475.384615384616 4694.871794871796 4472.820512820514 4385.641025641026 4725.641025641026 4058.461538461539 3932.820512820513 4304.615384615385 4611.794871794872 4412.820512820514 1614.0 1712.0 2.121 2.0329971313476562 0.0 0.0 0.0 0.0  1  0  0  0  0  0  0  0  0  0  0  0  0  0 
2129 17.0 0.0 0.0 4129.2307692307695 4081.0256410256416 4229.2307692307695 4498.974358974359 4481.025641025642 4700.000000000001 4486.153846153847 4383.076923076924 4727.179487179488 4056.9230769230776 3934.8717948717954 4302.051282051282 4612.820512820514 4413.846153846154 1613.0 1711.0 2.129 2.0329971313476562 0.0 0.0 0.0 0.0  1  0  0  0  0  0  0  0  0  0  0  0  0  0 
2137 18.0 0.0 0.0 4108.205128205129 4078.461538461539 4246.666666666667 4494.871794871796 4483.589743589744 4705.128205128206 4497.948717948719 4382.564102564103 4727.6923076923085 4056.410256410257 3937.435897435898 4293.333333333334 4608.717948717949 4405.641025641026 1613.0 1712.0 2.137 2.0329971313476562 0.0 0.0 0.0 0.0  1  0  0  0  0  0  0  0  0  0  0  0  0  0 
2145 19.0 0.0 0.0 4097.435897435898 4081.0256410256416 4264.615384615385 4491.794871794872 4481.538461538462 4710.256410256411 4503.076923076924 4379.48717948718 4727.179487179488 4058.9743589743593 3940.0000000000005 4288.205128205129 4607.179487179488 4396.923076923077 1614.0 1711.0 2.145 2.0329971313476562 0.0 0.0 0.0 0.0  1  0  0  0  0  0  0  0  0  0  0  0  0  0 
2153 20.0 0.0 0.0 4099.48717948718 4082.564102564103 4272.307692307693 4487.179487179488 4483.076923076924 4714.871794871796 4502.051282051282 4376.923076923077 4726.666666666667 4058.461538461539 3939.48717948718 4277.948717948719 4604.615384615385 4386.666666666667 1614.0 1712.0 2.153 2.0329971313476562 0.0 0.0 0.0 0.0  1  0  0  0  0  0  0  0  0  0  0  0  0  0 
2160 21.0 0.0 0.0 4118.461538461539 4078.9743589743593 4280.000000000001 4486.153846153847 4482.564102564103 4710.256410256411 4493.333333333334 4374.358974358975 4724.615384615386 4058.461538461539 3942.0512820512827 4273.846153846154 4610.769230769231 4383.589743589744 1614.0 1711.0 2.16 2.0329971313476562 0.0 0.0 0.0 0.0  1  0  0  0  0  0  0  0  0  0  0  0  0  0 
2168 22.0 0.0 0.0 4129.74358974359 4073.333333333334 4263.589743589744 4489.743589743591 4484.615384615385 4707.179487179488 4487.6923076923085 4377.435897435898 4723.589743589744 4058.461538461539 3940.0000000000005 4261.538461538462 4609.2307692307695 4380.000000000001 1613.0 1711.0 2.168 2.0329971313476562 0.0 0.0 0.0 0.0  1  0  0  0  0  0  0  0  0  0  0  0  0  0 
2176 23.0 0.0 0.0 4149.2307692307695 4078.9743589743593 4256.410256410257 4494.358974358975 4477.948717948719 4697.435897435898 4487.6923076923085 4377.948717948719 4724.615384615386 4057.9487179487182 3943.589743589744 4266.153846153847 4612.307692307693 4389.743589743591 1614.0 1712.0 2.176 2.1268277168273926 0.0 0.0 0.0 0.0  1  0  0  0  0  0  0  0  0  0  0  0  0  0 
2184 24.0 0.0 0.0 4132.307692307693 4075.3846153846157 4240.000000000001 4490.769230769231 4477.948717948719 4699.48717948718 4484.615384615385 4381.025641025642 4727.179487179488 4058.9743589743593 3945.6410256410263 4276.923076923077 4609.2307692307695 4396.923076923077 1614.0 1712.0 2.184 2.1268277168273926 0.0 0.0 0.0 0.0  1  0  0  0  0  0  0  0  0  0  0  0  0  0 
2192 25.0 0.0 0.0 4124.615384615385 4068.717948717949 4249.2307692307695 4484.615384615385 4476.410256410257 4698.974358974359 4470.769230769231 4381.538461538462 4726.666666666667 4061.538461538462 3948.205128205129 4309.743589743591 4612.820512820514 4404.102564102564 1613.0 1712.0 2.192 2.1268277168273926 0.0 0.0 0.0 0.0  1  0  0  0  0  0  0  0  0  0  0  0  0  0 
2199 26.0 0.0 0.0 4104.615384615385 4065.1282051282055 4256.923076923077 4475.8974358974365 4481.025641025642 4706.666666666667 4471.794871794872 4385.641025641026 4725.641025641026 4058.9743589743593 3943.076923076924 4332.307692307693 4607.179487179488 4402.051282051282 1614.0 1713.0 2.199 2.1268277168273926 0.0 0.0 0.0 0.0  1  0  0  0  0  0  0  0  0  0  0  0  0  0 
2207 27.0 0.0 0.0 4103.076923076924 4070.7692307692314 4269.2307692307695 4475.384615384616 4477.948717948719 4706.153846153847 4480.512820512821 4387.6923076923085 4726.153846153847 4058.461538461539 3943.589743589744 4355.8974358974365 4606.153846153847 4403.076923076924 1612.0 1712.0 2.207 2.1268277168273926 0.0 0.0 0.0 0.0  1  0  0  0  0  0  0  0  0  0  0  0  0  0 
2215 28.0 0.0 0.0 4099.48717948718 4069.7435897435903 4254.358974358975 4481.538461538462 4475.8974358974365 4708.717948717949 4473.333333333334 4388.205128205129 4727.179487179488 4060.0000000000005 3943.589743589744 4356.410256410257 4605.641025641026 4397.435897435898 1613.0 1712.0 2.215 2.1268277168273926 0.0 0.0 0.0 0.0  1  0  0  0  0  0  0  0  0  0  0  0  0  0 
2223 29.0 0.0 0.0 4113.846153846154 4075.8974358974365 4248.205128205129 4485.641025641026 4474.871794871796 4706.153846153847 4463.589743589744 4384.615384615385 4727.179487179488 4059.48717948718 3945.1282051282055 4343.589743589744 4610.256410256411 4394.871794871796 1613.0 1711.0 2.223 2.1268277168273926 0.0 0.0 0.0 0.0  1  0  0  0  0  0  0  0  0  0  0  0  0  0 
2231 30.0 0.0 0.0 4116.923076923077 4081.538461538462 4244.102564102564 4485.641025641026 4479.48717948718 4705.641025641026 4472.307692307693 4384.615384615385 4730.769230769231 4057.435897435898 3942.0512820512827 4318.461538461539 4608.717948717949 4391.282051282052 1613.0 1712.0 2.231 2.1268277168273926 0.0 0.0 0.0 0.0  1  0  0  0  0  0  0  0  0  0  0  0  0  0 
2239 31.0 0.0 0.0 4127.6923076923085 4080.0000000000005 4251.282051282052 4490.256410256411 4475.8974358974365 4698.974358974359 4482.564102564103 4382.564102564103 4729.2307692307695 4056.9230769230776 3942.564102564103 4302.564102564103 4609.743589743591 4391.282051282052 1614.0 1710.0 2.239 2.1268277168273926 0.0 0.0 0.0 0.0  1  0  0  0  0  0  0  0  0  0  0  0  0  0 
2246 32.0 0.0 0.0 4130.769230769231 4074.358974358975 4250.769230769231 4494.871794871796 4475.384615384616 4696.923076923077 4482.051282051282 4378.974358974359 4724.615384615386 4055.8974358974365 3947.692307692308 4288.205128205129 4611.794871794872 4393.333333333334 1613.0 1712.0 2.246 2.1268277168273926 0.0 0.0 0.0 0.0  1  0  0  0  0  0  0  0  0  0  0  0  0  0 
2254 33.0 0.0 0.0 4128.717948717949 4076.410256410257 4244.102564102564 4494.871794871796 4479.48717948718 4698.461538461539 4476.410256410257 4377.948717948719 4726.153846153847 4056.9230769230776 3948.717948717949 4271.282051282052 4612.820512820514 4395.8974358974365 1614.0 1712.0 2.254 2.1268277168273926 0.0 0.0 0.0 0.0  1  0  0  0  0  0  0  0  0  0  0  0  0  0 
2262 34.0 0.0 0.0 4128.717948717949 4079.48717948718 4240.512820512821 4501.025641025642 4480.000000000001 4695.384615384616 4467.179487179487 4377.948717948719 4729.743589743591 4058.461538461539 3945.1282051282055 4263.076923076924 4613.333333333334 4398.461538461539 1613.0 1711.0 2.262 2.1268277168273926 0.0 0.0 0.0 0.0  1  0  0  0  0  0  0  0  0  0  0  0  0  0 
2270 35.0 0.0 0.0 4121.538461538462 4082.0512820512827 4236.923076923077 4507.179487179488 4480.000000000001 4696.923076923077 4449.743589743591 4381.538461538462 4728.205128205129 4058.461538461539 3942.564102564103 4264.615384615385 4609.743589743591 4400.512820512821 1613.0 1713.0 2.27 2.1268277168273926 0.0 0.0 0.0 0.0  1  0  0  0  0  0  0  0  0  0  0  0  0  0 
2278 36.0 0.0 0.0 4123.076923076924 4085.6410256410263 4244.102564102564 4506.153846153847 4478.974358974359 4698.461538461539 4433.333333333334 4382.051282051282 4726.153846153847 4057.9487179487182 3945.1282051282055 4275.8974358974365 4609.743589743591 4404.102564102564 1613.0 1711.0 2.278 2.1268277168273926 0.0 0.0 0.0 0.0  1  0  0  0  0  0  0  0  0  0  0  0  0  0 
2285 37.0 0.0 0.0 4122.564102564103 4082.564102564103 4245.128205128206 4497.948717948719 4482.564102564103 4702.051282051282 4432.307692307693 4378.461538461539 4728.205128205129 4057.435897435898 3940.0000000000005 4280.000000000001 4607.6923076923085 4399.48717948718 1613.0 1712.0 2.285 2.1268277168273926 0.0 0.0 0.0 0.0  1  0  0  0  0  0  0  0  0  0  0  0  0  0 
2293 38.0 0.0 0.0 4131.794871794872 4085.6410256410263 4253.333333333334 4492.820512820514 4482.051282051282 4697.948717948719 4438.461538461539 4371.794871794872 4727.179487179488 4057.9487179487182 3936.410256410257 4293.333333333334 4614.358974358975 4398.974358974359 1613.0 1711.0 2.293 2.1268277168273926 0.0 0.0 0.0 0.0  1  0  0  0  0  0  0  0  0  0  0  0  0  0 
2301 39.0 0.0 0.0 4130.256410256411 4083.589743589744 4251.282051282052 4485.641025641026 4484.615384615385 4702.051282051282 4443.076923076924 4375.384615384616 4724.102564102564 4057.435897435898 3932.820512820513 4292.820512820514 4609.2307692307695 4397.948717948719 1614.0 1712.0 2.301 2.2519352436065674 0.0 0.0 0.0 0.0  1  0  0  0  0  0  0  0  0  0  0  0  0  0 
2309 40.0 0.0 0.0 4138.461538461539 4076.410256410257 4258.461538461539 4480.512820512821 4478.461538461539 4702.051282051282 4449.743589743591 4374.358974358975 4723.076923076924 4058.9743589743593 3935.8974358974365 4298.461538461539 4609.2307692307695 4401.025641025642 1614.0 1711.0 2.309 2.2519352436065674 0.0 0.0 0.0 0.0  1  0  0  0  0  0  0  0  0  0  0  0  0  0 
2317 41.0 0.0 0.0 4120.512820512821 4067.1794871794878 4251.282051282052 4479.48717948718 4480.512820512821 4710.769230769231 4470.256410256411 4376.410256410257 4725.128205128206 4060.5128205128212 3937.435897435898 4294.871794871796 4606.153846153847 4395.8974358974365 1613.0 1712.0 2.317 2.2519352436065674 0.0 0.0 0.0 0.0  1  0  0  0  0  0  0  0  0  0  0  0  0  0 
2325 42.0 0.0 0.0 4116.923076923077 4073.333333333334 4256.410256410257 4484.102564102564 4481.025641025642 4710.769230769231 4486.153846153847 4382.051282051282 4724.615384615386 4059.48717948718 3941.0256410256416 4302.051282051282 4610.256410256411 4396.923076923077 1614.0 1711.0 2.325 2.2519352436065674 0.0 0.0 0.0 0.0  1  0  0  0  0  0  0  0  0  0  0  0  0  0 
2332 43.0 0.0 0.0 4110.256410256411 4077.435897435898 4239.48717948718 4489.2307692307695 4484.102564102564 4711.282051282052 4487.179487179488 4386.153846153847 4724.615384615386 4056.9230769230776 3941.0256410256416 4295.8974358974365 4606.153846153847 4395.384615384616 1613.0 1713.0 2.332 2.2519352436065674 0.0 0.0 0.0 0.0  1  0  0  0  0  0  0  0  0  0  0  0  0  0 
2340 44.0 0.0 0.0 4122.564102564103 4077.9487179487187 4238.461538461539 4497.948717948719 4480.000000000001 4704.102564102564 4486.153846153847 4381.538461538462 4727.179487179488 4058.9743589743593 3945.1282051282055 4295.8974358974365 4608.717948717949 4395.8974358974365 1615.0 1712.0 2.34 2.2519352436065674 0.0 0.0 0.0 0.0  1  0  0  0  0  0  0  0  0  0  0  0  0  0 
2348 45.0 0.0 0.0 4129.74358974359 4081.0256410256416 4237.435897435898 4501.025641025642 4483.076923076924 4705.128205128206 4484.615384615385 4382.564102564103 4729.2307692307695 4060.0000000000005 3942.0512820512827 4287.179487179487 4607.179487179488 4389.2307692307695 1613.0 1711.0 2.348 2.2519352436065674 0.0 0.0 0.0 0.0  1  0  0  0  0  0  0  0  0  0  0  0  0  0 
2356 46.0 0.0 0.0 4149.74358974359 4091.7948717948725 4247.6923076923085 4497.435897435898 4482.051282051282 4700.000000000001 4463.076923076924 4381.538461538462 4727.6923076923085 4058.9743589743593 3935.8974358974365 4281.538461538462 4610.769230769231 4391.282051282052 1614.0 1713.0 2.356 2.2519352436065674 0.0 0.0 0.0 0.0  1  0  0  0  0  0  0  0  0  0  0  0  0  0 
2364 47.0 0.0 0.0 4150.769230769231 4086.666666666667 4246.153846153847 4493.846153846154 4478.974358974359 4695.384615384616 4450.256410256411 4383.076923076924 4727.179487179488 4054.8717948717954 3933.333333333334 4276.410256410257 4614.358974358975 4394.871794871796 1613.0 1711.0 2.364 2.2519352436065674 0.0 0.0 0.0 0.0  1  0  0  0  0  0  0  0  0  0  0  0  0  0 
2372 48.0 0.0 0.0 4150.256410256411 4076.410256410257 4249.74358974359 4492.307692307693 4476.410256410257 4692.820512820514 4469.2307692307695 4384.615384615385 4727.6923076923085 4053.8461538461543 3937.9487179487182 4280.000000000001 4615.384615384616 4398.974358974359 1614.0 1712.0 2.372 2.2519352436065674 0.0 0.0 0.0 0.0  1  0  0  0  0  0  0  0  0  0  0  0  0  0 
2379 49.0 0.0 0.0 4129.2307692307695 4074.8717948717954 4261.538461538462 4485.641025641026 4476.923076923077 4697.948717948719 4477.435897435898 4382.564102564103 4727.6923076923085 4057.9487179487182 3942.564102564103 4292.307692307693 4611.282051282052 4402.051282051282 1614.0 1711.0 2.379 2.2519352436065674 0.0 0.0 0.0 0.0  1  0  0  0  0  0  0  0  0  0  0  0  0  0 
2387 50.0 0.0 0.0 4098.974358974359 4076.9230769230776 4272.820512820514 4476.923076923077 4478.461538461539 4703.076923076924 4456.410256410257 4380.000000000001 4727.179487179488 4058.9743589743593 3946.1538461538466 4305.641025641026 4608.205128205129 4404.615384615385 1613.0 1712.0 2.387 2.2519352436065674 0.0 0.0 0.0 0.0  1  0  0  0  0  0  0  0  0  0  0  0  0  0 
2395 51.0 0.0 0.0 4088.717948717949 4071.2820512820517 4276.410256410257 4479.48717948718 4480.000000000001 4705.641025641026 4458.974358974359 4380.512820512821 4726.153846153847 4056.9230769230776 3952.820512820513 4314.871794871796 4610.256410256411 4404.102564102564 1613.0 1711.0 2.395 2.2519352436065674 0.0 0.0 0.0 0.0  1  0  0  0  0  0  0  0  0  0  0  0  0  0 
2403 52.0 0.0 0.0 4078.9743589743593 4066.666666666667 4263.076923076924 4485.128205128206 4481.538461538462 4710.256410256411 4483.076923076924 4383.076923076924 4726.153846153847 4058.461538461539 3953.333333333334 4318.974358974359 4605.641025641026 4394.871794871796 1613.0 1712.0 2.403 2.2519352436065674 0.0 0.0 0.0 0.0  1  0  0  0  0  0  0  0  0  0  0  0  0  0 
2411 53.0 0.0 0.0 4084.615384615385 4072.820512820513 4259.48717948718 4487.6923076923085 4478.461538461539 4705.641025641026 4471.794871794872 4383.589743589744 4727.179487179488 4061.0256410256416 3953.333333333334 4329.2307692307695 4607.6923076923085 4391.282051282052 1614.0 1711.0 2.411 2.2519352436065674 0.0 0.0 0.0 0.0  1  0  0  0  0  0  0  0  0  0  0  0  0  0 
2418 54.0 0.0 0.0 4105.128205128206 4076.410256410257 4249.2307692307695 4486.153846153847 4478.974358974359 4703.589743589744 4446.666666666667 4386.153846153847 4729.2307692307695 4059.48717948718 3949.7435897435903 4320.512820512821 4609.743589743591 4387.179487179487 1612.0 1712.0 2.418 2.2519352436065674 0.0 0.0 0.0 0.0  1  0  0  0  0  0  0  0  0  0  0  0  0  0 
2426 55.0 0.0 0.0 4144.615384615385 4076.410256410257 4247.6923076923085 4491.282051282052 4474.358974358975 4698.974358974359 4444.615384615385 4381.025641025642 4727.179487179488 4058.461538461539 3949.2307692307695 4311.282051282052 4614.358974358975 4391.282051282052 1614.0 1712.0 2.426 2.377042770385742 0.0 0.0 0.0 0.0  1  0  0  0  0  0  0  0  0  0  0  0  0  0 
2434 56.0 0.0 0.0 4149.2307692307695 4071.7948717948725 4235.8974358974365 4491.794871794872 4476.923076923077 4697.435897435898 4448.717948717949 4379.48717948718 4726.666666666667 4055.3846153846157 3943.589743589744 4297.435897435898 4609.2307692307695 4393.846153846154 1612.0 1711.0 2.434 2.377042770385742 0.0 0.0 0.0 0.0  1  0  0  0  0  0  0  0  0  0  0  0  0  0 
2442 57.0 0.0 0.0 4154.871794871796 4077.9487179487187 4242.564102564103 4489.2307692307695 4478.461538461539 4690.769230769231 4446.153846153847 4378.974358974359 4728.205128205129 4055.3846153846157 3941.538461538462 4296.410256410257 4615.384615384616 4402.051282051282 1613.0 1712.0 2.442 2.377042770385742 0.0 0.0 0.0 0.0  1  0  0  0  0  0  0  0  0  0  0  0  0  0 
2450 58.0 0.0 0.0 4135.8974358974365 4081.538461538462 4239.48717948718 4489.743589743591 4483.589743589744 4700.000000000001 4453.846153846154 4385.128205128206 4727.6923076923085 4057.9487179487182 3934.8717948717954 4285.128205128206 4612.820512820514 4404.102564102564 1613.0 1711.0 2.45 2.377042770385742 0.0 0.0 0.0 0.0  1  0  0  0  0  0  0  0  0  0  0  0  0  0 
2458 59.0 0.0 0.0 4124.102564102564 4085.6410256410263 4243.076923076924 4492.820512820514 4482.564102564103 4704.102564102564 4459.48717948718 4386.153846153847 4724.615384615386 4059.48717948718 3934.358974358975 4287.6923076923085 4608.717948717949 4406.153846153847 1613.0 1713.0 2.458 2.377042770385742 0.0 0.0 0.0 0.0  1  0  0  0  0  0  0  0  0  0  0  0  0  0 
2465 60.0 0.0 0.0 4108.205128205129 4085.1282051282055 4233.846153846154 4496.923076923077 4486.153846153847 4708.205128205129 4455.8974358974365 4387.6923076923085 4725.641025641026 4057.435897435898 3935.8974358974365 4286.153846153847 4603.589743589744 4400.000000000001 1614.0 1712.0 2.465 2.377042770385742 0.0 0.0 0.0 0.0  1  0  0  0  0  0  0  0  0  0  0  0  0  0 
2473 61.0 0.0 0.0 4114.358974358975 4088.205128205129 4245.128205128206 4504.102564102564 4481.538461538462 4702.564102564103 4447.6923076923085 4384.615384615385 4728.717948717949 4058.9743589743593 3936.9230769230776 4290.256410256411 4609.743589743591 4397.435897435898 1613.0 1712.0 2.473 2.377042770385742 0.0 0.0 0.0 0.0  1  0  0  0  0  0  0  0  0  0  0  0  0  0 
2481 62.0 0.0 0.0 4129.2307692307695 4086.666666666667 4241.538461538462 4507.179487179488 4480.512820512821 4699.48717948718 4443.076923076924 4380.512820512821 4727.179487179488 4060.5128205128212 3934.358974358975 4280.000000000001 4610.256410256411 4393.846153846154 1614.0 1712.0 2.481 2.377042770385742 0.0 0.0 0.0 0.0  1  0  0  0  0  0  0  0  0  0  0  0  0  0 
2489 63.0 0.0 0.0 4160.512820512821 4086.666666666667 4240.000000000001 4501.025641025642 4478.461538461539 4694.358974358975 4434.871794871796 4376.923076923077 4725.128205128206 4058.461538461539 3936.410256410257 4267.6923076923085 4612.820512820514 4394.871794871796 1613.0 1712.0 2.489 2.377042770385742 0.0 0.0 0.0 0.0  1  0  0  0  0  0  0  0  0  0  0  0  0  0 
2497 64.0 0.0 3.0 4162.051282051282 4083.589743589744 4244.102564102564 4494.871794871796 4477.948717948719 4696.410256410257 4432.820512820514 4376.923076923077 4727.179487179488 4057.435897435898 3937.9487179487182 4261.538461538462 4611.794871794872 4394.358974358975 1614.0 1711.0 2.497 2.377042770385742 0.0 0.0 0.0 0.0  1  0  0  0  0  0  0  0  0  0  0  0  0  0 
2504 65.0 0.0 0.0 4157.435897435898 4077.9487179487187 4251.794871794872 4490.769230769231 4475.8974358974365 4695.384615384616 4448.205128205129 4377.948717948719 4727.179487179488 4060.0000000000005 3937.9487179487182 4265.641025641026 4611.282051282052 4393.846153846154 1613.0 1711.0 2.504 2.377042770385742 0.0 0.0 0.0 0.0  1  0  0  0  0  0  0  0  0  0  0  0  0  0 
2512 66.0 0.0 0.0 4141.025641025642 4071.7948717948725 4257.948717948719 4485.128205128206 4476.410256410257 4696.923076923077 4468.717948717949 4378.461538461539 4724.615384615386 4058.9743589743593 3940.5128205128212 4275.384615384616 4613.333333333334 4394.358974358975 1614.0 1711.0 2.512 2.377042770385742 0.0 0.0 0.0 0.0  1  0  0  0  0  0  0  0  0  0  0  0  0  0 
2520 67.0 0.0 0.0 4101.025641025642 4071.2820512820517 4266.666666666667 4478.461538461539 4483.589743589744 4707.179487179488 4470.769230769231 4380.512820512821 4726.666666666667 4057.435897435898 3942.564102564103 4291.282051282052 4610.256410256411 4395.384615384616 1613.0 1711.0 2.52 2.377042770385742 0.0 0.0 0.0 0.0  1  0  0  0  0  0  0  0  0  0  0  0  0  0 
2528 68.0 0.0 0.0 4073.333333333334 4074.358974358975 4272.820512820514 4477.435897435898 4484.102564102564 4712.307692307693 4458.974358974359 4382.564102564103 4728.717948717949 4059.48717948718 3946.1538461538466 4318.974358974359 4605.128205128206 4396.923076923077 1614.0 1712.0 2.528 2.377042770385742 0.0 0.0 0.0 0.0  1  0  0  0  0  0  0  0  0  0  0  0  0  0 
2536 69.0 0.0 0.0 4065.6410256410263 4069.7435897435903 4262.564102564103 4479.48717948718 4481.538461538462 4712.307692307693 4456.923076923077 4386.153846153847 4729.2307692307695 4058.9743589743593 3948.205128205129 4331.794871794872 4601.538461538462 4392.307692307693 1614.0 1711.0 2.536 2.377042770385742 0.0 0.0 0.0 0.0  1  0  0  0  0  0  0  0  0  0  0  0  0  0 
2544 70.0 0.0 0.0 4086.1538461538466 4071.7948717948725 4262.051282051282 4485.641025641026 4477.948717948719 4708.205128205129 4464.615384615385 4383.589743589744 4728.717948717949 4057.435897435898 3950.7692307692314 4335.384615384616 4608.717948717949 4392.820512820514 1612.0 1713.0 2.544 2.377042770385742 0.0 0.0 0.0 0.0  1  0  0  0  0  0  0  0  0  0  0  0  0  0 
2552 71.0 0.0 0.0 4108.205128205129 4075.8974358974365 4246.666666666667 4490.256410256411 4481.025641025642 4708.717948717949 4465.128205128206 4382.564102564103 4729.2307692307695 4058.9743589743593 3946.1538461538466 4325.128205128206 4610.256410256411 4391.794871794872 1614.0 1712.0 2.552 2.502150297164917 0.0 0.0 0.0 0.0  1  0  0  0  0  0  0  0  0  0  0  0  0  0 
2559 72.0 0.0 0.0 4149.74358974359 4080.0000000000005 4239.48717948718 4495.384615384616 4475.8974358974365 4698.461538461539 4449.2307692307695 4382.564102564103 4727.6923076923085 4060.5128205128212 3945.1282051282055 4316.923076923077 4615.384615384616 4396.410256410257 1613.0 1712.0 2.559 2.502150297164917 0.0 0.0 0.0 0.0  1  0  0  0  0  0  0  0  0  0  0  0  0  0 
2567 73.0 0.0 0.0 4166.666666666667 4076.9230769230776 4225.128205128206 4498.461538461539 4476.410256410257 4691.282051282052 4439.48717948718 4386.666666666667 4729.2307692307695 4058.9743589743593 3939.48717948718 4292.307692307693 4614.358974358975 4394.871794871796 1614.0 1712.0 2.567 2.502150297164917 0.0 0.0 0.0 0.0  1  0  0  0  0  0  0  0  0  0  0  0  0  0 
2575 74.0 0.0 0.0 4175.8974358974365 4079.48717948718 4233.846153846154 4500.512820512821 4474.358974358975 4681.538461538462 4447.179487179487 4383.589743589744 4728.205128205129 4059.48717948718 3937.9487179487182 4277.435897435898 4616.923076923077 4401.538461538462 1613.0 1711.0 2.575 2.502150297164917 0.0 0.0 0.0 0.0  1  0  0  0  0  0  0  0  0  0  0  0  0  0 
2583 75.0 0.0 0.0 4144.102564102564 4081.0256410256416 4234.871794871796 4497.948717948719 4479.48717948718 4690.256410256411 4458.461538461539 4380.000000000001 4725.641025641026 4058.9743589743593 3935.8974358974365 4265.641025641026 4610.769230769231 4403.589743589744 1614.0 1711.0 2.583 2.5334272384643555 0.0 0.0 0.0 0.0  1  0  0  0  0  0  0  0  0  0  0  0  0  0 
2590 76.0 0.0 0.0 4117.948717948719 4081.538461538462 4247.6923076923085 4495.8974358974365 4480.000000000001 4697.948717948719 4458.461538461539 4377.435897435898 4727.179487179488 4056.9230769230776 3940.5128205128212 4274.358974358975 4611.282051282052 4405.641025641026 1613.0 1711.0 2.59 2.5334272384643555 0.0 0.0 0.0 0.0  1  0  0  0  0  0  0  0  0  0  0  0  0  0 
2598 77.0 0.0 1.0 4087.692307692308 4076.410256410257 4253.846153846154 4493.333333333334 4484.615384615385 4707.6923076923085 4458.461538461539 4381.538461538462 4729.743589743591 4055.8974358974365 3942.0512820512827 4280.512820512821 4606.666666666667 4399.48717948718 1614.0 1711.0 2.598 2.5334272384643555 0.0 0.0 0.0 0.0  1  0  0  0  0  0  0  0  0  0  0  0  0  0 
2606 78.0 0.0 0.0 4075.8974358974365 4077.9487179487187 4267.179487179487 4489.2307692307695 4481.538461538462 4709.2307692307695 4460.512820512821 4381.025641025642 4726.666666666667 4058.9743589743593 3944.615384615385 4291.794871794872 4606.153846153847 4397.435897435898 1613.0 1712.0 2.606 2.5334272384643555 0.0 0.0 0.0 0.0  1  0  0  0  0  0  0  0  0  0  0  0  0  0 
2614 79.0 0.0 0.0 4086.666666666667 4079.48717948718 4251.794871794872 4488.205128205129 4481.538461538462 4713.333333333334 4456.410256410257 4378.974358974359 4724.102564102564 4058.461538461539 3944.615384615385 4292.307692307693 4605.128205128206 4392.307692307693 1614.0 1711.0 2.614 2.5334272384643555 0.0 0.0 0.0 0.0  1  0  0  0  0  0  0  0  0  0  0  0  0  0 
2622 80.0 0.0 0.0 4122.564102564103 4081.0256410256416 4234.358974358975 4495.384615384616 4482.564102564103 4707.6923076923085 4441.538461538462 4378.974358974359 4726.666666666667 4055.8974358974365 3944.1025641025644 4293.846153846154 4609.2307692307695 4390.256410256411 1613.0 1712.0 2.622 2.5334272384643555 0.0 0.0 0.0 0.0  1  0  0  0  0  0  0  0  0  0  0  0  0  0 
2630 81.0 0.0 1.0 4150.256410256411 4083.589743589744 4221.025641025642 4501.538461538462 4482.564102564103 4698.974358974359 4435.384615384616 4381.538461538462 4728.205128205129 4057.435897435898 3941.0256410256416 4290.769230769231 4611.282051282052 4391.794871794872 1614.0 1711.0 2.63 2.5334272384643555 0.0 0.0 0.0 0.0  1  0  0  0  0  0  0  0  0  0  0  0  0  0 
2637 82.0 0.0 0.0 4177.435897435898 4087.1794871794878 4215.384615384616 4501.025641025642 4480.000000000001 4692.307692307693 4444.102564102564 4382.051282051282 4727.179487179488 4060.5128205128212 3935.8974358974365 4276.923076923077 4613.846153846154 4396.923076923077 1613.0 1713.0 2.637 2.5334272384643555 0.0 0.0 0.0 0.0  1  0  0  0  0  0  0  0  0  0  0  0  0  0 
2645 83.0 0.0 0.0 4186.153846153847 4087.692307692308 4222.051282051282 4504.615384615385 4478.461538461539 4688.717948717949 4449.2307692307695 4377.948717948719 4726.666666666667 4060.5128205128212 3931.2820512820517 4257.435897435898 4617.435897435898 4402.564102564103 1615.0 1712.0 2.645 2.5334272384643555 0.0 0.0 0.0 0.0  1  0  0  0  0  0  0  0  0  0  0  0  0  0 
2653 84.0 0.0 0.0 4172.820512820514 4089.23076923077 4235.8974358974365 4514.871794871796 4480.512820512821 4689.2307692307695 4453.333333333334 4377.435897435898 4726.666666666667 4058.461538461539 3924.1025641025644 4234.358974358975 4617.435897435898 4402.564102564103 1614.0 1712.0 2.653 2.5334272384643555 0.0 0.0 0.0 0.0  1  0  0  0  0  0  0  0  0  0  0  0  0  0 
2661 85.0 0.0 1.0 4156.410256410257 4093.333333333334 4258.461538461539 4526.153846153847 4477.948717948719 4688.717948717949 4472.307692307693 4380.000000000001 4727.179487179488 4057.9487179487182 3923.589743589744 4224.102564102564 4618.461538461539 4404.615384615385 1614.0 1712.0 2.661 2.5334272384643555 0.0 0.0 0.0 0.0  1  0  0  0  0  0  0  0  0  0  0  0  0  0 
2669 86.0 0.0 0.0 4122.564102564103 4089.7435897435903 4263.076923076924 4524.615384615385 4481.025641025642 4695.8974358974365 4495.384615384616 4386.153846153847 4728.717948717949 4058.9743589743593 3926.1538461538466 4224.615384615385 4611.794871794872 4400.000000000001 1613.0 1711.0 2.669 2.5334272384643555 0.0 0.0 0.0 0.0  1  0  0  0  0  0  0  0  0  0  0  0  0  0 
2676 87.0 0.0 0.0 4104.615384615385 4088.205128205129 4264.102564102564 4514.871794871796 4480.512820512821 4700.000000000001 4500.512820512821 4384.615384615385 4728.717948717949 4061.0256410256416 3934.358974358975 4256.410256410257 4611.794871794872 4397.948717948719 1613.0 1712.0 2.676 2.627257823944092 0.0 0.0 0.0 0.0  1  0  0  0  0  0  0  0  0  0  0  0  0  0 
2684 88.0 0.0 0.0 4092.307692307693 4083.589743589744 4256.410256410257 4498.974358974359 4483.589743589744 4708.717948717949 4495.8974358974365 4382.051282051282 4728.205128205129 4060.0000000000005 3938.461538461539 4284.102564102564 4606.666666666667 4386.666666666667 1613.0 1710.0 2.684 2.627257823944092 0.0 0.0 0.0 0.0  1  0  0  0  0  0  0  0  0  0  0  0  0  0 
2692 89.0 0.0 1.0 4103.589743589744 4078.461538461539 4270.256410256411 4482.051282051282 4481.025641025642 4705.641025641026 4492.307692307693 4378.461538461539 4727.6923076923085 4057.9487179487182 3945.6410256410263 4313.846153846154 4608.205128205129 4380.000000000001 1612.0 1712.0 2.692 2.627257823944092 0.0 0.0 0.0 0.0  1  0  0  0  0  0  0  0  0  0  0  0  0  0 
2700 90.0 0.0 0.0 4107.6923076923085 4062.0512820512827 4267.6923076923085 4467.179487179487 4480.000000000001 4705.128205128206 4492.307692307693 4381.025641025642 4728.717948717949 4057.435897435898 3949.2307692307695 4326.666666666667 4604.615384615385 4379.48717948718 1614.0 1711.0 2.7 2.627257823944092 0.0 0.0 0.0 0.0  1  0  0  0  0  0  0  0  0  0  0  0  0  0 
2708 91.0 0.0 0.0 4122.564102564103 4053.8461538461543 4280.512820512821 4459.48717948718 4472.307692307693 4701.025641025642 4482.051282051282 4381.025641025642 4725.641025641026 4057.9487179487182 3957.9487179487182 4345.641025641026 4608.205128205129 4391.794871794872 1613.0 1711.0 2.708 2.627257823944092 0.0 0.0 0.0 0.0  1  0  0  0  0  0  0  0  0  0  0  0  0  0 
2716 92.0 0.0 0.0 4097.435897435898 4047.692307692308 4280.000000000001 4456.410256410257 4474.358974358975 4708.205128205129 4470.256410256411 4382.051282051282 4723.076923076924 4058.9743589743593 3961.538461538462 4356.410256410257 4604.102564102564 4393.333333333334 1613.0 1712.0 2.716 2.627257823944092 0.0 0.0 0.0 0.0  1  0  0  0  0  0  0  0  0  0  0  0  0  0 
2723 93.0 0.0 1.0 4087.1794871794878 4052.307692307693 4271.282051282052 4463.589743589744 4473.333333333334 4706.666666666667 4467.179487179487 4380.512820512821 4723.589743589744 4060.0000000000005 3960.0000000000005 4359.48717948718 4607.179487179488 4400.512820512821 1613.0 1713.0 2.723 2.627257823944092 0.0 0.0 0.0 0.0  1  0  0  0  0  0  0  0  0  0  0  0  0  0 
2731 94.0 0.0 0.0 4091.2820512820517 4065.1282051282055 4237.948717948719 4481.025641025642 4475.8974358974365 4706.153846153847 4464.615384615385 4382.564102564103 4726.153846153847 4058.461538461539 3949.2307692307695 4326.153846153847 4608.717948717949 4408.205128205129 1614.0 1712.0 2.731 2.627257823944092 0.0 0.0 0.0 0.0  1  0  0  0  0  0  0  0  0  0  0  0  0  0 
2739 95.0 0.0 0.0 4111.282051282052 4088.205128205129 4218.974358974359 4507.6923076923085 4478.461538461539 4701.538461538462 4456.923076923077 4384.102564102564 4727.6923076923085 4059.48717948718 3940.5128205128212 4291.794871794872 4610.256410256411 4410.256410256411 1613.0 1713.0 2.739 2.627257823944092 0.0 0.0 0.0 0.0  1  0  0  0  0  0  0  0  0  0  0  0  0  0 
2747 96.0 0.0 0.0 4140.000000000001 4102.051282051282 4199.48717948718 4534.358974358975 4481.538461538462 4700.512820512821 4455.8974358974365 4386.666666666667 4730.256410256411 4063.076923076924 3932.307692307693 4259.48717948718 4611.282051282052 4404.615384615385 1614.0 1713.0 2.747 2.627257823944092 0.0 0.0 0.0 0.0  1  0  0  0  0  0  0  0  0  0  0  0  0  0 
2755 97.0 0.0 1.0 4183.589743589744 4114.871794871796 4193.333333333334 4543.589743589744 4481.025641025642 4690.256410256411 4458.461538461539 4384.615384615385 4730.769230769231 4063.076923076924 3922.564102564103 4217.948717948719 4618.974358974359 4401.025641025642 1614.0 1712.0 2.755 2.627257823944092 0.0 0.0 0.0 0.0  1  0  0  0  0  0  0  0  0  0  0  0  0  0 
2763 98.0 0.0 0.0 4218.974358974359 4126.153846153847 4211.282051282052 4542.564102564103 4481.538461538462 4682.051282051282 4469.743589743591 4379.48717948718 4730.769230769231 4059.48717948718 3907.1794871794878 4161.025641025642 4622.564102564103 4394.358974358975 1614.0 1712.0 2.763 2.627257823944092 0.0 0.0 0.0 0.0  1  0  0  0  0  0  0  0  0  0  0  0  0  0 
2770 99.0 0.0 0.0 4238.461538461539 4124.615384615385 4235.8974358974365 4552.307692307693 4478.461538461539 4678.461538461539 4506.153846153847 4377.948717948719 4730.769230769231 4058.9743589743593 3896.410256410257 4114.871794871796 4622.051282051282 4386.153846153847 1614.0 1710.0 2.77 2.627257823944092 0.0 0.0 0.0 0.0  1  0  0  0  0  0  0  0  0  0  0  0  0  0 
2778 100.0 0.0 0.0 4218.461538461539 4111.794871794872 4254.871794871796 4564.102564102564 4474.358974358975 4673.333333333334 4549.2307692307695 4378.974358974359 4729.743589743591 4060.0000000000005 3903.076923076924 4108.205128205129 4625.128205128206 4387.6923076923085 1612.0 1711.0 2.778 2.627257823944092 0.0 0.0 0.0 0.0  1  0  0  0  0  0  0  0  0  0  0  0  0  0 
2786 101.0 0.0 1.0 4162.564102564103 4102.564102564103 4257.948717948719 4545.641025641026 4481.025641025642 4679.48717948718 4563.589743589744 4382.564102564103 4727.6923076923085 4056.9230769230776 3916.9230769230776 4127.6923076923085 4619.48717948718 4391.794871794872 1615.0 1710.0 2.786 2.627257823944092 0.0 0.0 0.0 0.0  1  0  0  0  0  0  0  0  0  0  0  0  0  0 
2794 102.0 0.0 0.0 4110.769230769231 4094.358974358975 4284.102564102564 4506.666666666667 4484.102564102564 4694.871794871796 4544.102564102564 4381.538461538462 4726.666666666667 4056.410256410257 3932.307692307693 4197.948717948719 4613.333333333334 4397.435897435898 1613.0 1710.0 2.794 2.627257823944092 0.0 0.0 0.0 0.0  1  0  0  0  0  0  0  0  0  0  0  0  0  0 
2802 103.0 0.0 0.0 4033.8461538461543 4064.615384615385 4315.8974358974365 4463.076923076924 4487.179487179488 4715.8974358974365 4524.102564102564 4380.512820512821 4726.153846153847 4057.9487179487182 3947.1794871794878 4306.666666666667 4600.512820512821 4389.2307692307695 1613.0 1711.0 2.802 2.7523653507232666 0.0 0.0 0.0 0.0  1  0  0  0  0  0  0  0  0  0  0  0  0  0 
2809 104.0 0.0 0.0 3994.8717948717954 4033.333333333334 4337.435897435898 4430.256410256411 4481.538461538462 4722.564102564103 4519.48717948718 4375.384615384616 4723.589743589744 4057.9487179487182 3970.2564102564106 4421.025641025642 4595.384615384616 4383.589743589744 1612.0 1711.0 2.809 2.7523653507232666 0.0 0.0 0.0 0.0  1  0  0  0  0  0  0  0  0  0  0  0  0  0 
2817 105.0 0.0 1.0 4005.1282051282055 4010.7692307692314 4299.48717948718 4412.820512820514 4476.410256410257 4733.846153846154 4522.564102564103 4378.974358974359 4723.076923076924 4056.410256410257 3985.6410256410263 4488.205128205129 4590.769230769231 4383.589743589744 1614.0 1713.0 2.817 2.7523653507232666 0.0 0.0 0.0 0.0  1  0  0  0  0  0  0  0  0  0  0  0  0  0 
2825 106.0 0.0 0.0 4052.307692307693 4015.3846153846157 4242.051282051282 4403.589743589744 4471.282051282052 4733.846153846154 4508.205128205129 4383.076923076924 4721.025641025642 4056.9230769230776 3993.333333333334 4537.435897435898 4600.512820512821 4396.410256410257 1613.0 1712.0 2.825 2.7523653507232666 0.0 0.0 0.0 0.0  1  0  0  0  0  0  0  0  0  0  0  0  0  0 
2833 107.0 0.0 0.0 4083.076923076924 4043.589743589744 4189.74358974359 4404.615384615385 4478.974358974359 4730.256410256411 4486.666666666667 4383.076923076924 4720.512820512821 4058.461538461539 3981.0256410256416 4527.179487179488 4601.025641025642 4397.435897435898 1615.0 1714.0 2.833 2.7523653507232666 0.0 0.0 0.0 0.0  1  0  0  0  0  0  0  0  0  0  0  0  0  0 
2841 108.0 0.0 0.0 4149.2307692307695 4075.3846153846157 4204.102564102564 4440.512820512821 4475.384615384616 4710.256410256411 4483.589743589744 4374.871794871796 4722.564102564103 4058.461538461539 3960.0000000000005 4446.153846153847 4609.2307692307695 4399.48717948718 1613.0 1713.0 2.841 2.7523653507232666 0.0 0.0 0.0 0.0  1  0  0  0  0  0  0  0  0  0  0  0  0  0 
2849 109.0 0.0 1.0 4209.74358974359 4080.0000000000005 4203.589743589744 4500.512820512821 4472.307692307693 4693.333333333334 4510.769230769231 4375.8974358974365 4726.153846153847 4057.435897435898 3936.9230769230776 4318.461538461539 4619.48717948718 4405.128205128206 1613.0 1714.0 2.849 2.7523653507232666 0.0 0.0 0.0 0.0  1  0  0  0  0  0  0  0  0  0  0  0  0  0 
2856 110.0 0.0 0.0 4245.128205128206 4096.410256410257 4188.717948717949 4543.076923076924 4474.358974358975 4681.025641025642 4545.128205128206 4382.051282051282 4728.717948717949 4059.48717948718 3923.076923076924 4216.923076923077 4627.179487179488 4416.410256410257 1614.0 1711.0 2.856 2.7523653507232666 0.0 0.0 0.0 0.0  1  0  0  0  0  0  0  0  0  0  0  0  0  0 
2864 111.0 0.0 0.0 4193.333333333334 4128.717948717949 4214.358974358975 4550.769230769231 4485.641025641026 4686.666666666667 4569.2307692307695 4383.076923076924 4731.282051282052 4060.0000000000005 3911.2820512820517 4156.410256410257 4617.948717948719 4411.282051282052 1613.0 1711.0 2.864 2.7523653507232666 0.0 0.0 0.0 0.0  1  0  0  0  0  0  0  0  0  0  0  0  0  0 
2872 112.0 0.0 0.0 4126.153846153847 4126.153846153847 4278.461538461539 4539.48717948718 4487.6923076923085 4692.307692307693 4577.435897435898 4380.000000000001 4728.717948717949 4058.9743589743593 3914.358974358975 4166.666666666667 4609.743589743591 4401.025641025642 1614.0 1710.0 2.872 2.7523653507232666 0.0 0.0 0.0 0.0  1  0  0  0  0  0  0  0  0  0  0  0  0  0 
2880 113.0 0.0 1.0 4087.1794871794878 4072.820512820513 4299.48717948718 4508.205128205129 4483.076923076924 4700.512820512821 4577.435897435898 4383.076923076924 4723.589743589744 4056.9230769230776 3935.3846153846157 4240.000000000001 4605.128205128206 4392.307692307693 1613.0 1710.0 2.88 2.7523653507232666 0.0 0.0 0.0 0.0  1  0  0  0  0  0  0  0  0  0  0  0  0  0 
2888 114.0 0.0 0.0 4042.564102564103 4034.8717948717954 4315.384615384616 4455.8974358974365 4480.000000000001 4716.923076923077 4573.333333333334 4381.025641025642 4723.076923076924 4056.9230769230776 3960.0000000000005 4325.641025641026 4598.461538461539 4383.589743589744 1613.0 1711.0 2.888 2.7523653507232666 0.0 0.0 0.0 0.0  1  0  0  0  0  0  0  0  0  0  0  0  0  0 
2896 115.0 0.0 0.0 4011.7948717948725 4041.0256410256416 4325.128205128206 4426.666666666667 4480.000000000001 4731.794871794872 4558.461538461539 4373.846153846154 4725.128205128206 4057.9487179487182 3974.358974358975 4380.512820512821 4592.307692307693 4376.923076923077 1613.0 1711.0 2.896 2.7523653507232666 0.0 0.0 0.0 0.0  1  0  0  0  0  0  0  0  0  0  0  0  0  0 
2903 116.0 0.0 0.0 4042.564102564103 4049.23076923077 4286.666666666667 4440.000000000001 4476.410256410257 4729.2307692307695 4526.153846153847 4375.8974358974365 4724.615384615386 4057.9487179487182 3977.435897435898 4403.589743589744 4595.384615384616 4376.923076923077 1614.0 1712.0 2.903 2.7523653507232666 0.0 0.0 0.0 0.0  1  0  0  0  0  0  0  0  0  0  0  0  0  0 
2911 117.0 0.0 1.0 4106.153846153847 4047.692307692308 4240.000000000001 4467.179487179487 4472.307692307693 4713.333333333334 4490.256410256411 4381.538461538462 4723.589743589744 4057.9487179487182 3971.2820512820517 4394.358974358975 4605.641025641026 4388.717948717949 1614.0 1712.0 2.911 2.7523653507232666 0.0 0.0 0.0 0.0  1  0  0  0  0  0  0  0  0  0  0  0  0  0 
2919 118.0 0.0 0.0 4154.358974358975 4069.7435897435903 4208.717948717949 4487.179487179488 4477.435897435898 4701.025641025642 4474.871794871796 4381.538461538462 4727.6923076923085 4059.48717948718 3947.1794871794878 4329.743589743591 4611.794871794872 4400.000000000001 1613.0 1713.0 2.919 2.7523653507232666 0.0 0.0 0.0 0.0  1  0  0  0  0  0  0  0  0  0  0  0  0  0 
2927 119.0 0.0 0.0 4198.461538461539 4109.74358974359 4200.512820512821 4519.48717948718 4476.410256410257 4687.179487179488 4472.820512820514 4378.461538461539 4729.743589743591 4061.538461538462 3927.692307692308 4264.102564102564 4623.076923076924 4413.846153846154 1613.0 1713.0 2.927 2.8774728775024414 0.0 0.0 0.0 0.0  1  0  0  0  0  0  0  0  0  0  0  0  0  0 
2935 120.0 0.0 0.0 4207.179487179487 4111.794871794872 4186.153846153847 4543.076923076924 4476.923076923077 4682.051282051282 4477.435897435898 4381.538461538462 4726.666666666667 4059.48717948718 3918.461538461539 4226.153846153847 4624.615384615385 4416.923076923077 1613.0 1714.0 2.935 2.8774728775024414 0.0 0.0 0.0 0.0  1  0  0  0  0  0  0  0  0  0  0  0  0  0 
2942 121.0 0.0 1.0 4202.564102564103 4098.974358974359 4206.666666666667 4536.410256410257 4475.8974358974365 4680.512820512821 4494.358974358975 4377.435897435898 4725.128205128206 4057.9487179487182 3917.435897435898 4226.666666666667 4620.512820512821 4419.48717948718 1614.0 1711.0 2.942 2.8774728775024414 0.0 0.0 0.0 0.0  1  0  0  0  0  0  0  0  0  0  0  0  0  0 
2950 122.0 0.0 0.0 4153.333333333334 4095.3846153846157 4242.564102564103 4513.846153846154 4484.615384615385 4693.846153846154 4529.743589743591 4376.410256410257 4728.205128205129 4057.435897435898 3916.9230769230776 4235.8974358974365 4606.666666666667 4409.743589743591 1613.0 1712.0 2.95 2.8774728775024414 0.0 0.0 0.0 0.0  1  0  0  0  0  0  0  0  0  0  0  0  0  0 
2958 123.0 0.0 0.0 4109.2307692307695 4090.2564102564106 4270.769230769231 4502.564102564103 4484.102564102564 4703.076923076924 4561.025641025642 4376.410256410257 4728.205128205129 4058.9743589743593 3929.7435897435903 4263.589743589744 4607.6923076923085 4398.461538461539 1613.0 1710.0 2.958 2.8774728775024414 0.0 0.0 0.0 0.0  1  0  0  0  0  0  0  0  0  0  0  0  0  0 
2966 124.0 0.0 0.0 4075.8974358974365 4068.717948717949 4256.923076923077 4490.256410256411 4482.564102564103 4714.358974358975 4565.128205128206 4380.000000000001 4725.641025641026 4058.461538461539 3944.615384615385 4282.051282051282 4609.743589743591 4387.179487179487 1612.0 1709.0 2.966 2.8774728775024414 0.0 0.0 0.0 0.0  1  0  0  0  0  0  0  0  0  0  0  0  0  0 
2974 125.0 0.0 1.0 4069.23076923077 4065.6410256410263 4268.205128205129 4471.794871794872 4481.025641025642 4715.384615384616 4541.538461538462 4378.974358974359 4724.102564102564 4057.9487179487182 3958.461538461539 4306.153846153847 4609.743589743591 4386.153846153847 1613.0 1710.0 2.974 2.8774728775024414 0.0 0.0 0.0 0.0  1  0  0  0  0  0  0  0  0  0  0  0  0  0 
2981 126.0 0.0 0.0 4063.076923076924 4070.2564102564106 4273.333333333334 4462.051282051282 4487.179487179488 4718.974358974359 4513.333333333334 4380.512820512821 4726.153846153847 4058.9743589743593 3958.461538461539 4320.000000000001 4600.512820512821 4380.512820512821 1614.0 1709.0 2.981 2.8774728775024414 0.0 0.0 0.0 0.0  1  0  0  0  0  0  0  0  0  0  0  0  0  0 
2989 127.0 0.0 0.0 4081.538461538462 4060.5128205128212 4264.102564102564 4463.076923076924 4481.025641025642 4715.8974358974365 4490.256410256411 4379.48717948718 4726.666666666667 4057.9487179487182 3956.410256410257 4336.923076923077 4605.128205128206 4380.512820512821 1614.0 1711.0 2.989 2.8774728775024414 0.0 0.0 0.0 0.0  1  0  0  0  0  0  0  0  0  0  0  0  0  0 
2997 128.0 0.0 0.0 4097.435897435898 4042.0512820512827 4255.384615384616 4460.000000000001 4475.8974358974365 4714.871794871796 4477.435897435898 4379.48717948718 4724.615384615386 4055.3846153846157 3958.9743589743593 4345.641025641026 4609.2307692307695 4385.128205128206 1614.0 1711.0 2.997 2.8774728775024414 0.0 0.0 0.0 0.0  1  0  0  0  0  0  0  0  0  0  0  0  0  0 
3005 0.0 0.0 1.0 4123.589743589744 4049.23076923077 4255.384615384616 4462.051282051282 4476.923076923077 4707.6923076923085 4470.256410256411 4379.48717948718 4725.128205128206 4056.410256410257 3956.410256410257 4344.615384615385 4606.153846153847 4394.871794871796 1613.0 1713.0 3.005 2.8774728775024414 0.0 0.0 0.0 0.0  1  0  0  0  0  0  0  0  0  0  0  0  0  0 
3013 1.0 0.0 0.0 4147.179487179487 4077.9487179487187 4207.6923076923085 4488.717948717949 4478.974358974359 4701.025641025642 4469.743589743591 4381.538461538462 4728.205128205129 4060.0000000000005 3938.9743589743593 4328.205128205129 4605.641025641026 4405.128205128206 1613.0 1713.0 3.013 2.8774728775024414 0.0 0.0 0.0 0.0  1  0  0  0  0  0  0  0  0  0  0  0  0  0 
3021 2.0 0.0 0.0 4166.666666666667 4099.48717948718 4163.589743589744 4523.076923076924 4478.974358974359 4695.384615384616 4476.923076923077 4390.256410256411 4727.179487179488 4061.0256410256416 3926.1538461538466 4312.307692307693 4613.846153846154 4411.282051282052 1613.0 1714.0 3.021 2.8774728775024414 0.0 0.0 0.0 0.0  1  0  0  0  0  0  0  0  0  0  0  0  0  0 
3028 3.0 0.0 0.0 4171.794871794872 4103.076923076924 4187.179487179487 4526.666666666667 4478.461538461539 4688.717948717949 4489.2307692307695 4395.8974358974365 4726.153846153847 4060.5128205128212 3924.615384615385 4311.282051282052 4618.461538461539 4408.717948717949 1614.0 1713.0 3.028 2.8774728775024414 0.0 0.0 0.0 0.0  1  0  0  0  0  0  0  0  0  0  0  0  0  0 
3036 4.0 0.0 0.0 4158.461538461539 4098.461538461539 4222.564102564103 4503.076923076924 4477.435897435898 4686.666666666667 4504.102564102564 4393.846153846154 4729.2307692307695 4060.0000000000005 3922.0512820512827 4313.846153846154 4615.384615384616 4399.48717948718 1614.0 1713.0 3.036 2.8774728775024414 0.0 0.0 0.0 0.0  1  0  0  0  0  0  0  0  0  0  0  0  0  0 
3044 5.0 0.0 0.0 4151.282051282052 4094.358974358975 4231.794871794872 4496.410256410257 4474.871794871796 4686.666666666667 4529.743589743591 4384.615384615385 4731.282051282052 4060.0000000000005 3927.692307692308 4314.358974358975 4618.461538461539 4395.384615384616 1614.0 1712.0 3.044 2.8774728775024414 0.0 0.0 0.0 0.0  1  0  0  0  0  0  0  0  0  0  0  0  0  0 
3052 6.0 0.0 0.0 4141.025641025642 4085.1282051282055 4231.794871794872 4502.564102564103 4477.948717948719 4693.333333333334 4555.8974358974365 4380.512820512821 4729.743589743591 4059.48717948718 3939.48717948718 4286.153846153847 4615.8974358974365 4386.153846153847 1614.0 1712.0 3.052 3.002580404281616 0.0 0.0 0.0 0.0  1  0  0  0  0  0  0  0  0  0  0  0  0  0 
3060 7.0 0.0 0.0 4136.410256410257 4077.435897435898 4258.974358974359 4494.871794871796 4476.410256410257 4693.333333333334 4552.820512820514 4380.512820512821 4728.717948717949 4058.461538461539 3945.6410256410263 4258.974358974359 4616.410256410257 4386.666666666667 1614.0 1711.0 3.06 3.002580404281616 0.0 0.0 0.0 0.0  1  0  0  0  0  0  0  0  0  0  0  0  0  0 
3067 8.0 0.0 0.0 4112.307692307693 4070.2564102564106 4266.153846153847 4485.641025641026 4482.564102564103 4700.512820512821 4530.769230769231 4386.153846153847 4730.256410256411 4058.9743589743593 3942.564102564103 4233.333333333334 4607.6923076923085 4388.205128205129 1614.0 1711.0 3.067 3.002580404281616 0.0 0.0 0.0 0.0  1  0  0  0  0  0  0  0  0  0  0  0  0  0 
3075 9.0 0.0 0.0 4103.076923076924 4069.7435897435903 4273.333333333334 4496.923076923077 4485.641025641026 4700.512820512821 4507.6923076923085 4383.076923076924 4730.769230769231 4061.0256410256416 3951.2820512820517 4229.2307692307695 4607.6923076923085 4394.871794871796 1613.0 1710.0 3.075 3.002580404281616 0.0 0.0 0.0 0.0  1  0  0  0  0  0  0  0  0  0  0  0  0  0 
3083 10.0 0.0 0.0 4078.9743589743593 4067.692307692308 4265.128205128206 4498.461538461539 4488.205128205129 4706.153846153847 4486.666666666667 4377.948717948719 4728.717948717949 4057.9487179487182 3955.3846153846157 4231.282051282052 4604.102564102564 4394.358974358975 1613.0 1711.0 3.083 3.0338573455810547 0.0 0.0 0.0 0.0  1  0  0  0  0  0  0  0  0  0  0  0  0  0 
3091 11.0 0.0 0.0 4072.307692307693 4070.7692307692314 4285.128205128206 4478.461538461539 4480.512820512821 4707.179487179488 4463.589743589744 4369.743589743591 4723.589743589744 4056.9230769230776 3953.333333333334 4270.256410256411 4603.589743589744 4397.435897435898 1614.0 1710.0 3.091 3.0338573455810547 0.0 0.0 0.0 0.0  1  0  0  0  0  0  0  0  0  0  0  0  0  0 
3099 12.0 0.0 0.0 4056.410256410257 4064.1025641025644 4300.512820512821 4455.384615384616 4481.538461538462 4717.948717948719 4456.923076923077 4368.717948717949 4722.051282051282 4057.435897435898 3951.7948717948725 4326.153846153847 4595.8974358974365 4390.769230769231 1613.0 1712.0 3.099 3.0338573455810547 0.0 0.0 0.0 0.0  1  0  0  0  0  0  0  0  0  0  0  0  0  0 
3107 13.0 0.0 0.0 4060.0000000000005 4048.717948717949 4287.179487179487 4445.641025641026 4477.435897435898 4719.48717948718 4467.6923076923085 4369.2307692307695 4722.051282051282 4056.9230769230776 3962.0512820512827 4398.974358974359 4597.948717948719 4387.179487179487 1614.0 1711.0 3.107 3.0338573455810547 0.0 0.0 0.0 0.0  1  0  0  0  0  0  0  0  0  0  0  0  0  0 
3114 14.0 0.0 0.0 4052.307692307693 4030.7692307692314 4253.846153846154 4437.948717948719 4475.384615384616 4721.538461538462 4478.974358974359 4373.846153846154 4723.076923076924 4054.358974358975 3970.7692307692314 4457.948717948719 4597.435897435898 4389.2307692307695 1612.0 1712.0 3.114 3.0338573455810547 0.0 0.0 0.0 0.0  1  0  0  0  0  0  0  0  0  0  0  0  0  0 
3122 15.0 0.0 0.0 4060.0000000000005 4031.7948717948725 4249.2307692307695 4429.743589743591 4473.333333333334 4720.000000000001 4468.717948717949 4378.461538461539 4720.512820512821 4056.410256410257 3977.435897435898 4496.923076923077 4597.948717948719 4403.589743589744 1613.0 1713.0 3.122 3.0338573455810547 0.0 0.0 0.0 0.0  1  0  0  0  0  0  0  0  0  0  0  0  0  0 
3130 16.0 0.0 0.0 4065.1282051282055 4030.7692307692314 4205.128205128206 4416.923076923077 4475.384615384616 4721.025641025642 4455.384615384616 4384.102564102564 4719.48717948718 4057.9487179487182 3984.1025641025644 4544.615384615385 4600.000000000001 4413.846153846154 1613.0 1712.0 3.13 3.0338573455810547 0.0 0.0 0.0 0.0  1  0  0  0  0  0  0  0  0  0  0  0  0  0 
3138 17.0 0.0 0.0 4064.615384615385 4022.0512820512827 4153.846153846154 4399.48717948718 4478.461538461539 4725.128205128206 4465.128205128206 4382.051282051282 4721.538461538462 4057.435897435898 3989.7435897435903 4588.717948717949 4601.025641025642 4412.307692307693 1613.0 1713.0 3.138 3.0338573455810547 0.0 0.0 0.0 0.0  1  0  0  0  0  0  0  0  0  0  0  0  0  0 
3146 18.0 0.0 0.0 4105.641025641026 4043.589743589744 4161.538461538462 4431.282051282052 4478.974358974359 4721.538461538462 4481.538461538462 4376.410256410257 4724.102564102564 4056.410256410257 3973.333333333334 4491.282051282052 4602.564102564103 4408.717948717949 1613.0 1712.0 3.146 3.0338573455810547 0.0 0.0 0.0 0.0  1  0  0  0  0  0  0  0  0  0  0  0  0  0 
3153 19.0 0.0 0.0 4179.48717948718 4091.2820512820517 4186.666666666667 4509.743589743591 4477.948717948719 4704.102564102564 4498.974358974359 4381.538461538462 4726.153846153847 4057.9487179487182 3940.0000000000005 4289.74358974359 4611.794871794872 4409.2307692307695 1613.0 1712.0 3.153 3.0338573455810547 0.0 0.0 0.0 0.0  1  0  0  0  0  0  0  0  0  0  0  0  0  0 
3161 20.0 0.0 0.0 4196.923076923077 4111.794871794872 4187.179487179487 4543.589743589744 4481.538461538462 4688.205128205129 4524.102564102564 4389.2307692307695 4727.6923076923085 4058.9743589743593 3926.666666666667 4191.282051282052 4620.512820512821 4402.564102564103 1614.0 1711.0 3.161 3.0338573455810547 0.0 0.0 0.0 0.0  1  0  0  0  0  0  0  0  0  0  0  0  0  0 
3169 21.0 0.0 0.0 4151.794871794872 4103.589743589744 4209.74358974359 4512.307692307693 4489.2307692307695 4694.871794871796 4531.282051282052 4390.256410256411 4732.307692307693 4058.461538461539 3926.666666666667 4192.307692307693 4612.307692307693 4383.589743589744 1614.0 1711.0 3.169 3.0338573455810547 0.0 0.0 0.0 0.0  1  0  0  0  0  0  0  0  0  0  0  0  0  0 
3177 22.0 0.0 0.0 4133.333333333334 4105.128205128206 4258.461538461539 4503.076923076924 4487.6923076923085 4700.000000000001 4514.358974358975 4385.128205128206 4733.333333333334 4060.5128205128212 3924.615384615385 4187.179487179487 4609.743589743591 4374.358974358975 1614.0 1711.0 3.177 3.127687931060791 0.0 0.0 0.0 0.0  1  0  0  0  0  0  0  0  0  0  0  0  0  0 
3185 23.0 0.0 0.0 4129.2307692307695 4102.051282051282 4245.641025641026 4512.820512820514 4487.179487179488 4702.051282051282 4507.6923076923085 4386.153846153847 4729.2307692307695 4059.48717948718 3924.615384615385 4177.948717948719 4612.820512820514 4374.358974358975 1612.0 1711.0 3.185 3.127687931060791 0.0 0.0 0.0 0.0  1  0  0  0  0  0  0  0  0  0  0  0  0  0 
3193 24.0 0.0 0.0 4124.615384615385 4090.2564102564106 4247.6923076923085 4496.410256410257 4484.615384615385 4702.051282051282 4503.076923076924 4379.48717948718 4726.153846153847 4057.9487179487182 3934.358974358975 4217.435897435898 4616.923076923077 4386.153846153847 1615.0 1711.0 3.193 3.127687931060791 0.0 0.0 0.0 0.0  1  0  0  0  0  0  0  0  0  0  0  0  0  0 
3200 25.0 0.0 0.0 4106.666666666667 4084.1025641025644 4264.102564102564 4475.8974358974365 4489.2307692307695 4712.307692307693 4481.538461538462 4374.358974358975 4727.6923076923085 4057.435897435898 3931.7948717948725 4245.641025641026 4606.666666666667 4388.717948717949 1613.0 1711.0 3.2 3.127687931060791 0.0 0.0 0.0 0.0  1  0  0  0  0  0  0  0  0  0  0  0  0  0 
3208 26.0 0.0 0.0 4112.307692307693 4079.48717948718 4280.000000000001 4474.358974358975 4484.102564102564 4707.6923076923085 4465.641025641026 4374.358974358975 4726.666666666667 4056.9230769230776 3937.9487179487182 4287.6923076923085 4606.666666666667 4393.333333333334 1613.0 1713.0 3.208 3.127687931060791 0.0 0.0 0.0 0.0  1  0  0  0  0  0  0  0  0  0  0  0  0  0 
3216 27.0 0.0 0.0 4105.641025641026 4051.7948717948725 4287.179487179487 4462.564102564103 4477.435897435898 4707.179487179488 4473.333333333334 4381.025641025642 4723.589743589744 4055.8974358974365 3946.666666666667 4336.923076923077 4602.564102564103 4397.948717948719 1614.0 1711.0 3.216 3.127687931060791 0.0 0.0 0.0 0.0  1  0  0  0  0  0  0  0  0  0  0  0  0  0 
3224 28.0 0.0 0.0 4109.74358974359 4038.9743589743593 4293.333333333334 4446.666666666667 4471.794871794872 4706.666666666667 4474.358974358975 4378.974358974359 4721.025641025642 4056.410256410257 3951.7948717948725 4381.538461538462 4603.076923076924 4406.153846153847 1613.0 1713.0 3.224 3.127687931060791 0.0 0.0 0.0 0.0  1  0  0  0  0  0  0  0  0  0  0  0  0  0 
3232 29.0 0.0 0.0 4100.000000000001 4051.2820512820517 4244.102564102564 4456.410256410257 4481.025641025642 4714.358974358975 4457.948717948719 4374.871794871796 4722.051282051282 4056.9230769230776 3953.8461538461543 4387.6923076923085 4602.051282051282 4404.615384615385 1615.0 1712.0 3.232 3.127687931060791 0.0 0.0 0.0 0.0  1  0  0  0  0  0  0  0  0  0  0  0  0  0 
3240 30.0 0.0 0.0 4116.410256410257 4068.717948717949 4215.384615384616 4482.051282051282 4479.48717948718 4708.717948717949 4438.461538461539 4373.333333333334 4723.589743589744 4057.9487179487182 3956.9230769230776 4378.974358974359 4608.205128205129 4409.2307692307695 1614.0 1712.0 3.24 3.127687931060791 0.0 0.0 0.0 0.0  1  0  0  0  0  0  0  0  0  0  0  0  0  0 
3247 31.0 0.0 0.0 4124.102564102564 4070.7692307692314 4218.974358974359 4488.205128205129 4474.358974358975 4705.128205128206 4438.974358974359 4376.410256410257 4724.615384615386 4058.9743589743593 3949.2307692307695 4355.8974358974365 4608.205128205129 4406.153846153847 1614.0 1712.0 3.247 3.127687931060791 0.0 0.0 0.0 0.0  1  0  0  0  0  0  0  0  0  0  0  0  0  0 
3255 32.0 0.0 0.0 4126.153846153847 4077.435897435898 4219.48717948718 4485.128205128206 4475.384615384616 4702.051282051282 4451.794871794872 4380.000000000001 4725.128205128206 4059.48717948718 3944.1025641025644 4333.333333333334 4609.743589743591 4396.410256410257 1614.0 1712.0 3.255 3.127687931060791 0.0 0.0 0.0 0.0  1  0  0  0  0  0  0  0  0  0  0  0  0  0 
3263 33.0 0.0 0.0 4124.102564102564 4085.1282051282055 4202.051282051282 4500.000000000001 4477.948717948719 4702.564102564103 4461.025641025642 4383.076923076924 4729.2307692307695 4060.0000000000005 3950.2564102564106 4309.2307692307695 4613.333333333334 4391.794871794872 1614.0 1711.0 3.263 3.127687931060791 0.0 0.0 0.0 0.0  1  0  0  0  0  0  0  0  0  0  0  0  0  0 
3271 34.0 0.0 0.0 4132.307692307693 4090.2564102564106 4203.589743589744 4518.461538461539 4476.410256410257 4698.461538461539 4458.461538461539 4384.102564102564 4730.256410256411 4061.0256410256416 3951.2820512820517 4281.025641025642 4617.435897435898 4395.8974358974365 1613.0 1711.0 3.271 3.127687931060791 0.0 0.0 0.0 0.0  1  0  0  0  0  0  0  0  0  0  0  0  0  0 
3279 35.0 0.0 0.0 4138.461538461539 4093.333333333334 4221.025641025642 4517.948717948719 4476.923076923077 4693.333333333334 4449.2307692307695 4385.641025641026 4726.666666666667 4060.0000000000005 3944.615384615385 4256.923076923077 4615.8974358974365 4396.923076923077 1614.0 1711.0 3.279 3.127687931060791 0.0 0.0 0.0 0.0  1  0  0  0  0  0  0  0  0  0  0  0  0  0 
3286 36.0 0.0 0.0 4131.794871794872 4085.1282051282055 4240.512820512821 4506.153846153847 4476.410256410257 4694.358974358975 4450.256410256411 4386.666666666667 4725.641025641026 4058.461538461539 3941.0256410256416 4253.333333333334 4610.769230769231 4394.871794871796 1612.0 1710.0 3.286 3.127687931060791 0.0 0.0 0.0 0.0  1  0  0  0  0  0  0  0  0  0  0  0  0  0 
3294 37.0 0.0 0.0 4124.102564102564 4073.333333333334 4247.179487179487 4501.025641025642 4472.820512820514 4692.820512820514 4460.000000000001 4383.589743589744 4729.743589743591 4059.48717948718 3948.717948717949 4276.410256410257 4613.333333333334 4399.48717948718 1612.0 1711.0 3.294 3.127687931060791 0.0 0.0 0.0 0.0  1  0  0  0  0  0  0  0  0  0  0  0  0  0 
3302 38.0 0.0 0.0 4099.48717948718 4068.717948717949 4232.307692307693 4494.358974358975 4477.435897435898 4696.410256410257 4465.641025641026 4382.564102564103 4732.820512820514 4058.9743589743593 3954.358974358975 4302.564102564103 4609.2307692307695 4398.974358974359 1613.0 1710.0 3.302 3.252795457839966 0.0 0.0 0.0 0.0  1  0  0  0  0  0  0  0  0  0  0  0  0  0 
3310 39.0 0.0 0.0 4085.1282051282055 4070.2564102564106 4254.358974358975 4478.974358974359 4475.8974358974365 4700.000000000001 4463.589743589744 4383.076923076924 4729.743589743591 4057.435897435898 3959.48717948718 4344.615384615385 4607.6923076923085 4398.461538461539 1612.0 1712.0 3.31 3.252795457839966 0.0 0.0 0.0 0.0  1  0  0  0  0  0  0  0  0  0  0  0  0  0 
3318 40.0 0.0 0.0 4065.1282051282055 4058.9743589743593 4272.307692307693 4461.025641025642 4476.410256410257 4709.743589743591 4464.102564102564 4386.153846153847 4725.641025641026 4055.8974358974365 3961.0256410256416 4382.564102564103 4604.102564102564 4391.794871794872 1613.0 1711.0 3.318 3.252795457839966 0.0 0.0 0.0 0.0  1  0  0  0  0  0  0  0  0  0  0  0  0  0 
3326 41.0 0.0 0.0 4073.8461538461543 4052.307692307693 4263.076923076924 4460.000000000001 4474.358974358975 4709.743589743591 4463.589743589744 4382.051282051282 4726.153846153847 4058.461538461539 3962.0512820512827 4411.794871794872 4606.153846153847 4390.769230769231 1612.0 1712.0 3.326 3.252795457839966 0.0 0.0 0.0 0.0  1  0  0  0  0  0  0  0  0  0  0  0  0  0 
3334 42.0 0.0 0.0 4107.179487179487 4062.564102564103 4218.461538461539 4477.948717948719 4478.974358974359 4709.743589743591 4455.8974358974365 4381.025641025642 4728.205128205129 4061.0256410256416 3949.7435897435903 4375.384615384616 4601.538461538462 4389.2307692307695 1613.0 1712.0 3.334 3.252795457839966 0.0 0.0 0.0 0.0  1  0  0  0  0  0  0  0  0  0  0  0  0  0 
3341 43.0 0.0 0.0 4160.000000000001 4087.692307692308 4207.179487179487 4503.076923076924 4478.461538461539 4698.974358974359 4435.8974358974365 4380.512820512821 4726.666666666667 4058.9743589743593 3938.9743589743593 4309.743589743591 4610.769230769231 4403.076923076924 1613.0 1712.0 3.341 3.252795457839966 0.0 0.0 0.0 0.0  1  0  0  0  0  0  0  0  0  0  0  0  0  0 
3349 44.0 0.0 0.0 4164.615384615385 4090.7692307692314 4205.128205128206 4508.205128205129 4485.128205128206 4696.410256410257 4428.205128205129 4381.025641025642 4723.589743589744 4055.8974358974365 3929.7435897435903 4271.794871794872 4612.307692307693 4410.256410256411 1614.0 1712.0 3.349 3.252795457839966 0.0 0.0 0.0 0.0  1  0  0  0  0  0  0  0  0  0  0  0  0  0 
3357 45.0 0.0 0.0 4158.461538461539 4078.9743589743593 4226.153846153847 4491.282051282052 4482.564102564103 4695.384615384616 4453.333333333334 4374.871794871796 4722.564102564103 4055.8974358974365 3929.2307692307695 4292.307692307693 4609.743589743591 4406.666666666667 1614.0 1713.0 3.357 3.252795457839966 0.0 0.0 0.0 0.0  1  0  0  0  0  0  0  0  0  0  0  0  0  0 
3365 46.0 0.0 0.0 4132.307692307693 4065.6410256410263 4243.076923076924 4474.871794871796 4482.051282051282 4704.615384615386 4492.307692307693 4373.846153846154 4724.102564102564 4056.410256410257 3930.2564102564106 4303.076923076924 4603.589743589744 4390.769230769231 1613.0 1712.0 3.365 3.252795457839966 0.0 0.0 0.0 0.0  1  0  0  0  0  0  0  0  0  0  0  0  0  0 
3372 47.0 0.0 0.0 4113.333333333334 4063.076923076924 4257.435897435898 4475.384615384616 4481.538461538462 4709.743589743591 4507.179487179488 4377.948717948719 4724.102564102564 4058.461538461539 3935.8974358974365 4303.076923076924 4606.153846153847 4386.666666666667 1613.0 1712.0 3.372 3.252795457839966 0.0 0.0 0.0 0.0  1  0  0  0  0  0  0  0  0  0  0  0  0  0 
3380 48.0 0.0 0.0 4098.461538461539 4073.333333333334 4265.128205128206 4481.538461538462 4483.589743589744 4717.435897435898 4502.051282051282 4379.48717948718 4723.076923076924 4059.48717948718 3940.0000000000005 4312.307692307693 4603.076923076924 4393.333333333334 1614.0 1713.0 3.38 3.252795457839966 0.0 0.0 0.0 0.0  1  0  0  0  0  0  0  0  0  0  0  0  0  0 
3388 49.0 0.0 0.0 4106.153846153847 4105.128205128206 4291.282051282052 4497.435897435898 4477.435897435898 4721.025641025642 4487.179487179488 4372.307692307693 4720.000000000001 4058.9743589743593 3948.717948717949 4341.538461538462 4606.666666666667 4402.051282051282 1614.0 1711.0 3.388 3.252795457839966 0.0 0.0 0.0 0.0  1  0  0  0  0  0  0  0  0  0  0  0  0  0 
3396 50.0 0.0 0.0 4127.6923076923085 4125.128205128206 4322.051282051282 4529.2307692307695 4466.153846153847 4726.153846153847 4464.102564102564 4363.589743589744 4715.384615384616 4058.461538461539 3956.9230769230776 4371.282051282052 4615.8974358974365 4405.641025641026 1613.0 1713.0 3.396 3.252795457839966 0.0 0.0 0.0 0.0  1  0  0  0  0  0  0  0  0  0  0  0  0  0 
3404 51.0 0.0 0.0 4157.435897435898 4119.48717948718 4335.8974358974365 4556.410256410257 4456.923076923077 4730.769230769231 4444.102564102564 4361.025641025642 4711.794871794872 4058.461538461539 3958.9743589743593 4380.000000000001 4618.461538461539 4414.871794871796 1615.0 1711.0 3.404 3.252795457839966 0.0 0.0 0.0 0.0  1  0  0  0  0  0  0  0  0  0  0  0  0  0 
3412 52.0 0.0 0.0 4171.282051282052 4118.461538461539 4316.410256410257 4563.589743589744 4454.358974358975 4730.769230769231 4428.717948717949 4360.000000000001 4713.333333333334 4057.9487179487182 3958.9743589743593 4356.410256410257 4618.974358974359 4426.153846153847 1613.0 1712.0 3.412 3.252795457839966 0.0 0.0 0.0 0.0  1  0  0  0  0  0  0  0  0  0  0  0  0  0 
3419 53.0 0.0 0.0 4176.410256410257 4122.051282051282 4276.410256410257 4561.025641025642 4460.000000000001 4727.179487179488 4415.8974358974365 4361.538461538462 4718.461538461539 4056.410256410257 3953.8461538461543 4313.846153846154 4617.948717948719 4421.538461538462 1614.0 1712.0 3.419 3.252795457839966 0.0 0.0 0.0 0.0  1  0  0  0  0  0  0  0  0  0  0  0  0  0 
3427 54.0 0.0 0.0 4186.153846153847 4110.256410256411 4248.717948717949 4564.615384615385 4465.641025641026 4714.871794871796 4409.2307692307695 4365.641025641026 4722.051282051282 4058.9743589743593 3945.6410256410263 4285.641025641026 4622.051282051282 4416.410256410257 1614.0 1711.0 3.427 3.3779029846191406 0.0 0.0 0.0 0.0  1  0  0  0  0  0  0  0  0  0  0  0  0  0 
3435 55.0 0.0 0.0 4160.512820512821 4097.435897435898 4229.74358974359 4561.538461538462 4472.307692307693 4709.2307692307695 4413.846153846154 4373.846153846154 4724.102564102564 4063.076923076924 3937.435897435898 4262.051282051282 4618.974358974359 4413.846153846154 1614.0 1711.0 3.435 3.3779029846191406 0.0 0.0 0.0 0.0  1  0  0  0  0  0  0  0  0  0  0  0  0  0 
3443 56.0 0.0 0.0 4134.358974358975 4103.076923076924 4237.948717948719 4545.128205128206 4471.282051282052 4704.615384615386 4427.6923076923085 4376.410256410257 4725.128205128206 4063.076923076924 3940.0000000000005 4261.538461538462 4619.48717948718 4411.794871794872 1613.0 1712.0 3.443 3.3779029846191406 0.0 0.0 0.0 0.0  1  0  0  0  0  0  0  0  0  0  0  0  0  0 
3451 57.0 0.0 0.0 4105.641025641026 4093.333333333334 4233.846153846154 4524.102564102564 4474.358974358975 4710.769230769231 4445.641025641026 4380.512820512821 4727.179487179488 4059.48717948718 3944.1025641025644 4282.051282051282 4613.333333333334 4400.000000000001 1613.0 1711.0 3.451 3.3779029846191406 0.0 0.0 0.0 0.0  1  0  0  0  0  0  0  0  0  0  0  0  0  0 
3459 58.0 0.0 0.0 