4641 105.0 0.0 377.0 4500.000000000001 4046.1538461538466 4441.025641025642 4652.820512820514 4501.538461538462 4666.153846153847 4784.615384615386 3996.410256410257 4696.923076923077 4393.333333333334 4075.3846153846157 4443.589743589744 4590.256410256411 4378.461538461539 1615.0 1711.0 4.641 4.535147190093994 0.0 0.0 0.0 0.0  4  0  0  0  0  4  0  0  0  0  0  2  0  3 
4648 106.0 0.0 0.0 4496.923076923077 4040.0000000000005 4435.8974358974365 4631.794871794872 4497.435897435898 4657.948717948719 4777.435897435898 3996.9230769230776 4697.435897435898 4383.589743589744 4075.3846153846157 4428.717948717949 4588.205128205129 4380.000000000001 1615.0 1713.0 4.648 4.535147190093994 0.0 0.0 0.0 0.0  4  0  0  0  0  4  0  0  0  0  0  2  0  3 
4656 107.0 0.0 0.0 4495.8974358974365 4040.5128205128212 4440.512820512821 4610.256410256411 4499.48717948718 4663.589743589744 4781.538461538462 3997.9487179487182 4697.948717948719 4376.923076923077 4075.8974358974365 4403.589743589744 4589.2307692307695 4377.435897435898 1615.0 1713.0 4.656 4.535147190093994 0.0 0.0 0.0 0.0  4  0  0  0  0  4  0  0  0  0  0  2  0  3 
4665 108.0 0.0 0.0 4500.000000000001 4043.589743589744 4444.102564102564 4574.871794871796 4501.025641025642 4664.615384615386 4785.128205128206 3990.2564102564106 4688.717948717949 4310.769230769231 4074.8717948717954 4354.871794871796 4590.256410256411 4375.384615384616 1615.0 1712.0 4.665 4.535147190093994 0.0 0.0 0.0 0.0  4  0  0  0  0  4  0  0  0  0  0  2  0  3 
4672 109.0 0.0 377.0 4501.538461538462 4045.1282051282055 4443.589743589744 4547.179487179488 4503.076923076924 4663.589743589744 4785.641025641026 3989.7435897435903 4689.2307692307695 4228.205128205129 4073.333333333334 4318.974358974359 4591.282051282052 4375.8974358974365 1615.0 1712.0 4.672 4.628978252410889 0.0 0.0 0.0 0.0  4  0  0  0  0  4  0  0  0  0  0  2  0  3 
4680 110.0 0.0 0.0 4503.076923076924 4046.666666666667 4451.282051282052 4523.589743589744 4507.179487179488 4669.743589743591 4788.717948717949 3991.7948717948725 4689.743589743591 4186.153846153847 4070.7692307692314 4287.179487179487 4593.846153846154 4373.846153846154 1614.0 1712.0 4.68 4.628978252410889 0.0 0.0 0.0 0.0  4  0  0  0  0  4  0  0  0  0  0  2  0  3 
4688 111.0 0.0 0.0 4507.6923076923085 4049.7435897435903 4453.333333333334 4493.846153846154 4506.153846153847 4672.307692307693 4792.307692307693 3991.7948717948725 4684.615384615386 4175.384615384616 4067.692307692308 4241.538461538462 4596.410256410257 4373.333333333334 1615.0 1712.0 4.688 4.628978252410889 0.0 0.0 0.0 0.0  4  0  0  0  0  4  0  0  0  0  0  2  0  3 
4695 112.0 0.0 0.0 4509.743589743591 4052.820512820513 4453.846153846154 4491.282051282052 4507.179487179488 4672.307692307693 4792.307692307693 3989.7435897435903 4684.615384615386 4183.076923076924 4068.717948717949 4227.6923076923085 4593.333333333334 4375.8974358974365 1615.0 1709.0 4.695 4.628978252410889 0.0 0.0 0.0 0.0  4  0  0  0  0  4  0  0  0  0  0  2  0  3 
4703 113.0 0.0 377.0 4502.564102564103 4049.7435897435903 4451.794871794872 4469.743589743591 4510.769230769231 4674.871794871796 4790.256410256411 3989.7435897435903 4687.179487179488 4188.717948717949 4067.692307692308 4211.282051282052 4592.820512820514 4374.358974358975 1614.0 1712.0 4.703 4.628978252410889 0.0 0.0 0.0 0.0  4  0  0  0  0  4  0  0  0  0  0  2  0  3 
4711 114.0 0.0 0.0 4503.589743589744 4047.1794871794878 4453.846153846154 4482.564102564103 4510.769230769231 4678.974358974359 4792.307692307693 3989.7435897435903 4684.615384615386 4183.076923076924 4065.1282051282055 4227.179487179487 4594.358974358975 4372.307692307693 1615.0 1710.0 4.711 4.628978252410889 0.0 0.0 0.0 0.0  4  0  0  0  0  4  0  0  0  0  0  2  0  3 
4719 115.0 0.0 0.0 4506.666666666667 4043.076923076924 4449.743589743591 4498.461538461539 4505.128205128206 4672.820512820514 4791.794871794872 3988.717948717949 4683.076923076924 4185.128205128206 4066.666666666667 4238.461538461539 4595.384615384616 4373.333333333334 1614.0 1712.0 4.719 4.628978252410889 0.0 0.0 0.0 0.0  4  0  0  0  0  4  0  0  0  0  0  2  0  3 
4727 116.0 0.0 0.0 4503.076923076924 4041.0256410256416 4448.717948717949 4530.769230769231 4506.153846153847 4669.2307692307695 4791.794871794872 3991.2820512820517 4689.743589743591 4254.358974358975 4068.717948717949 4281.025641025642 4595.8974358974365 4375.8974358974365 1615.0 1712.0 4.727 4.628978252410889 0.0 0.0 0.0 0.0  4  0  0  0  0  4  0  0  0  0  0  2  0  3 
4734 117.0 0.0 377.0 4496.923076923077 4037.435897435898 4444.102564102564 4552.820512820514 4504.102564102564 4666.153846153847 4790.256410256411 3992.307692307693 4692.307692307693 4315.8974358974365 4068.205128205129 4318.461538461539 4595.8974358974365 4375.8974358974365 1614.0 1712.0 4.734 4.628978252410889 0.0 0.0 0.0 0.0  4  0  0  0  0  4  0  0  0  0  0  2  0  3 
4742 118.0 0.0 0.0 4498.461538461539 4037.435897435898 4444.615384615385 4586.666666666667 4504.615384615385 4668.717948717949 4792.307692307693 3996.9230769230776 4693.846153846154 4366.666666666667 4070.2564102564106 4355.8974358974365 4594.871794871796 4375.8974358974365 1614.0 1714.0 4.742 4.628978252410889 0.0 0.0 0.0 0.0  4  0  0  0  0  4  0  0  0  0  0  2  0  3 
4750 119.0 0.0 0.0 4500.000000000001 4036.410256410257 4442.051282051282 4616.410256410257 4503.076923076924 4664.102564102564 4788.717948717949 3996.410256410257 4693.846153846154 4383.589743589744 4072.820512820513 4393.333333333334 4595.8974358974365 4377.435897435898 1614.0 1713.0 4.75 4.628978252410889 0.0 0.0 0.0 0.0  4  0  0  0  0  4  0  0  0  0  0  2  0  3 
4758 120.0 0.0 0.0 4501.538461538462 4038.9743589743593 4443.589743589744 4637.435897435898 4505.128205128206 4666.666666666667 4791.282051282052 3997.435897435898 4697.948717948719 4404.615384615385 4071.2820512820517 4429.743589743591 4595.8974358974365 4377.948717948719 1614.0 1713.0 4.758 4.628978252410889 0.0 0.0 0.0 0.0  4  0  0  0  0  4  0  0  0  0  0  2  0  3 
4766 121.0 0.0 377.0 4502.564102564103 4041.0256410256416 4444.615384615385 4639.48717948718 4504.615384615385 4668.717948717949 4791.794871794872 3995.3846153846157 4697.948717948719 4389.2307692307695 4071.7948717948725 4431.794871794872 4590.256410256411 4378.461538461539 1613.0 1711.0 4.766 4.628978252410889 0.0 0.0 0.0 0.0  4  0  0  0  0  4  0  0  0  0  0  2  0  3 
4774 122.0 0.0 0.0 4504.615384615385 4044.1025641025644 4443.589743589744 4633.846153846154 4504.615384615385 4669.743589743591 4793.333333333334 3997.435897435898 4694.871794871796 4394.871794871796 4074.8717948717954 4432.820512820514 4590.256410256411 4378.974358974359 1614.0 1712.0 4.774 4.628978252410889 0.0 0.0 0.0 0.0  4  0  0  0  0  4  0  0  0  0  0  2  0  3 
4781 123.0 0.0 0.0 4502.564102564103 4044.1025641025644 4435.384615384616 4598.461538461539 4502.564102564103 4665.641025641026 4790.256410256411 3996.9230769230776 4693.846153846154 4385.128205128206 4075.8974358974365 4411.794871794872 4593.846153846154 4378.461538461539 1615.0 1710.0 4.781 4.628978252410889 0.0 0.0 0.0 0.0  4  0  0  0  0  4  0  0  0  0  0  2  0  3 
4789 124.0 0.0 0.0 4501.538461538462 4044.615384615385 4434.871794871796 4565.641025641026 4503.076923076924 4665.641025641026 4789.743589743591 3996.9230769230776 4694.871794871796 4353.846153846154 4073.333333333334 4369.2307692307695 4592.307692307693 4377.948717948719 1614.0 1711.0 4.789 4.628978252410889 0.0 0.0 0.0 0.0  4  0  0  0  0  4  0  0  0  0  0  2  0  3 
4797 125.0 0.0 377.0 4497.435897435898 4042.0512820512827 4436.410256410257 4525.128205128206 4501.025641025642 4663.589743589744 4789.2307692307695 3991.2820512820517 4688.205128205129 4285.641025641026 4068.205128205129 4305.128205128206 4591.282051282052 4377.948717948719 1615.0 1710.0 4.797 4.754085540771484 0.0 0.0 0.0 0.0  4  0  0  0  0  4  0  0  0  0  0  2  0  3 
4805 126.0 0.0 0.0 4492.307692307693 4041.0256410256416 4431.282051282052 4494.871794871796 4498.461538461539 4661.538461538462 4789.743589743591 3987.1794871794878 4685.128205128206 4198.974358974359 4066.1538461538466 4261.538461538462 4594.871794871796 4376.923076923077 1614.0 1712.0 4.805 4.754085540771484 0.0 0.0 0.0 0.0  4  0  0  0  0  4  0  0  0  0  0  2  0  3 
4813 127.0 0.0 0.0 4491.794871794872 4040.5128205128212 4426.153846153847 4462.564102564103 4498.461538461539 4660.512820512821 4788.717948717949 3982.564102564103 4686.153846153847 4159.48717948718 4067.692307692308 4224.102564102564 4593.846153846154 4373.333333333334 1616.0 1712.0 4.813 4.754085540771484 0.0 0.0 0.0 0.0  4  0  0  0  0  4  0  0  0  0  0  2  0  3 
4820 128.0 0.0 0.0 4490.769230769231 4035.8974358974365 4426.153846153847 4417.435897435898 4498.461538461539 4657.948717948719 4785.641025641026 3982.564102564103 4685.641025641026 4157.948717948719 4065.6410256410263 4171.282051282052 4590.769230769231 4370.769230769231 1614.0 1712.0 4.82 4.754085540771484 0.0 0.0 0.0 0.0  4  0  0  0  0  4  0  0  0  0  0  2  0  3 
4828 0.0 0.0 49.0 4488.717948717949 4032.307692307693 4426.666666666667 4415.8974358974365 4497.948717948719 4659.48717948718 4787.6923076923085 3983.589743589744 4682.051282051282 4154.358974358975 4061.538461538462 4168.205128205129 4589.2307692307695 4371.282051282052 1615.0 1713.0 4.828 4.754085540771484 0.0 0.0 0.0 0.0  4  0  0  0  0  4  0  0  0  0  0  2  0  3 
4836 1.0 0.0 371.0 4487.179487179488 4032.307692307693 4425.128205128206 4426.666666666667 4497.435897435898 4659.48717948718 4790.256410256411 3985.6410256410263 4684.102564102564 4163.076923076924 4062.564102564103 4182.051282051282 4591.794871794872 4370.769230769231 1615.0 1712.0 4.836 4.754085540771484 0.0 0.0 0.0 0.0  4  0  0  0  0  4  0  0  0  0  0  2  0  3 
4844 2.0 0.0 0.0 4492.820512820514 4039.48717948718 4432.307692307693 4460.512820512821 4505.641025641026 4667.179487179488 4794.871794871796 3987.1794871794878 4687.6923076923085 4159.48717948718 4065.1282051282055 4217.435897435898 4592.820512820514 4368.717948717949 1614.0 1711.0 4.844 4.754085540771484 0.0 0.0 0.0 0.0  4  0  0  0  0  4  0  0  0  0  0  2  0  3 
4852 3.0 0.0 0.0 4497.435897435898 4042.564102564103 4434.871794871796 4485.641025641026 4506.666666666667 4670.256410256411 4794.358974358975 3984.1025641025644 4685.128205128206 4148.205128205129 4066.666666666667 4243.589743589744 4591.794871794872 4368.717948717949 1615.0 1711.0 4.852 4.754085540771484 0.0 0.0 0.0 0.0  4  0  0  0  0  4  0  0  0  0  0  2  0  3 
4860 4.0 0.0 0.0 4498.974358974359 4044.1025641025644 4431.794871794872 4510.256410256411 4503.589743589744 4668.717948717949 4793.846153846154 3986.1538461538466 4686.153846153847 4259.48717948718 4069.23076923077 4281.538461538462 4589.2307692307695 4370.769230769231 1615.0 1712.0 4.86 4.754085540771484 0.0 0.0 0.0 0.0  4  0  0  0  0  4  0  0  0  0  0  2  0  3 
4867 5.0 0.0 0.0 4495.8974358974365 4042.0512820512827 4418.974358974359 4526.153846153847 4499.48717948718 4657.948717948719 4787.179487179488 3987.1794871794878 4690.769230769231 4351.282051282052 4068.205128205129 4313.333333333334 4589.2307692307695 4371.794871794872 1615.0 1711.0 4.867 4.754085540771484 0.0 0.0 0.0 0.0  4  0  0  0  0  4  0  0  0  0  0  2  0  3 
4875 6.0 0.0 0.0 4497.948717948719 4041.0256410256416 4418.974358974359 4552.820512820514 4500.512820512821 4657.948717948719 4785.128205128206 3988.205128205129 4693.846153846154 4363.589743589744 4067.692307692308 4346.153846153847 4588.717948717949 4373.333333333334 1615.0 1712.0 4.875 4.754085540771484 0.0 0.0 0.0 0.0  4  0  0  0  0  4  0  0  0  0  0  2  0  3 
4883 7.0 0.0 6.0 4500.000000000001 4037.9487179487182 4421.025641025642 4580.512820512821 4494.358974358975 4657.948717948719 4783.076923076924 3986.666666666667 4692.307692307693 4345.128205128206 4070.2564102564106 4370.769230769231 4590.256410256411 4378.461538461539 1614.0 1712.0 4.883 4.754085540771484 0.0 0.0 0.0 0.0  4  0  0  0  0  4  0  0  0  0  0  2  0  3 
4891 8.0 0.0 0.0 4503.076923076924 4043.589743589744 4427.179487179487 4614.358974358975 4496.923076923077 4661.025641025642 4787.179487179488 3992.307692307693 4694.358974358975 4392.820512820514 4073.8461538461543 4408.205128205129 4593.846153846154 4378.461538461539 1614.0 1713.0 4.891 4.754085540771484 0.0 0.0 0.0 0.0  4  0  0  0  0  4  0  0  0  0  0  2  0  3 
4899 9.0 0.0 144.0 4509.2307692307695 4049.7435897435903 4429.2307692307695 4617.948717948719 4504.102564102564 4664.102564102564 4790.769230769231 3992.307692307693 4693.333333333334 4395.384615384616 4072.820512820513 4420.512820512821 4595.8974358974365 4376.923076923077 1614.0 1712.0 4.899 4.754085540771484 0.0 0.0 0.0 0.0  4  0  0  0  0  4  0  0  0  0  0  2  0  3 
4906 10.0 0.0 0.0 4513.846153846154 4048.717948717949 4435.384615384616 4615.384615384616 4507.179487179488 4674.358974358975 4797.435897435898 3993.333333333334 4696.410256410257 4378.461538461539 4074.358974358975 4421.025641025642 4595.384615384616 4378.974358974359 1614.0 1713.0 4.906 4.754085540771484 0.0 0.0 0.0 0.0  4  0  0  0  0  4  0  0  0  0  0  2  0  3 
4914 11.0 0.0 0.0 4510.256410256411 4046.666666666667 4440.512820512821 4591.282051282052 4506.666666666667 4676.410256410257 4799.48717948718 3993.333333333334 4697.435897435898 4376.410256410257 4075.3846153846157 4392.820512820514 4591.794871794872 4378.974358974359 1615.0 1712.0 4.914 4.754085540771484 0.0 0.0 0.0 0.0  4  0  0  0  0  4  0  0  0  0  0  2  0  3 
4922 12.0 0.0 0.0 4507.6923076923085 4048.717948717949 4444.615384615385 4567.179487179488 4509.2307692307695 4675.384615384616 4801.538461538462 3993.333333333334 4695.8974358974365 4349.2307692307695 4072.820512820513 4360.000000000001 4591.794871794872 4377.948717948719 1614.0 1711.0 4.922 4.879193305969238 0.0 0.0 0.0 0.0  4  0  0  0  0  4  0  0  0  0  0  2  0  3 
4930 13.0 0.0 309.0 4506.153846153847 4048.205128205129 4449.2307692307695 4531.794871794872 4508.205128205129 4676.923076923077 4801.538461538462 3986.666666666667 4693.333333333334 4276.410256410257 4069.7435897435903 4309.2307692307695 4593.846153846154 4376.923076923077 1614.0 1711.0 4.93 4.879193305969238 0.0 0.0 0.0 0.0  4  0  0  0  0  4  0  0  0  0  0  2  0  3 
4938 14.0 0.0 0.0 4498.461538461539 4044.615384615385 4452.307692307693 4502.564102564103 4508.717948717949 4676.410256410257 4801.538461538462 3984.1025641025644 4690.769230769231 4217.435897435898 4070.2564102564106 4268.717948717949 4591.282051282052 4372.307692307693 1614.0 1712.0 4.938 4.879193305969238 0.0 0.0 0.0 0.0  4  0  0  0  0  4  0  0  0  0  0  2  0  3 
4946 15.0 0.0 0.0 4491.282051282052 4039.48717948718 4452.307692307693 4488.205128205129 4508.717948717949 4669.743589743591 4801.538461538462 3983.589743589744 4687.179487179488 4207.6923076923085 4069.7435897435903 4250.769230769231 4587.179487179488 4371.282051282052 1615.0 1711.0 4.946 4.879193305969238 0.0 0.0 0.0 0.0  4  0  0  0  0  4  0  0  0  0  0  2  0  3 
4953 16.0 0.0 0.0 4487.6923076923085 4035.8974358974365 4447.6923076923085 4456.923076923077 4503.076923076924 4666.153846153847 4800.000000000001 3983.076923076924 4686.153846153847 4194.871794871796 4065.6410256410263 4217.435897435898 4592.307692307693 4372.307692307693 1614.0 1712.0 4.953 4.879193305969238 0.0 0.0 0.0 0.0  4  0  0  0  0  4  0  0  0  0  0  2  0  3 
4961 17.0 0.0 0.0 4487.6923076923085 4037.9487179487182 4449.743589743591 4458.974358974359 4495.8974358974365 4661.025641025642 4791.282051282052 3976.9230769230776 4682.051282051282 4177.948717948719 4066.1538461538466 4221.025641025642 4597.948717948719 4372.307692307693 1616.0 1712.0 4.961 4.879193305969238 0.0 0.0 0.0 0.0  4  0  0  0  0  4  0  0  0  0  0  2  0  3 
4969 18.0 0.0 0.0 4491.282051282052 4042.0512820512827 4451.794871794872 4483.076923076924 4498.974358974359 4661.025641025642 4792.307692307693 3984.615384615385 4688.205128205129 4203.076923076924 4069.23076923077 4258.461538461539 4598.974358974359 4374.358974358975 1614.0 1711.0 4.969 4.879193305969238 0.0 0.0 0.0 0.0  4  0  0  0  0  4  0  0  0  0  0  2  0  3 
4977 19.0 0.0 0.0 4508.205128205129 4053.8461538461543 4478.974358974359 4584.615384615385 4518.461538461539 4688.717948717949 4813.333333333334 3987.692307692308 4694.358974358975 4203.589743589744 4069.7435897435903 4340.000000000001 4590.769230769231 4377.435897435898 1615.0 1712.0 4.977 4.879193305969238 0.0 0.0 0.0 0.0  4  0  0  0  0  4  0  0  0  0  0  2  0  3 
4985 20.0 0.0 0.0 4490.769230769231 4028.717948717949 4426.153846153847 4458.974358974359 4468.717948717949 4624.615384615385 4761.538461538462 3956.9230769230776 4672.307692307693 4197.435897435898 4063.076923076924 4240.000000000001 4601.538461538462 4379.48717948718 1615.0 1710.0 4.985 4.879193305969238 0.0 0.0 0.0 0.0  4  0  0  0  0  4  0  0  0  0  0  2  0  3 
4993 21.0 0.0 0.0 4506.153846153847 4058.461538461539 4463.589743589744 4594.358974358975 4510.256410256411 4678.974358974359 4807.6923076923085 4016.410256410257 4706.666666666667 4385.128205128206 4074.358974358975 4401.538461538462 4606.153846153847 4378.974358974359 1615.0 1711.0 4.993 4.879193305969238 0.0 0.0 0.0 0.0  4  0  0  0  0  4  0  0  0  0  0  2  0  3 
5000 22.0 0.0 0.0 4560.512820512821 4112.820512820514 4573.333333333334 4925.641025641026 4599.48717948718 4800.512820512821 4898.461538461539 4033.8461538461543 4723.589743589744 4505.641025641026 4083.589743589744 4565.641025641026 4578.974358974359 4381.025641025642 1615.0 1711.0 5.0 4.879193305969238 0.0 0.0 0.0 0.0  4  0  0  0  0  4  0  0  0  0  0  2  0  3 
5008 23.0 0.0 0.0 4547.6923076923085 4078.9743589743593 4522.051282051282 4772.307692307693 4552.307692307693 4738.974358974359 4843.076923076924 3976.9230769230776 4694.358974358975 4476.923076923077 4070.7692307692314 4249.74358974359 4583.076923076924 4382.564102564103 1615.0 1712.0 5.008 4.879193305969238 0.0 0.0 0.0 0.0  4  0  0  0  0  4  0  0  0  0  0  2  0  3 
5016 24.0 0.0 0.0 4502.564102564103 4026.1538461538466 4416.923076923077 4471.282051282052 4471.282051282052 4628.205128205129 4758.974358974359 3955.8974358974365 4683.076923076924 4422.564102564103 4057.9487179487182 3956.9230769230776 4606.153846153847 4381.538461538462 1615.0 1712.0 5.016 4.879193305969238 0.0 0.0 0.0 0.0  4  0  0  0  0  4  0  0  0  0  0  2  0  3 
5024 25.0 0.0 0.0 4506.666666666667 4039.48717948718 4434.358974358975 4523.589743589744 4495.8974358974365 4663.076923076924 4792.307692307693 3999.48717948718 4710.769230769231 4474.871794871796 4060.5128205128212 4055.3846153846157 4606.666666666667 4376.923076923077 1614.0 1713.0 5.024 4.879193305969238 0.0 0.0 0.0 0.0  4  0  0  0  0  4  0  0  0  0  0  2  0  3 
5032 26.0 0.0 0.0 4526.153846153847 4054.358974358975 4481.538461538462 4647.6923076923085 4526.153846153847 4705.641025641026 4820.512820512821 3989.7435897435903 4700.512820512821 4475.8974358974365 4062.0512820512827 4143.589743589744 4592.307692307693 4377.435897435898 1615.0 1712.0 5.032 4.879193305969238 0.0 0.0 0.0 0.0  4  0  0  0  0  4  0  0  0  0  0  2  0  3 
5039 27.0 0.0 0.0 4502.564102564103 4027.1794871794878 4434.871794871796 4510.769230769231 4488.205128205129 4650.769230769231 4776.923076923077 3973.8461538461543 4689.2307692307695 4442.051282051282 4058.9743589743593 4020.5128205128212 4602.051282051282 4381.025641025642 1613.0 1712.0 5.039 4.879193305969238 0.0 0.0 0.0 0.0  4  0  0  0  0  4  0  0  0  0  0  2  0  3 
5047 28.0 0.0 0.0 4505.128205128206 4037.9487179487182 4447.179487179487 4542.564102564103 4507.6923076923085 4673.333333333334 4796.410256410257 3994.358974358975 4701.538461538462 4368.205128205129 4064.615384615385 4069.7435897435903 4599.48717948718 4379.48717948718 1614.0 1711.0 5.047 5.004300594329834 0.0 0.0 0.0 0.0  4  0  0  0  0  3  0  0  0  0  0  1  0  2 
5055 29.0 0.0 0.0 4511.794871794872 4041.0256410256416 4448.717948717949 4545.128205128206 4509.2307692307695 4673.846153846154 4798.461538461539 3979.48717948718 4688.717948717949 4253.846153846154 4064.1025641025644 4063.076923076924 4594.358974358975 4379.48717948718 1614.0 1710.0 5.055 5.004300594329834 0.0 0.0 0.0 0.0  4  0  0  0  0  3  0  0  0  0  0  1  0  2 
5063 30.0 0.0 0.0 4511.282051282052 4041.0256410256416 4442.564102564103 4526.153846153847 4505.641025641026 4670.256410256411 4796.923076923077 3981.0256410256416 4684.615384615386 4208.205128205129 4066.1538461538466 4050.2564102564106 4594.358974358975 4378.974358974359 1614.0 1713.0 5.063 5.004300594329834 0.0 0.0 0.0 0.0  4  0  0  0  0  3  0  0  0  0  0  1  0  2 
5071 31.0 0.0 0.0 4512.820512820514 4044.1025641025644 4443.076923076924 4526.666666666667 4506.153846153847 4674.358974358975 4798.974358974359 3977.435897435898 4680.512820512821 4163.076923076924 4068.205128205129 4045.1282051282055 4592.820512820514 4380.000000000001 1615.0 1711.0 5.071 5.004300594329834 0.0 0.0 0.0 0.0  4  0  0  0  0  3  0  0  0  0  0  1  0  2 
5079 32.0 0.0 0.0 4509.743589743591 4039.48717948718 4432.820512820514 4488.205128205129 4499.48717948718 4666.153846153847 4791.794871794872 3969.2307692307695 4677.435897435898 4106.666666666667 4062.564102564103 4004.615384615385 4595.384615384616 4378.974358974359 1614.0 1713.0 5.079 5.035577297210693 0.0 0.0 0.0 0.0  4  0  0  0  0  3  0  0  0  0  0  1  0  2 
5086 33.0 0.0 0.0 4508.205128205129 4038.461538461539 4431.794871794872 4474.871794871796 4500.512820512821 4664.615384615386 4790.769230769231 3968.717948717949 4677.435897435898 4102.051282051282 4058.9743589743593 3988.205128205129 4590.256410256411 4375.8974358974365 1615.0 1713.0 5.086 5.035577297210693 0.0 0.0 0.0 0.0  4  0  0  0  0  3  0  0  0  0  0  1  0  2 
5094 34.0 0.0 0.0 4504.615384615385 4041.0256410256416 4427.6923076923085 4471.794871794872 4498.461538461539 4663.589743589744 4789.743589743591 3969.2307692307695 4676.410256410257 4101.025641025642 4059.48717948718 3983.589743589744 4585.641025641026 4376.410256410257 1615.0 1713.0 5.094 5.035577297210693 0.0 0.0 0.0 0.0  4  0  0  0  0  3  0  0  0  0  0  1  0  2 
5102 35.0 0.0 0.0 4501.538461538462 4044.1025641025644 4427.6923076923085 4467.179487179487 4498.461538461539 4665.641025641026 4791.794871794872 3969.7435897435903 4677.435897435898 4105.641025641026 4057.9487179487182 3980.5128205128212 4587.6923076923085 4374.871794871796 1615.0 1712.0 5.102 5.035577297210693 0.0 0.0 0.0 0.0  4  0  0  0  0  3  0  0  0  0  0  1  0  2 
5110 36.0 0.0 0.0 4501.025641025642 4044.615384615385 4433.846153846154 4474.871794871796 4503.076923076924 4670.256410256411 4793.846153846154 3971.7948717948725 4683.589743589744 4185.128205128206 4056.410256410257 3990.2564102564106 4585.641025641026 4367.6923076923085 1615.0 1713.0 5.11 5.035577297210693 0.0 0.0 0.0 0.0  4  0  0  0  0  3  0  0  0  0  0  1  0  2 
5118 37.0 0.0 0.0 4498.974358974359 4042.564102564103 4432.820512820514 4478.461538461539 4503.589743589744 4670.256410256411 4793.333333333334 3976.410256410257 4686.153846153847 4272.820512820514 4057.9487179487182 3989.23076923077 4581.025641025642 4364.102564102564 1615.0 1712.0 5.118 5.035577297210693 0.0 0.0 0.0 0.0  4  0  0  0  0  3  0  0  0  0  0  1  0  2 
5125 38.0 0.0 0.0 4495.8974358974365 4043.076923076924 4433.846153846154 4488.717948717949 4504.615384615385 4672.307692307693 4795.384615384616 3985.1282051282055 4689.743589743591 4372.820512820514 4055.8974358974365 4002.564102564103 4583.076923076924 4368.717948717949 1614.0 1711.0 5.125 5.035577297210693 0.0 0.0 0.0 0.0  4  0  0  0  0  3  0  0  0  0  0  1  0  2 
5133 39.0 0.0 0.0 4494.871794871796 4041.538461538462 4434.871794871796 4487.179487179488 4505.641025641026 4672.307692307693 4794.871794871796 3990.2564102564106 4696.410256410257 4425.128205128206 4051.2820512820517 4016.9230769230776 4587.6923076923085 4369.2307692307695 1615.0 1711.0 5.133 5.035577297210693 0.0 0.0 0.0 0.0  4  0  0  0  0  3  0  0  0  0  0  1  0  2 
5141 40.0 0.0 0.0 4502.564102564103 4040.5128205128212 4438.461538461539 4491.794871794872 4506.666666666667 4676.410256410257 4795.8974358974365 3992.307692307693 4701.025641025642 4467.179487179487 4054.358974358975 4035.3846153846157 4589.743589743591 4370.769230769231 1615.0 1710.0 5.141 5.035577297210693 0.0 0.0 0.0 0.0  4  0  0  0  0  3  0  0  0  0  0  1  0  2 
5149 41.0 0.0 0.0 4505.128205128206 4037.9487179487182 4433.846153846154 4483.589743589744 4505.641025641026 4673.846153846154 4794.358974358975 3990.2564102564106 4694.871794871796 4448.205128205129 4055.3846153846157 4023.076923076924 4593.333333333334 4373.333333333334 1615.0 1711.0 5.149 5.035577297210693 0.0 0.0 0.0 0.0  4  0  0  0  0  3  0  0  0  0  0  1  0  2 
5157 42.0 0.0 0.0 4503.076923076924 4035.3846153846157 4431.282051282052 4481.025641025642 4508.205128205129 4670.769230769231 4795.384615384616 3990.2564102564106 4691.794871794872 4440.000000000001 4052.307692307693 4014.358974358975 4595.8974358974365 4373.333333333334 1615.0 1711.0 5.157 5.035577297210693 0.0 0.0 0.0 0.0  4  0  0  0  0  3  0  0  0  0  0  1  0  2 
5165 43.0 0.0 0.0 4503.076923076924 4034.358974358975 4431.282051282052 4470.769230769231 4505.128205128206 4671.282051282052 4793.333333333334 3988.717948717949 4696.410256410257 4438.974358974359 4052.307692307693 4008.205128205129 4595.8974358974365 4371.794871794872 1614.0 1714.0 5.165 5.035577297210693 0.0 0.0 0.0 0.0  4  0  0  0  0  3  0  0  0  0  0  1  0  2 
5172 44.0 0.0 0.0 4504.102564102564 4036.9230769230776 4429.743589743591 4463.589743589744 4500.512820512821 4675.384615384616 4794.871794871796 3987.692307692308 4700.000000000001 4386.153846153847 4056.410256410257 4002.564102564103 4596.410256410257 4373.333333333334 1615.0 1713.0 5.172 5.035577297210693 0.0 0.0 0.0 0.0  4  0  0  0  0  3  0  0  0  0  0  1  0  2 
5180 45.0 0.0 0.0 4504.102564102564 4037.9487179487182 4425.641025641026 4457.948717948719 4502.564102564103 4670.769230769231 4796.923076923077 3983.076923076924 4689.743589743591 4269.2307692307695 4056.9230769230776 3989.23076923077 4594.871794871796 4375.8974358974365 1613.0 1713.0 5.18 5.035577297210693 0.0 0.0 0.0 0.0  4  0  0  0  0  3  0  0  0  0  0  1  0  2 
5188 46.0 0.0 0.0 4505.641025641026 4040.5128205128212 4427.6923076923085 4461.538461538462 4506.153846153847 4666.666666666667 4794.871794871796 3981.0256410256416 4684.102564102564 4171.794871794872 4058.461538461539 3985.6410256410263 4594.871794871796 4377.948717948719 1614.0 1713.0 5.188 5.035577297210693 0.0 0.0 0.0 0.0  4  0  0  0  0  3  0  0  0  0  0  1  0  2 
5196 47.0 0.0 0.0 4508.717948717949 4042.0512820512827 4432.820512820514 4472.307692307693 4504.102564102564 4670.256410256411 4791.282051282052 3978.461538461539 4684.102564102564 4156.923076923077 4061.0256410256416 4001.0256410256416 4597.435897435898 4377.948717948719 1614.0 1712.0 5.196 5.035577297210693 0.0 0.0 0.0 0.0  4  0  0  0  0  3  0  0  0  0  0  1  0  2 
5204 48.0 0.0 0.0 4508.717948717949 4040.0000000000005 4435.8974358974365 4475.384615384616 4501.025641025642 4669.2307692307695 4790.256410256411 3977.435897435898 4681.538461538462 4151.282051282052 4060.0000000000005 4008.205128205129 4597.435897435898 4375.8974358974365 1615.0 1710.0 5.204 5.035577297210693 0.0 0.0 0.0 0.0  4  0  0  0  0  3  0  0  0  0  0  1  0  2 
5211 49.0 0.0 0.0 4507.6923076923085 4041.0256410256416 4439.48717948718 4482.051282051282 4503.076923076924 4666.666666666667 4789.743589743591 3975.8974358974365 4678.974358974359 4138.461538461539 4060.0000000000005 4014.358974358975 4595.384615384616 4376.923076923077 1614.0 1711.0 5.211 5.035577297210693 0.0 0.0 0.0 0.0  4  0  0  0  0  3  0  0  0  0  0  1  0  2 
5219 50.0 0.0 0.0 4506.666666666667 4040.5128205128212 4437.948717948719 4483.076923076924 4503.589743589744 4668.205128205129 4786.153846153847 3977.9487179487182 4678.974358974359 4135.384615384616 4061.0256410256416 4015.3846153846157 4597.435897435898 4380.512820512821 1615.0 1711.0 5.219 5.035577297210693 0.0 0.0 0.0 0.0  4  0  0  0  0  3  0  0  0  0  0  1  0  2 
5227 51.0 0.0 0.0 4505.641025641026 4037.435897435898 4440.000000000001 4497.435897435898 4501.538461538462 4669.2307692307695 4787.179487179488 3980.0000000000005 4678.974358974359 4123.589743589744 4058.9743589743593 4031.7948717948725 4596.923076923077 4380.000000000001 1615.0 1710.0 5.227 5.035577297210693 0.0 0.0 0.0 0.0  4  0  0  0  0  3  0  0  0  0  0  1  0  2 
5235 52.0 0.0 0.0 4500.512820512821 4034.8717948717954 4442.051282051282 4498.974358974359 4496.410256410257 4663.076923076924 4785.641025641026 3979.48717948718 4679.48717948718 4166.153846153847 4058.461538461539 4031.2820512820517 4593.333333333334 4375.8974358974365 1614.0 1713.0 5.235 5.035577297210693 0.0 0.0 0.0 0.0  4  0  0  0  0  3  0  0  0  0  0  1  0  2 
5243 53.0 0.0 0.0 4497.435897435898 4035.8974358974365 4450.769230769231 4516.410256410257 4500.000000000001 4667.179487179488 4786.666666666667 3987.1794871794878 4687.179487179488 4310.769230769231 4060.5128205128212 4049.23076923077 4593.333333333334 4373.333333333334 1615.0 1712.0 5.243 5.035577297210693 0.0 0.0 0.0 0.0  4  0  0  0  0  3  0  0  0  0  0  1  0  2 
5251 54.0 0.0 0.0 4495.384615384616 4032.307692307693 4452.307692307693 4523.076923076924 4502.051282051282 4667.179487179488 4785.128205128206 3987.692307692308 4689.2307692307695 4402.564102564103 4058.9743589743593 4045.1282051282055 4591.282051282052 4372.820512820514 1614.0 1713.0 5.251 5.035577297210693 0.0 0.0 0.0 0.0  4  0  0  0  0  3  0  0  0  0  0  1  0  2 
5258 55.0 0.0 0.0 4485.641025641026 4021.0256410256416 4432.307692307693 4477.435897435898 4485.641025641026 4646.153846153847 4767.179487179488 3983.589743589744 4690.256410256411 4436.410256410257 4055.8974358974365 4021.0256410256416 4590.769230769231 4371.282051282052 1615.0 1712.0 5.258 5.035577297210693 0.0 0.0 0.0 0.0  4  0  0  0  0  3  0  0  0  0  0  1  0  2 
5266 56.0 0.0 0.0 4493.333333333334 4036.9230769230776 4462.051282051282 4564.615384615385 4513.846153846154 4684.102564102564 4796.923076923077 4009.7435897435903 4707.179487179488 4426.153846153847 4061.0256410256416 4109.74358974359 4584.615384615385 4367.179487179487 1614.0 1712.0 5.266 5.035577297210693 0.0 0.0 0.0 0.0  4  0  0  0  0  3  0  0  0  0  0  1  0  2 
5274 57.0 0.0 0.0 4494.871794871796 4031.7948717948725 4461.025641025642 4556.410256410257 4504.102564102564 4667.6923076923085 4783.589743589744 3981.538461538462 4689.2307692307695 4463.589743589744 4055.8974358974365 4058.461538461539 4580.000000000001 4368.717948717949 1615.0 1711.0 5.274 5.035577297210693 0.0 0.0 0.0 0.0  4  0  0  0  0  3  0  0  0  0  0  1  0  2 
5282 58.0 0.0 0.0 4455.8974358974365 3986.1538461538466 4366.153846153847 4313.333333333334 4426.666666666667 4561.538461538462 4702.564102564103 3957.435897435898 4671.794871794872 4491.282051282052 4047.692307692308 3951.2820512820517 4602.564102564103 4371.794871794872 1614.0 1711.0 5.282 5.035577297210693 0.0 0.0 0.0 0.0  4  0  0  0  0  3  0  0  0  0  0  1  0  2 
5290 59.0 0.0 0.0 4463.589743589744 4007.692307692308 4395.8974358974365 4444.615384615385 4456.410256410257 4602.564102564103 4734.358974358975 4005.1282051282055 4694.871794871796 4452.307692307693 4064.1025641025644 4286.153846153847 4604.615384615385 4373.846153846154 1614.0 1712.0 5.29 5.035577297210693 0.0 0.0 0.0 0.0  4  0  0  0  0  3  0  0  0  0  0  1  0  2 
5297 60.0 0.0 0.0 4497.435897435898 4046.666666666667 4473.846153846154 4647.179487179488 4512.820512820514 4680.000000000001 4792.307692307693 4019.48717948718 4701.538461538462 4346.153846153847 4077.9487179487187 4517.948717948719 4586.153846153847 4376.923076923077 1615.0 1712.0 5.297 5.254515647888184 0.0 0.0 0.0 0.0  4  0  0  0  0  3  0  0  0  0  0  1  0  2 
5305 61.0 0.0 0.0 4500.512820512821 4040.5128205128212 4461.538461538462 4564.615384615385 4501.025641025642 4664.615384615386 4780.512820512821 3987.1794871794878 4680.512820512821 4257.948717948719 4071.2820512820517 4363.076923076924 4583.589743589744 4378.974358974359 1614.0 1711.0 5.305 5.254515647888184 0.0 0.0 0.0 0.0  4  0  0  0  0  3  0  0  0  0  0  1  0  2 
5313 62.0 0.0 0.0 4485.128205128206 4020.0000000000005 4415.8974358974365 4417.435897435898 4472.307692307693 4622.051282051282 4749.2307692307695 3982.564102564103 4676.410256410257 4220.512820512821 4065.1282051282055 4221.538461538462 4596.410256410257 4376.923076923077 1614.0 1712.0 5.313 5.254515647888184 0.0 0.0 0.0 0.0  4  0  0  0  0  3  0  0  0  0  0  1  0  2 
5321 63.0 0.0 0.0 4501.025641025642 4044.1025641025644 4462.051282051282 4521.538461538462 4511.794871794872 4672.307692307693 4786.666666666667 4008.205128205129 4692.307692307693 4185.641025641026 4069.23076923077 4315.384615384616 4586.666666666667 4371.794871794872 1615.0 1711.0 5.321 5.254515647888184 0.0 0.0 0.0 0.0  4  0  0  0  0  3  0  0  0  0  0  1  0  2 
5329 64.0 0.0 45.0 4498.461538461539 4043.589743589744 4458.461538461539 4481.025641025642 4501.025641025642 4661.538461538462 4772.307692307693 3986.1538461538466 4680.000000000001 4168.717948717949 4065.6410256410263 4246.153846153847 4582.564102564103 4373.846153846154 1614.0 1711.0 5.329 5.254515647888184 0.0 0.0 0.0 0.0  4  0  0  0  0  3  0  0  0  0  0  1  0  2 
5337 65.0 0.0 383.0 4491.794871794872 4044.1025641025644 4447.6923076923085 4428.205128205129 4494.358974358975 4659.48717948718 4770.769230769231 3994.358974358975 4682.051282051282 4164.615384615385 4064.615384615385 4201.538461538462 4590.256410256411 4374.871794871796 1614.0 1712.0 5.337 5.254515647888184 0.0 0.0 0.0 0.0  4  0  0  0  0  3  0  0  0  0  0  1  0  2 
5344 66.0 0.0 0.0 4498.461538461539 4049.23076923077 4462.051282051282 4474.358974358975 4504.102564102564 4674.358974358975 4781.538461538462 3993.333333333334 4680.512820512821 4151.282051282052 4065.6410256410263 4238.974358974359 4585.128205128206 4369.2307692307695 1614.0 1713.0 5.344 5.254515647888184 0.0 0.0 0.0 0.0  4  0  0  0  0  3  0  0  0  0  0  1  0  2 
5352 67.0 0.0 0.0 4493.333333333334 4040.5128205128212 4452.307692307693 4470.769230769231 4498.974358974359 4661.025641025642 4770.256410256411 3992.820512820513 4681.538461538462 4164.102564102564 4064.1025641025644 4236.410256410257 4586.153846153847 4366.666666666667 1615.0 1712.0 5.352 5.254515647888184 0.0 0.0 0.0 0.0  4  0  0  0  0  3  0  0  0  0  0  1  0  2 
5360 68.0 0.0 0.0 4495.384615384616 4043.589743589744 4456.410256410257 4511.282051282052 4503.589743589744 4664.615384615386 4773.333333333334 3998.461538461539 4683.076923076924 4191.794871794872 4065.6410256410263 4287.6923076923085 4589.743589743591 4372.307692307693 1614.0 1711.0 5.36 5.254515647888184 0.0 0.0 0.0 0.0  4  0  0  0  0  3  0  0  0  0  0  1  0  2 
5368 69.0 0.0 0.0 4498.974358974359 4040.5128205128212 4452.820512820514 4525.128205128206 4497.435897435898 4658.461538461539 4770.769230769231 3998.9743589743593 4683.076923076924 4224.102564102564 4065.1282051282055 4310.769230769231 4593.846153846154 4375.8974358974365 1615.0 1712.0 5.368 5.254515647888184 0.0 0.0 0.0 0.0  4  0  0  0  0  3  0  0  0  0  0  1  0  2 
5376 70.0 0.0 0.0 4502.564102564103 4040.5128205128212 4452.820512820514 4566.153846153847 4502.564102564103 4663.589743589744 4775.8974358974365 4006.666666666667 4692.820512820514 4331.282051282052 4066.1538461538466 4357.948717948719 4592.307692307693 4373.846153846154 1614.0 1710.0 5.376 5.254515647888184 0.0 0.0 0.0 0.0  4  0  0  0  0  3  0  0  0  0  0  1  0  2 
5384 71.0 0.0 4.0 4501.025641025642 4041.0256410256416 4449.743589743591 4595.384615384616 4503.076923076924 4664.102564102564 4773.333333333334 4005.1282051282055 4694.871794871796 4389.2307692307695 4069.23076923077 4401.538461538462 4591.794871794872 4377.948717948719 1614.0 1712.0 5.384 5.254515647888184 0.0 0.0 0.0 0.0  4  0  0  0  0  3  0  0  0  0  0  1  0  2 
5391 72.0 0.0 0.0 4501.025641025642 4043.589743589744 4452.820512820514 4605.128205128206 4503.076923076924 4669.743589743591 4774.871794871796 4008.205128205129 4693.846153846154 4411.282051282052 4071.7948717948725 4438.461538461539 4594.358974358975 4381.025641025642 1615.0 1711.0 5.391 5.254515647888184 0.0 0.0 0.0 0.0  4  0  0  0  0  3  0  0  0  0  0  1  0  2 
5399 73.0 0.0 208.0 4497.435897435898 4039.48717948718 4449.2307692307695 4609.743589743591 4501.025641025642 4667.6923076923085 4774.358974358975 4010.2564102564106 4693.333333333334 4390.769230769231 4071.2820512820517 4444.615384615385 4594.358974358975 4381.025641025642 1613.0 1713.0 5.399 5.254515647888184 0.0 0.0 0.0 0.0  4  0  0  0  0  3  0  0  0  0  0  1  0  2 
5407 74.0 0.0 0.0 4494.871794871796 4036.410256410257 4447.6923076923085 4612.820512820514 4502.051282051282 4665.641025641026 4776.410256410257 4011.7948717948725 4700.000000000001 4402.051282051282 4072.820512820513 4454.358974358975 4594.871794871796 4383.076923076924 1615.0 1712.0 5.407 5.254515647888184 0.0 0.0 0.0 0.0  4  0  0  0  0  3  0  0  0  0  0  1  0  2 
5415 75.0 0.0 0.0 4498.974358974359 4042.0512820512827 4451.282051282052 4588.717948717949 4506.153846153847 4670.256410256411 4780.512820512821 4010.2564102564106 4701.025641025642 4413.846153846154 4074.8717948717954 4454.358974358975 4596.923076923077 4384.615384615385 1614.0 1711.0 5.415 5.254515647888184 0.0 0.0 0.0 0.0  4  0  0  0  0  3  0  0  0  0  0  1  0  2 
5423 76.0 0.0 0.0 4510.769230769231 4051.7948717948725 4461.538461538462 4595.384615384616 4516.923076923077 4684.102564102564 4788.205128205129 4017.435897435898 4699.48717948718 4396.923076923077 4075.3846153846157 4448.205128205129 4594.871794871796 4382.564102564103 1615.0 1712.0 5.423 5.254515647888184 0.0 0.0 0.0 0.0  4  0  0  0  0  3  0  0  0  0  0  1  0  2 
5430 77.0 0.0 364.0 4505.128205128206 4038.461538461539 4434.871794871796 4504.615384615385 4493.846153846154 4652.307692307693 4760.000000000001 4002.0512820512827 4686.666666666667 4317.435897435898 4070.2564102564106 4323.076923076924 4594.871794871796 4381.538461538462 1614.0 1711.0 5.43 5.254515647888184 0.0 0.0 0.0 0.0  4  0  0  0  0  3  0  0  0  0  0  1  0  2 
5438 78.0 0.0 0.0 4503.076923076924 4044.615384615385 4442.051282051282 4498.974358974359 4504.102564102564 4667.6923076923085 4774.871794871796 4023.076923076924 4699.48717948718 4266.153846153847 4072.820512820513 4302.564102564103 4599.48717948718 4377.948717948719 1615.0 1711.0 5.438 5.254515647888184 0.0 0.0 0.0 0.0  4  0  0  0  0  3  0  0  0  0  0  1  0  2 
5446 79.0 0.0 0.0 4520.000000000001 4067.1794871794878 4489.743589743591 4606.666666666667 4535.8974358974365 4714.358974358975 4806.666666666667 4013.333333333334 4692.307692307693 4217.948717948719 4073.8461538461543 4392.820512820514 4584.102564102564 4375.384615384616 1614.0 1712.0 5.446 5.254515647888184 0.0 0.0 0.0 0.0  4  0  0  0  0  3  0  0  0  0  0  1  0  2 
5454 80.0 0.0 0.0 4461.025641025642 3990.2564102564106 4346.666666666667 4181.538461538462 4410.256410256411 4545.128205128206 4672.820512820514 3935.8974358974365 4644.615384615385 4105.128205128206 4050.2564102564106 3980.0000000000005 4604.102564102564 4378.461538461539 1615.0 1713.0 5.454 5.254515647888184 0.0 0.0 0.0 0.0  4  0  0  0  0  3  0  0  0  0  0  1  0  2 
5462 81.0 0.0 364.0 4421.538461538462 3958.461538461539 4268.205128205129 3960.0000000000005 4366.153846153847 4483.076923076924 4629.2307692307695 3967.1794871794878 4661.025641025642 4072.307692307693 4039.48717948718 3689.2307692307695 4629.2307692307695 4371.794871794872 1615.0 1711.0 5.462 5.254515647888184 0.0 0.0 0.0 0.0  4  0  0  0  0  3  0  0  0  0  0  1  0  2 
5470 82.0 0.0 0.0 4476.923076923077 4029.7435897435903 4398.461538461539 4363.076923076924 4486.666666666667 4647.179487179488 4753.333333333334 4033.333333333334 4698.974358974359 4129.2307692307695 4055.3846153846157 3927.1794871794878 4603.589743589744 4368.205128205129 1614.0 1713.0 5.47 5.254515647888184 0.0 0.0 0.0 0.0  4  0  0  0  0  3  0  0  0  0  0  1  0  2 
5477 83.0 0.0 0.0 4523.076923076924 4066.1538461538466 4484.102564102564 4634.871794871796 4549.743589743591 4732.820512820514 4811.794871794872 4017.9487179487182 4692.820512820514 4112.820512820514 4063.589743589744 4140.512820512821 4574.358974358975 4374.358974358975 1616.0 1710.0 5.477 5.254515647888184 0.0 0.0 0.0 0.0  4  0  0  0  0  3  0  0  0  0  0  1  0  2 
5485 84.0 0.0 0.0 4495.8974358974365 4022.0512820512827 4408.205128205129 4408.717948717949 4484.615384615385 4639.48717948718 4742.051282051282 3972.820512820513 4667.179487179488 4089.7435897435903 4052.307692307693 3958.9743589743593 4589.2307692307695 4378.974358974359 1614.0 1712.0 5.485 5.254515647888184 0.0 0.0 0.0 0.0  4  0  0  0  0  3  0  0  0  0  0  1  0  2 
5493 85.0 0.0 364.0 4494.358974358975 4029.23076923077 4413.846153846154 4421.025641025642 4496.923076923077 4655.384615384616 4760.000000000001 4010.2564102564106 4687.6923076923085 4224.615384615385 4053.333333333334 3973.8461538461543 4599.48717948718 4374.358974358975 1615.0 1711.0 5.493 5.254515647888184 0.0 0.0 0.0 0.0  4  0  0  0  0  3  0  0  0  0  0  1  0  2 
5501 86.0 0.0 0.0 4508.205128205129 4046.666666666667 4451.282051282052 4528.717948717949 4518.461538461539 4690.769230769231 4780.000000000001 4010.7692307692314 4689.2307692307695 4323.076923076924 4054.358974358975 4057.9487179487182 4584.615384615385 4370.769230769231 1614.0 1712.0 5.501 5.254515647888184 0.0 0.0 0.0 0.0  4  0  0  0  0  3  0  0  0  0  0  1  0  2 
5509 87.0 0.0 0.0 4489.2307692307695 4025.6410256410263 4418.974358974359 4433.846153846154 4491.794871794872 4654.871794871796 4752.307692307693 4007.1794871794878 4689.2307692307695 4376.923076923077 4049.7435897435903 3992.307692307693 4588.717948717949 4370.256410256411 1615.0 1712.0 5.509 5.254515647888184 0.0 0.0 0.0 0.0  4  0  0  0  0  3  0  0  0  0  0  1  0  2 
5516 88.0 0.0 0.0 4487.179487179488 4027.1794871794878 4426.153846153847 4461.025641025642 4499.48717948718 4661.538461538462 4760.512820512821 4013.8461538461543 4693.846153846154 4392.820512820514 4051.7948717948725 4018.9743589743593 4588.205128205129 4370.769230769231 1615.0 1712.0 5.516 5.254515647888184 0.0 0.0 0.0 0.0  4  0  0  0  0  3  0  0  0  0  0  1  0  2 
5524 89.0 0.0 364.0 4485.128205128206 4027.1794871794878 4422.564102564103 4456.410256410257 4492.307692307693 4649.2307692307695 4751.282051282052 4005.1282051282055 4692.820512820514 4425.128205128206 4051.7948717948725 4015.8974358974365 4588.717948717949 4370.256410256411 1614.0 1712.0 5.524 5.254515647888184 0.0 0.0 0.0 0.0  4  0  0  0  0  3  0  0  0  0  0  1  0  2 
5532 90.0 0.0 0.0 4485.128205128206 4024.615384615385 4417.948717948719 4444.102564102564 4488.205128205129 4646.153846153847 4746.666666666667 4008.205128205129 4694.871794871796 4402.564102564103 4049.7435897435903 4001.538461538462 4588.717948717949 4367.179487179487 1614.0 1711.0 5.532 5.254515647888184 0.0 0.0 0.0 0.0  4  0  0  0  0  3  0  0  0  0  0  1  0  2 
5540 91.0 0.0 0.0 4489.743589743591 4023.589743589744 4420.000000000001 4448.205128205129 4488.717948717949 4649.2307692307695 4748.205128205129 4011.7948717948725 4693.333333333334 4398.461538461539 4050.2564102564106 3999.48717948718 4586.666666666667 4368.717948717949 1615.0 1712.0 5.54 5.254515647888184 0.0 0.0 0.0 0.0  4  0  0  0  0  3  0  0  0  0  0  1  0  2 
5548 92.0 0.0 0.0 4492.307692307693 4026.666666666667 4424.102564102564 4458.461538461539 4491.282051282052 4648.717948717949 4747.179487179488 4014.8717948717954 4692.820512820514 4415.384615384616 4053.333333333334 4013.333333333334 4588.205128205129 4373.846153846154 1614.0 1711.0 5.548 5.504730701446533 0.0 0.0 0.0 0.0  4  0  0  0  0  3  0  0  0  0  0  2  0  3 
5556 93.0 0.0 364.0 4495.384615384616 4030.7692307692314 4431.282051282052 4491.282051282052 4496.410256410257 4654.358974358975 4749.743589743591 4016.9230769230776 4695.384615384616 4380.512820512821 4056.410256410257 4047.1794871794878 4590.769230769231 4375.384615384616 1614.0 1713.0 5.556 5.504730701446533 0.0 0.0 0.0 0.0  4  0  0  0  0  3  0  0  0  0  0  2  0  3 
5563 94.0 0.0 0.0 4501.538461538462 4032.820512820513 4438.461538461539 4520.000000000001 4499.48717948718 4658.974358974359 4754.871794871796 4015.3846153846157 4692.307692307693 4276.923076923077 4060.5128205128212 4080.5128205128212 4589.2307692307695 4378.974358974359 1615.0 1712.0 5.563 5.504730701446533 0.0 0.0 0.0 0.0  4  0  0  0  0  3  0  0  0  0  0  2  0  3 
5580 95.0 0.0 0.0 4506.666666666667 4040.5128205128212 4448.717948717949 4548.205128205129 4505.641025641026 4665.128205128206 4761.025641025642 4016.410256410257 4686.153846153847 4197.435897435898 4063.589743589744 4111.282051282052 4588.205128205129 4381.538461538462 1614.0 1712.0 5.58 5.504730701446533 0.0 0.0 0.0 0.0  4  0  0  0  0  3  0  0  0  0  0  2  0  3 
5584 96.0 0.0 0.0 4510.769230769231 4045.6410256410263 4454.871794871796 4574.871794871796 4506.153846153847 4671.794871794872 4761.025641025642 4014.358974358975 4682.564102564103 4194.358974358975 4066.1538461538466 4140.512820512821 4590.256410256411 4383.589743589744 1615.0 1712.0 5.584 5.536007404327393 0.0 0.0 0.0 0.0  4  0  0  0  0  3  0  0  0  0  0  2  0  3 
5588 97.0 0.0 364.0 4513.333333333334 4044.615384615385 4452.820512820514 4575.8974358974365 4506.153846153847 4674.358974358975 4761.538461538462 4010.7692307692314 4683.589743589744 4184.615384615385 4066.666666666667 4143.589743589744 4591.282051282052 4382.564102564103 1614.0 1711.0 5.588 5.536007404327393 0.0 0.0 0.0 0.0  4  0  0  0  0  3  0  0  0  0  0  2  0  3 
5595 98.0 0.0 0.0 4512.820512820514 4043.589743589744 4456.410256410257 4580.000000000001 4509.2307692307695 4672.307692307693 4762.051282051282 4008.717948717949 4684.102564102564 4161.025641025642 4063.589743589744 4149.74358974359 4588.717948717949 4381.025641025642 1615.0 1712.0 5.595 5.536007404327393 0.0 0.0 0.0 0.0  4  0  0  0  0  3  0  0  0  0  0  2  0  3 
5602 99.0 0.0 0.0 4510.256410256411 4040.5128205128212 4455.8974358974365 4571.794871794872 4506.153846153847 4668.205128205129 4757.948717948719 4009.7435897435903 4680.512820512821 4153.333333333334 4063.076923076924 4139.48717948718 4589.2307692307695 4382.564102564103 1615.0 1711.0 5.602 5.536007404327393 0.0 0.0 0.0 0.0  4  0  0  0  0  3  0  0  0  0  0  2  0  3 
5610 100.0 0.0 0.0 4511.282051282052 4040.5128205128212 4451.794871794872 4567.6923076923085 4501.538461538462 4669.2307692307695 4757.435897435898 4010.2564102564106 4682.564102564103 4141.538461538462 4064.1025641025644 4130.256410256411 4591.794871794872 4383.076923076924 1615.0 1712.0 5.61 5.536007404327393 0.0 0.0 0.0 0.0  4  0  0  0  0  3  0  0  0  0  0  2  0  3 
5618 101.0 0.0 364.0 4505.641025641026 4040.0000000000005 4447.6923076923085 4554.871794871796 4500.000000000001 4668.717948717949 4756.410256410257 4007.692307692308 4684.102564102564 4169.74358974359 4062.0512820512827 4115.8974358974365 4591.282051282052 4379.48717948718 1615.0 1712.0 5.618 5.536007404327393 0.0 0.0 0.0 0.0  4  0  0  0  0  3  0  0  0  0  0  2  0  3 
5626 102.0 0.0 0.0 4498.461538461539 4037.9487179487182 4449.2307692307695 4557.948717948719 4503.076923076924 4671.282051282052 4755.8974358974365 4017.435897435898 4688.205128205129 4335.384615384616 4060.5128205128212 4125.128205128206 4591.282051282052 4376.923076923077 1614.0 1712.0 5.626 5.536007404327393 0.0 0.0 0.0 0.0  4  0  0  0  0  3  0  0  0  0  0  2  0  3 
5634 103.0 0.0 0.0 4499.48717948718 4035.3846153846157 4445.128205128206 4559.48717948718 4502.051282051282 4671.282051282052 4755.8974358974365 4027.692307692308 4695.8974358974365 4452.307692307693 4060.5128205128212 4128.717948717949 4594.358974358975 4379.48717948718 1615.0 1712.0 5.634 5.536007404327393 0.0 0.0 0.0 0.0  4  0  0  0  0  3  0  0  0  0  0  2  0  3 
5642 104.0 0.0 0.0 4504.102564102564 4036.410256410257 4443.076923076924 4564.102564102564 4502.051282051282 4671.794871794872 4759.48717948718 4031.7948717948725 4702.051282051282 4472.820512820514 4060.0000000000005 4133.846153846154 4597.435897435898 4380.000000000001 1614.0 1712.0 5.642 5.536007404327393 0.0 0.0 0.0 0.0  4  0  0  0  0  3  0  0  0  0  0  2  0  3 
5649 105.0 0.0 364.0 4503.589743589744 4036.9230769230776 4444.615384615385 4561.025641025642 4501.025641025642 4670.256410256411 4757.435897435898 4026.1538461538466 4700.000000000001 4451.794871794872 4061.538461538462 4130.769230769231 4597.435897435898 4377.948717948719 1616.0 1711.0 5.649 5.536007404327393 0.0 0.0 0.0 0.0  4  0  0  0  0  3  0  0  0  0  0  2  0  3 
5657 106.0 0.0 0.0 4508.205128205129 4038.9743589743593 4445.641025641026 4560.512820512821 4505.641025641026 4672.307692307693 4758.461538461539 4026.666666666667 4700.512820512821 4491.794871794872 4062.564102564103 4132.307692307693 4596.410256410257 4380.000000000001 1613.0 1711.0 5.657 5.536007404327393 0.0 0.0 0.0 0.0  4  0  0  0  0  3  0  0  0  0  0  2  0  3 
5665 107.0 0.0 0.0 4513.846153846154 4041.538461538462 4441.538461538462 4557.435897435898 4507.179487179488 4671.794871794872 4757.948717948719 4029.23076923077 4703.076923076924 4497.435897435898 4061.0256410256416 4130.256410256411 4596.410256410257 4380.000000000001 1615.0 1711.0 5.665 5.536007404327393 0.0 0.0 0.0 0.0  4  0  0  0  0  3  0  0  0  0  0  2  0  3 
5673 108.0 0.0 0.0 4512.820512820514 4040.5128205128212 4440.000000000001 4549.2307692307695 4503.589743589744 4672.820512820514 4757.435897435898 4029.7435897435903 4701.025641025642 4451.794871794872 4059.48717948718 4121.025641025642 4597.948717948719 4379.48717948718 1614.0 1712.0 5.673 5.536007404327393 0.0 0.0 0.0 0.0  4  0  0  0  0  3  0  0  0  0  0  2  0  3 
5681 109.0 0.0 364.0 4509.743589743591 4040.0000000000005 4434.871794871796 4529.743589743591 4503.076923076924 4671.282051282052 4755.384615384616 4026.1538461538466 4693.333333333334 4369.2307692307695 4060.0000000000005 4095.3846153846157 4600.000000000001 4380.000000000001 1614.0 1713.0 5.681 5.536007404327393 0.0 0.0 0.0 0.0  4  0  0  0  0  3  0  0  0  0  0  2  0  3 
5688 110.0 0.0 0.0 4509.2307692307695 4042.0512820512827 4428.205128205129 4513.846153846154 4503.589743589744 4667.6923076923085 4752.820512820514 4021.0256410256416 4690.769230769231 4260.000000000001 4061.538461538462 4075.3846153846157 4600.000000000001 4379.48717948718 1614.0 1711.0 5.688 5.536007404327393 0.0 0.0 0.0 0.0  4  0  0  0  0  3  0  0  0  0  0  2  0  3 
5696 111.0 0.0 0.0 4510.769230769231 4041.538461538462 4427.179487179487 4507.179487179488 4502.564102564103 4665.128205128206 4749.743589743591 4013.8461538461543 4689.2307692307695 4186.666666666667 4063.076923076924 4070.2564102564106 4598.974358974359 4381.025641025642 1613.0 1713.0 5.696 5.536007404327393 0.0 0.0 0.0 0.0  4  0  0  0  0  3  0  0  0  0  0  2  0  3 
5704 112.0 0.0 0.0 4511.794871794872 4041.538461538462 4427.179487179487 4505.641025641026 4503.589743589744 4666.666666666667 4750.769230769231 4013.8461538461543 4686.153846153847 4158.974358974359 4063.589743589744 4065.1282051282055 4598.974358974359 4382.564102564103 1614.0 1712.0 5.704 5.536007404327393 0.0 0.0 0.0 0.0  4  0  0  0  0  3  0  0  0  0  0  2  0  3 
5712 113.0 0.0 364.0 4511.282051282052 4043.589743589744 4425.641025641026 4502.564102564103 4503.589743589744 4670.769230769231 4752.820512820514 4013.8461538461543 4683.589743589744 4152.307692307693 4062.0512820512827 4060.5128205128212 4597.435897435898 4382.564102564103 1613.0 1712.0 5.712 5.536007404327393 0.0 0.0 0.0 0.0  4  0  0  0  0  3  0  0  0  0  0  2  0  3 
5720 114.0 0.0 0.0 4511.794871794872 4041.538461538462 4425.128205128206 4495.8974358974365 4501.025641025642 4670.256410256411 4753.333333333334 4012.820512820513 4684.102564102564 4148.205128205129 4062.564102564103 4054.358974358975 4597.435897435898 4382.051282051282 1615.0 1711.0 5.72 5.536007404327393 0.0 0.0 0.0 0.0  4  0  0  0  0  3  0  0  0  0  0  2  0  3 
5728 115.0 0.0 0.0 4510.769230769231 4038.9743589743593 4427.6923076923085 4496.923076923077 4504.102564102564 4669.743589743591 4754.871794871796 4011.2820512820517 4681.538461538462 4137.435897435898 4062.564102564103 4055.8974358974365 4596.410256410257 4382.051282051282 1614.0 1712.0 5.728 5.536007404327393 0.0 0.0 0.0 0.0  4  0  0  0  0  3  0  0  0  0  0  2  0  3 
5735 116.0 0.0 0.0 4502.564102564103 4038.461538461539 4422.564102564103 4488.717948717949 4505.641025641026 4667.179487179488 4751.794871794872 4012.820512820513 4677.948717948719 4137.435897435898 4058.461538461539 4042.0512820512827 4593.333333333334 4378.974358974359 1615.0 1711.0 5.735 5.536007404327393 0.0 0.0 0.0 0.0  4  0  0  0  0  3  0  0  0  0  0  2  0  3 
5743 117.0 0.0 364.0 4493.333333333334 4035.8974358974365 4417.948717948719 4480.512820512821 4503.076923076924 4667.6923076923085 4751.794871794872 4013.8461538461543 4680.000000000001 4172.820512820514 4055.8974358974365 4034.8717948717954 4590.769230769231 4376.923076923077 1615.0 1711.0 5.743 5.536007404327393 0.0 0.0 0.0 0.0  4  0  0  0  0  3  0  0  0  0  0  2  0  3 
5751 118.0 0.0 0.0 4489.2307692307695 4031.2820512820517 4412.307692307693 4458.974358974359 4499.48717948718 4664.102564102564 4751.282051282052 4014.358974358975 4686.153846153847 4236.410256410257 4053.8461538461543 4013.8461538461543 4588.717948717949 4375.384615384616 1616.0 1711.0 5.751 5.536007404327393 0.0 0.0 0.0 0.0  4  0  0  0  0  3  0  0  0  0  0  2  0  3 
5759 119.0 0.0 0.0 4489.743589743591 4030.2564102564106 4410.256410256411 4448.205128205129 4501.025641025642 4660.000000000001 4750.256410256411 4021.0256410256416 4691.794871794872 4345.641025641026 4050.2564102564106 4001.0256410256416 4588.205128205129 4369.743589743591 1615.0 1711.0 5.759 5.536007404327393 0.0 0.0 0.0 0.0  4  0  0  0  0  3  0  0  0  0  0  2  0  3 
5767 120.0 0.0 0.0 4486.153846153847 4028.717948717949 4405.641025641026 4427.179487179487 4498.974358974359 4654.871794871796 4743.589743589744 4022.564102564103 4689.2307692307695 4400.000000000001 4048.205128205129 3985.6410256410263 4588.717948717949 4367.179487179487 1615.0 1711.0 5.767 5.536007404327393 0.0 0.0 0.0 0.0  4  0  0  0  0  3  0  0  0  0  0  2  0  3 
5774 121.0 0.0 364.0 4485.128205128206 4028.717948717949 4402.564102564103 4423.076923076924 4494.358974358975 4653.846153846154 4739.48717948718 4021.538461538462 4690.256410256411 4423.076923076924 4048.717948717949 3987.692307692308 4589.743589743591 4369.2307692307695 1614.0 1712.0 5.774 5.536007404327393 0.0 0.0 0.0 0.0  4  0  0  0  0  3  0  0  0  0  0  2  0  3 
5782 122.0 0.0 0.0 4488.205128205129 4030.2564102564106 4399.48717948718 4427.179487179487 4490.256410256411 4650.769230769231 4738.461538461539 4021.538461538462 4693.846153846154 4401.538461538462 4048.205128205129 3985.1282051282055 4592.307692307693 4368.205128205129 1615.0 1713.0 5.782 5.536007404327393 0.0 0.0 0.0 0.0  4  0  0  0  0  3  0  0  0  0  0  2  0  3 
5790 123.0 0.0 0.0 4495.384615384616 4032.820512820513 4404.102564102564 4451.282051282052 4495.8974358974365 4655.8974358974365 4743.589743589744 4029.7435897435903 4695.384615384616 4418.974358974359 4050.2564102564106 4006.666666666667 4593.333333333334 4369.743589743591 1614.0 1713.0 5.79 5.536007404327393 0.0 0.0 0.0 0.0  4  0  0  0  0  3  0  0  0  0  0  2  0  3 
5798 124.0 0.0 0.0 4503.589743589744 4035.3846153846157 4411.794871794872 4474.871794871796 4502.564102564103 4665.641025641026 4748.717948717949 4031.7948717948725 4696.923076923077 4432.820512820514 4054.358974358975 4036.410256410257 4592.820512820514 4375.384615384616 1615.0 1712.0 5.798 5.536007404327393 0.0 0.0 0.0 0.0  4  0  0  0  0  3  0  0  0  0  0  2  0  3 
5806 125.0 0.0 364.0 4512.820512820514 4041.538461538462 4419.48717948718 4504.102564102564 4506.153846153847 4672.820512820514 4752.307692307693 4031.7948717948725 4698.461538461539 4418.461538461539 4057.435897435898 4068.717948717949 4594.358974358975 4378.461538461539 1613.0 1712.0 5.806 5.536007404327393 0.0 0.0 0.0 0.0  4  0  0  0  0  3  0  0  0  0  0  2  0  3 
5814 126.0 0.0 0.0 4516.410256410257 4044.615384615385 4424.615384615385 4528.205128205129 4509.2307692307695 4674.871794871796 4754.871794871796 4028.205128205129 4691.282051282052 4324.102564102564 4060.5128205128212 4092.820512820513 4595.8974358974365 4380.000000000001 1615.0 1711.0 5.814 5.536007404327393 0.0 0.0 0.0 0.0  4  0  0  0  0  3  0  0  0  0  0  2  0  3 
5821 127.0 0.0 0.0 4515.384615384616 4045.1282051282055 4430.256410256411 4542.564102564103 4511.794871794872 4677.435897435898 4755.8974358974365 4020.0000000000005 4686.153846153847 4200.512820512821 4061.538461538462 4106.153846153847 4593.846153846154 4379.48717948718 1613.0 1711.0 5.821 5.536007404327393 0.0 0.0 0.0 0.0  4  0  0  0  0  3  0  0  0  0  0  2  0  3 
5829 128.0 0.0 0.0 4518.974358974359 4045.6410256410263 4434.358974358975 4553.333333333334 4509.2307692307695 4677.948717948719 4754.358974358975 4012.307692307693 4684.615384615386 4158.974358974359 4061.538461538462 4115.384615384616 4592.307692307693 4380.000000000001 1614.0 1713.0 5.829 5.536007404327393 0.0 0.0 0.0 0.0  4  0  0  0  0  3  0  0  0  0  0  2  0  3 
5837 0.0 0.0 45.0 4518.461538461539 4043.076923076924 4429.743589743591 4549.2307692307695 4506.153846153847 4675.8974358974365 4752.820512820514 4014.358974358975 4680.512820512821 4156.923076923077 4062.0512820512827 4111.282051282052 4594.871794871796 4382.051282051282 1614.0 1711.0 5.837 5.536007404327393 0.0 0.0 0.0 0.0  4  0  0  0  0  3  0  0  0  0  0  2  0  3 
5845 1.0 0.0 405.0 4514.358974358975 4041.538461538462 4430.769230769231 4553.846153846154 4506.666666666667 4674.358974358975 4752.820512820514 4014.358974358975 4680.512820512821 4130.769230769231 4062.564102564103 4117.948717948719 4594.358974358975 4384.615384615385 1614.0 1712.0 5.845 5.536007404327393 0.0 0.0 0.0 0.0  4  0  0  0  0  3  0  0  0  0  0  2  0  3 
5853 2.0 0.0 0.0 4511.794871794872 4040.5128205128212 4433.333333333334 4557.435897435898 4505.128205128206 4671.282051282052 4751.282051282052 4011.7948717948725 4684.615384615386 4136.410256410257 4063.589743589744 4120.000000000001 4594.358974358975 4384.615384615385 1615.0 1712.0 5.853 5.536007404327393 0.0 0.0 0.0 0.0  4  0  0  0  0  3  0  0  0  0  0  2  0  3 
5861 3.0 0.0 0.0 4512.820512820514 4040.0000000000005 4434.358974358975 4575.8974358974365 4504.615384615385 4671.794871794872 4752.820512820514 4015.8974358974365 4684.615384615386 4159.48717948718 4062.0512820512827 4134.871794871796 4595.384615384616 4384.102564102564 1614.0 1712.0 5.861 5.536007404327393 0.0 0.0 0.0 0.0  4  0  0  0  0  3  0  0  0  0  0  2  0  3 
5868 4.0 0.0 0.0 4510.769230769231 4038.461538461539 4432.820512820514 4578.461538461539 4504.102564102564 4670.256410256411 4755.384615384616 4020.0000000000005 4683.076923076924 4165.128205128206 4062.564102564103 4132.820512820514 4594.871794871796 4384.102564102564 1615.0 1712.0 5.868 5.536007404327393 0.0 0.0 0.0 0.0  4  0  0  0  0  3  0  0  0  0  0  2  0  3 
5876 5.0 0.0 0.0 4504.102564102564 4038.9743589743593 4438.461538461539 4589.743589743591 4507.6923076923085 4670.769230769231 4755.384615384616 4024.1025641025644 4691.282051282052 4300.512820512821 4062.0512820512827 4148.717948717949 4591.794871794872 4381.025641025642 1614.0 1713.0 5.876 5.536007404327393 0.0 0.0 0.0 0.0  4  0  0  0  0  3  0  0  0  0  0  2  0  3 
5884 6.0 0.0 0.0 4498.974358974359 4036.9230769230776 4434.358974358975 4581.025641025642 4505.641025641026 4669.2307692307695 4750.769230769231 4025.6410256410263 4697.435897435898 4425.641025641026 4061.0256410256416 4145.641025641026 4592.820512820514 4377.948717948719 1615.0 1712.0 5.884 5.536007404327393 0.0 0.0 0.0 0.0  4  0  0  0  0  3  0  0  0  0  0  2  0  3 
5892 7.0 0.0 0.0 4501.538461538462 4038.9743589743593 4432.820512820514 4577.948717948719 4505.128205128206 4672.307692307693 4754.871794871796 4028.717948717949 4701.025641025642 4453.333333333334 4060.5128205128212 4142.564102564103 4595.384615384616 4378.461538461539 1614.0 1711.0 5.892 5.536007404327393 0.0 0.0 0.0 0.0  4  0  0  0  0  3  0  0  0  0  0  2  0  3 
5900 8.0 0.0 0.0 4502.564102564103 4040.0000000000005 4435.384615384616 4581.538461538462 4506.153846153847 4673.333333333334 4757.948717948719 4027.1794871794878 4698.974358974359 4436.410256410257 4060.5128205128212 4146.666666666667 4595.384615384616 4380.512820512821 1615.0 1711.0 5.9 5.536007404327393 0.0 0.0 0.0 0.0  4  0  0  0  0  3  0  0  0  0  0  2  0  3 
5907 9.0 0.0 217.0 4504.102564102564 4038.461538461539 4433.333333333334 4587.179487179488 4507.6923076923085 4675.8974358974365 4757.948717948719 4030.7692307692314 4700.000000000001 4476.410256410257 4060.5128205128212 4156.410256410257 4595.384615384616 4380.000000000001 1615.0 1710.0 5.907 5.536007404327393 0.0 0.0 0.0 0.0  4  0  0  0  0  3  0  0  0  0  0  2  0  3 
5915 10.0 0.0 0.0 4507.179487179488 4041.0256410256416 4428.205128205129 4575.8974358974365 4505.641025641026 4673.333333333334 4752.307692307693 4031.2820512820517 4701.025641025642 4458.974358974359 4060.5128205128212 4144.102564102564 4597.435897435898 4378.461538461539 1615.0 1712.0 5.915 5.536007404327393 0.0 0.0 0.0 0.0  4  0  0  0  0  3  0  0  0  0  0  2  0  3 
5923 11.0 0.0 0.0 4509.2307692307695 4047.692307692308 4430.769230769231 4570.769230769231 4506.666666666667 4670.256410256411 4753.333333333334 4031.7948717948725 4701.538461538462 4441.025641025642 4060.5128205128212 4136.410256410257 4602.051282051282 4383.076923076924 1615.0 1710.0 5.923 5.536007404327393 0.0 0.0 0.0 0.0  4  0  0  0  0  3  0  0  0  0  0  2  0  3 
5931 12.0 0.0 0.0 4514.871794871796 4048.717948717949 4432.820512820514 4577.435897435898 4506.666666666667 4672.307692307693 4757.435897435898 4028.717948717949 4698.461538461539 4438.461538461539 4061.0256410256416 4145.641025641026 4606.666666666667 4390.769230769231 1613.0 1713.0 5.931 5.536007404327393 0.0 0.0 0.0 0.0  4  0  0  0  0  3  0  0  0  0  0  2  0  3 
5939 13.0 0.0 410.0 4523.589743589744 4050.2564102564106 4432.820512820514 4583.076923076924 4508.205128205129 4676.923076923077 4757.948717948719 4026.666666666667 4696.923076923077 4397.948717948719 4062.564102564103 4151.794871794872 4608.205128205129 4390.769230769231 1614.0 1712.0 5.939 5.536007404327393 0.0 0.0 0.0 0.0  4  0  0  0  0  3  0  0  0  0  0  2  0  3 
5947 14.0 0.0 0.0 4526.666666666667 4052.307692307693 4435.8974358974365 4590.256410256411 4510.769230769231 4675.384615384616 4756.410256410257 4027.1794871794878 4695.8974358974365 4303.589743589744 4065.1282051282055 4156.410256410257 4606.666666666667 4386.666666666667 1614.0 1713.0 5.947 5.536007404327393 0.0 0.0 0.0 0.0  4  0  0  0  0  3  0  0  0  0  0  2  0  3 
5954 15.0 0.0 0.0 4527.179487179488 4052.820512820513 4437.435897435898 4590.769230769231 4510.256410256411 4675.384615384616 4758.974358974359 4024.615384615385 4690.769230769231 4203.076923076924 4064.615384615385 4154.358974358975 4606.153846153847 4386.666666666667 1614.0 1713.0 5.954 5.536007404327393 0.0 0.0 0.0 0.0  4  0  0  0  0  3  0  0  0  0  0  2  0  3 
5962 16.0 0.0 0.0 4527.6923076923085 4050.7692307692314 4435.384615384616 4581.538461538462 4509.743589743591 4680.512820512821 4760.512820512821 4017.9487179487182 4686.153846153847 4181.025641025642 4065.6410256410263 4148.717948717949 4605.641025641026 4389.743589743591 1614.0 1713.0 5.962 5.536007404327393 0.0 0.0 0.0 0.0  4  0  0  0  0  3  0  0  0  0  0  2  0  3 
5970 17.0 0.0 0.0 4522.564102564103 4045.6410256410263 4433.846153846154 4568.717948717949 4512.307692307693 4680.000000000001 4757.435897435898 4015.3846153846157 4685.641025641026 4173.333333333334 4067.1794871794878 4137.948717948719 4602.564102564103 4388.205128205129 1615.0 1711.0 5.97 5.536007404327393 0.0 0.0 0.0 0.0  4  0  0  0  0  3  0  0  0  0  0  2  0  3 
5978 18.0 0.0 0.0 4516.923076923077 4042.0512820512827 4429.2307692307695 4559.48717948718 4510.769230769231 4676.923076923077 4756.923076923077 4012.820512820513 4683.076923076924 4134.358974358975 4064.1025641025644 4125.128205128206 4598.461538461539 4382.051282051282 1614.0 1711.0 5.978 5.536007404327393 0.0 0.0 0.0 0.0  4  0  0  0  0  3  0  0  0  0  0  2  0  3 
5986 19.0 0.0 0.0 4510.256410256411 4039.48717948718 4418.974358974359 4530.256410256411 4502.564102564103 4672.307692307693 4756.923076923077 4009.23076923077 4682.051282051282 4130.256410256411 4058.9743589743593 4088.205128205129 4594.871794871796 4381.025641025642 1615.0 1710.0 5.986 5.536007404327393 0.0 0.0 0.0 0.0  4  0  0  0  0  3  0  0  0  0  0  2  0  3 
5993 20.0 0.0 0.0 4499.48717948718 4033.333333333334 4413.333333333334 4503.589743589744 4500.512820512821 4665.128205128206 4754.358974358975 4008.205128205129 4682.051282051282 4112.820512820514 4055.8974358974365 4056.410256410257 4591.282051282052 4380.000000000001 1615.0 1710.0 5.993 5.536007404327393 0.0 0.0 0.0 0.0  4  0  0  0  0  3  0  0  0  0  0  2  0  3 
6001 21.0 0.0 0.0 4489.2307692307695 4025.1282051282055 4407.179487179487 4476.923076923077 4496.923076923077 4656.923076923077 4748.717948717949 4005.1282051282055 4681.025641025642 4106.153846153847 4051.2820512820517 4026.1538461538466 4589.2307692307695 4372.820512820514 1614.0 1712.0 6.001 5.536007404327393 0.0 0.0 0.0 0.0  4  0  0  0  0  3  0  0  0  0  0  2  0  3 
6009 22.0 0.0 0.0 4484.615384615385 4026.1538461538466 4401.025641025642 4465.128205128206 4492.307692307693 4658.461538461539 4746.666666666667 4008.717948717949 4685.641025641026 4282.051282051282 4048.717948717949 4018.9743589743593 4591.282051282052 4370.769230769231 1615.0 1711.0 6.009 5.536007404327393 0.0 0.0 0.0 0.0  4  0  0  0  0  3  0  0  0  0  0  2  0  3 
6017 23.0 0.0 0.0 4486.666666666667 4027.692307692308 4396.923076923077 4452.307692307693 4491.794871794872 4655.8974358974365 4742.564102564103 4020.0000000000005 4690.769230769231 4412.820512820514 4051.7948717948725 4009.7435897435903 4595.384615384616 4373.333333333334 1614.0 1713.0 6.017 5.536007404327393 0.0 0.0 0.0 0.0  4  0  0  0  0  3  0  0  0  0  0  2  0  3 
6025 24.0 0.0 0.0 4496.410256410257 4029.7435897435903 4402.051282051282 4462.564102564103 4497.948717948719 4659.48717948718 4744.102564102564 4028.205128205129 4693.333333333334 4412.820512820514 4052.307692307693 4020.5128205128212 4594.358974358975 4373.846153846154 1615.0 1712.0 6.025 5.536007404327393 0.0 0.0 0.0 0.0  4  0  0  0  0  3  0  0  0  0  0  2  0  3 
6033 25.0 0.0 0.0 4503.076923076924 4037.435897435898 4407.6923076923085 4479.48717948718 4501.538461538462 4665.641025641026 4750.256410256411 4026.1538461538466 4692.820512820514 4396.410256410257 4050.2564102564106 4041.0256410256416 4592.307692307693 4373.846153846154 1614.0 1713.0 6.033 5.536007404327393 0.0 0.0 0.0 0.0  4  0  0  0  0  3  0  0  0  0  0  2  0  3 
6040 26.0 0.0 0.0 4508.717948717949 4046.666666666667 4413.846153846154 4505.128205128206 4507.6923076923085 4672.820512820514 4755.384615384616 4027.692307692308 4696.410256410257 4457.948717948719 4053.8461538461543 4073.333333333334 4591.794871794872 4376.410256410257 1615.0 1713.0 6.04 5.536007404327393 0.0 0.0 0.0 0.0  4  0  0  0  0  3  0  0  0  0  0  2  0  3 
6048 27.0 0.0 0.0 4512.820512820514 4048.205128205129 4412.820512820514 4510.769230769231 4512.307692307693 4674.358974358975 4751.794871794872 4027.692307692308 4697.948717948719 4459.48717948718 4055.3846153846157 4080.0000000000005 4590.256410256411 4377.435897435898 1615.0 1712.0 6.048 6.005160808563232 0.0 0.0 0.0 0.0  4  0  0  0  0  3  0  0  0  0  0  2  0  4 
6056 28.0 0.0 0.0 4511.794871794872 4049.23076923077 4413.333333333334 4510.256410256411 4512.307692307693 4677.948717948719 4755.384615384616 4026.1538461538466 4697.948717948719 4427.6923076923085 4053.333333333334 4078.461538461539 4589.2307692307695 4376.410256410257 1614.0 1712.0 6.056 6.005160808563232 0.0 0.0 0.0 0.0  4  0  0  0  0  3  0  0  0  0  0  2  0  4 
6064 29.0 0.0 0.0 4511.282051282052 4050.2564102564106 4416.410256410257 4506.666666666667 4509.743589743591 4676.410256410257 4760.512820512821 4022.564102564103 4694.358974358975 4373.846153846154 4055.3846153846157 4076.410256410257 4589.2307692307695 4376.410256410257 1614.0 1711.0 6.064 6.005160808563232 0.0 0.0 0.0 0.0  4  0  0  0  0  3  0  0  0  0  0  2  0  4 
6072 30.0 0.0 0.0 4514.358974358975 4049.7435897435903 4415.384615384616 4503.076923076924 4510.769230769231 4673.333333333334 4756.410256410257 4020.5128205128212 4691.282051282052 4283.589743589744 4057.9487179487182 4070.2564102564106 4592.820512820514 4376.410256410257 1615.0 1711.0 6.072 6.005160808563232 0.0 0.0 0.0 0.0  4  0  0  0  0  3  0  0  0  0  0  2  0  4 
6079 31.0 0.0 0.0 4513.846153846154 4048.717948717949 4410.769230769231 4495.8974358974365 4510.256410256411 4673.846153846154 4751.794871794872 4017.435897435898 4687.6923076923085 4202.564102564103 4056.9230769230776 4061.0256410256416 4595.8974358974365 4380.512820512821 1614.0 1710.0 6.079 6.036437511444092 0.0 0.0 0.0 0.0  4  0  0  0  0  3  0  0  0  0  0  2  0  4 
6087 32.0 0.0 0.0 4510.256410256411 4048.205128205129 4409.2307692307695 4488.717948717949 4506.666666666667 4674.871794871796 4754.871794871796 4014.358974358975 4683.076923076924 4144.102564102564 4057.9487179487182 4054.358974358975 4598.461538461539 4383.589743589744 1615.0 1712.0 6.087 6.036437511444092 0.0 0.0 0.0 0.0  4  0  0  0  0  3  0  0  0  0  0  2  0  4 
6095 33.0 0.0 0.0 4512.307692307693 4045.6410256410263 4409.743589743591 4486.666666666667 4506.153846153847 4675.8974358974365 4757.435897435898 4010.7692307692314 4680.000000000001 4127.179487179487 4061.0256410256416 4051.2820512820517 4597.435897435898 4382.051282051282 1616.0 1710.0 6.095 6.036437511444092 0.0 0.0 0.0 0.0  4  0  0  0  0  3  0  0  0  0  0  2  0  4 
6103 34.0 0.0 0.0 4510.256410256411 4039.48717948718 4406.153846153847 4474.871794871796 4505.641025641026 4673.846153846154 4755.384615384616 4012.307692307693 4677.435897435898 4117.948717948719 4058.9743589743593 4041.0256410256416 4596.923076923077 4380.512820512821 1614.0 1712.0 6.103 6.036437511444092 0.0 0.0 0.0 0.0  4  0  0  0  0  3  0  0  0  0  0  2  0  4 
6111 35.0 0.0 0.0 4503.589743589744 4036.410256410257 4404.102564102564 4470.769230769231 4506.153846153847 4672.820512820514 4757.435897435898 4013.333333333334 4677.435897435898 4092.307692307693 4054.8717948717954 4037.9487179487182 4597.948717948719 4380.000000000001 1615.0 1712.0 6.111 6.036437511444092 0.0 0.0 0.0 0.0  4  0  0  0  0  3  0  0  0  0  0  2  0  4 
6119 36.0 0.0 0.0 4498.974358974359 4033.8461538461543 4402.051282051282 4467.6923076923085 4505.641025641026 4670.256410256411 4756.923076923077 4011.7948717948725 4681.025641025642 4104.615384615385 4055.8974358974365 4028.205128205129 4598.461538461539 4377.948717948719 1615.0 1713.0 6.119 6.036437511444092 0.0 0.0 0.0 0.0  4  0  0  0  0  3  0  0  0  0  0  2  0  4 
6126 37.0 0.0 0.0 4499.48717948718 4033.8461538461543 4405.641025641026 4481.025641025642 4506.153846153847 4669.743589743591 4755.8974358974365 4016.410256410257 4685.128205128206 4179.48717948718 4054.8717948717954 4042.0512820512827 4594.871794871796 4375.384615384616 1615.0 1713.0 6.126 6.036437511444092 0.0 0.0 0.0 0.0  4  0  0  0  0  3  0  0  0  0  0  2  0  4 
6134 38.0 0.0 0.0 4498.974358974359 4034.358974358975 4409.2307692307695 4485.128205128206 4505.641025641026 4669.2307692307695 4755.8974358974365 4020.5128205128212 4686.666666666667 4266.666666666667 4050.7692307692314 4055.3846153846157 4592.307692307693 4374.358974358975 1615.0 1711.0 6.134 6.036437511444092 0.0 0.0 0.0 0.0  4  0  0  0  0  3  0  0  0  0  0  2  0  4 
6142 39.0 0.0 0.0 4497.948717948719 4037.435897435898 4413.846153846154 4502.564102564103 4509.2307692307695 4673.333333333334 4758.461538461539 4024.615384615385 4696.410256410257 4396.410256410257 4052.820512820513 4078.461538461539 4593.333333333334 4374.871794871796 1614.0 1711.0 6.142 6.036437511444092 0.0 0.0 0.0 0.0  4  0  0  0  0  3  0  0  0  0  0  2  0  4 
6150 40.0 0.0 0.0 4501.538461538462 4039.48717948718 4414.358974358975 4513.846153846154 4507.6923076923085 4673.846153846154 4756.923076923077 4029.23076923077 4702.564102564103 4460.000000000001 4053.333333333334 4086.666666666667 4595.8974358974365 4376.923076923077 1615.0 1711.0 6.15 6.036437511444092 0.0 0.0 0.0 0.0  4  0  0  0  0  3  0  0  0  0  0  2  0  4 
6158 41.0 0.0 0.0 4508.717948717949 4045.6410256410263 4419.48717948718 4528.717948717949 4504.102564102564 4674.871794871796 4758.461538461539 4035.3846153846157 4702.564102564103 4484.615384615385 4051.2820512820517 4105.128205128206 4600.512820512821 4378.974358974359 1614.0 1711.0 6.158 6.036437511444092 0.0 0.0 0.0 0.0  4  0  0  0  0  3  0  0  0  0  0  2  0  4 
6165 42.0 0.0 0.0 4511.282051282052 4047.692307692308 4420.512820512821 4531.794871794872 4504.102564102564 4671.794871794872 4756.923076923077 4030.7692307692314 4700.512820512821 4468.717948717949 4053.333333333334 4111.794871794872 4601.025641025642 4378.461538461539 1614.0 1710.0 6.165 6.036437511444092 0.0 0.0 0.0 0.0  4  0  0  0  0  3  0  0  0  0  0  2  0  4 
6173 43.0 0.0 0.0 4511.794871794872 4047.1794871794878 4419.48717948718 4529.743589743591 4509.2307692307695 4671.794871794872 4753.846153846154 4027.692307692308 4701.025641025642 4474.871794871796 4056.410256410257 4112.820512820514 4600.000000000001 4378.974358974359 1614.0 1712.0 6.173 6.036437511444092 0.0 0.0 0.0 0.0  4  0  0  0  0  3  0  0  0  0  0  2  0  4 
6181 44.0 0.0 0.0 4513.333333333334 4046.666666666667 4416.923076923077 4523.589743589744 4505.641025641026 4670.256410256411 4752.307692307693 4029.7435897435903 4699.48717948718 4463.076923076924 4056.9230769230776 4107.6923076923085 4601.025641025642 4383.589743589744 1614.0 1713.0 6.181 6.036437511444092 0.0 0.0 0.0 0.0  4  0  0  0  0  3  0  0  0  0  0  2  0  4 
6189 45.0 0.0 0.0 4516.410256410257 4046.666666666667 4421.538461538462 4532.307692307693 4501.025641025642 4671.282051282052 4754.871794871796 4029.23076923077 4700.000000000001 4406.153846153847 4060.0000000000005 4114.871794871796 4602.564102564103 4385.128205128206 1614.0 1713.0 6.189 6.036437511444092 0.0 0.0 0.0 0.0  4  0  0  0  0  3  0  0  0  0  0  2  0  4 
6197 46.0 0.0 0.0 4516.923076923077 4044.615384615385 4426.666666666667 4547.179487179488 4502.564102564103 4669.743589743591 4751.282051282052 4019.48717948718 4696.410256410257 4285.128205128206 4062.564102564103 4128.205128205129 4599.48717948718 4384.615384615385 1613.0 1713.0 6.197 6.036437511444092 0.0 0.0 0.0 0.0  4  0  0  0  0  3  0  0  0  0  0  2  0  4 
6205 47.0 0.0 0.0 4516.410256410257 4042.564102564103 4427.179487179487 4550.769230769231 4505.641025641026 4668.717948717949 4748.717948717949 4014.8717948717954 4687.6923076923085 4178.461538461539 4060.5128205128212 4130.256410256411 4596.923076923077 4383.589743589744 1614.0 1713.0 6.205 6.036437511444092 0.0 0.0 0.0 0.0  4  0  0  0  0  3  0  0  0  0  0  2  0  4 
6212 48.0 0.0 0.0 4513.846153846154 4038.461538461539 4429.2307692307695 4555.384615384616 4506.153846153847 4671.282051282052 4751.282051282052 4014.358974358975 4682.564102564103 4169.2307692307695 4061.0256410256416 4135.8974358974365 4593.846153846154 4384.615384615385 1614.0 1712.0 6.212 6.036437511444092 0.0 0.0 0.0 0.0  4  0  0  0  0  3  0  0  0  0  0  2  0  4 
6220 49.0 0.0 0.0 4505.641025641026 4032.307692307693 4433.333333333334 4557.435897435898 4505.641025641026 4669.743589743591 4753.333333333334 4012.820512820513 4683.589743589744 4162.564102564103 4065.1282051282055 4138.461538461539 4591.282051282052 4385.128205128206 1614.0 1711.0 6.22 6.036437511444092 0.0 0.0 0.0 0.0  4  0  0  0  0  3  0  0  0  0  0  2  0  4 
6228 50.0 0.0 0.0 4498.461538461539 4028.717948717949 4436.410256410257 4557.948717948719 4504.615384615385 4666.153846153847 4752.820512820514 4008.205128205129 4680.512820512821 4129.74358974359 4064.1025641025644 4140.512820512821 4588.205128205129 4382.051282051282 1615.0 1711.0 6.228 6.036437511444092 0.0 0.0 0.0 0.0  4  0  0  0  0  3  0  0  0  0  0  2  0  4 
6236 51.0 0.0 0.0 4490.256410256411 4024.615384615385 4428.205128205129 4532.307692307693 4500.512820512821 4661.538461538462 4749.743589743591 4006.1538461538466 4676.410256410257 4135.8974358974365 4059.48717948718 4110.769230769231 4586.153846153847 4378.461538461539 1615.0 1711.0 6.236 6.036437511444092 0.0 0.0 0.0 0.0  4  0  0  0  0  3  0  0  0  0  0  2  0  4 
6244 52.0 0.0 0.0 4484.102564102564 4021.0256410256416 4423.589743589744 4521.538461538462 4497.435897435898 4658.974358974359 4748.717948717949 4008.205128205129 4677.948717948719 4131.282051282052 4059.48717948718 4096.410256410257 4585.641025641026 4377.948717948719 1617.0 1709.0 6.244 6.036437511444092 0.0 0.0 0.0 0.0  4  0  0  0  0  3  0  0  0  0  0  2  0  4 
6252 53.0 0.0 0.0 4486.153846153847 4022.564102564103 4420.512820512821 4508.717948717949 4493.333333333334 4655.384615384616 4747.6923076923085 4010.7692307692314 4679.48717948718 4135.384615384616 4057.435897435898 4081.538461538462 4587.179487179488 4377.948717948719 1614.0 1711.0 6.252 6.036437511444092 0.0 0.0 0.0 0.0  4  0  0  0  0  3  0  0  0  0  0  2  0  4 
6259 54.0 0.0 0.0 4494.358974358975 4029.7435897435903 4421.538461538462 4509.743589743591 4497.948717948719 4658.461538461539 4747.179487179488 4017.435897435898 4683.589743589744 4277.948717948719 4052.820512820513 4089.23076923077 4588.717948717949 4376.410256410257 1616.0 1712.0 6.259 6.036437511444092 0.0 0.0 0.0 0.0  4  0  0  0  0  3  0  0  0  0  0  2  0  4 
6267 55.0 0.0 0.0 4496.923076923077 4032.820512820513 4418.461538461539 4501.538461538462 4498.461538461539 4657.435897435898 4742.051282051282 4019.48717948718 4688.717948717949 4394.871794871796 4051.2820512820517 4085.6410256410263 4591.794871794872 4376.923076923077 1614.0 1711.0 6.267 6.036437511444092 0.0 0.0 0.0 0.0  4  0  0  0  0  3  0  0  0  0  0  2  0  4 
6275 56.0 0.0 0.0 4500.512820512821 4037.435897435898 4418.461538461539 4506.666666666667 4497.948717948719 4658.974358974359 4746.153846153847 4024.615384615385 4696.410256410257 4414.358974358975 4053.8461538461543 4091.2820512820517 4595.384615384616 4378.461538461539 1615.0 1714.0 6.275 6.036437511444092 0.0 0.0 0.0 0.0  4  0  0  0  0  3  0  0  0  0  0  2  0  4 
6283 57.0 0.0 0.0 4508.717948717949 4043.076923076924 4423.076923076924 4519.48717948718 4501.538461538462 4663.589743589744 4747.179487179488 4027.1794871794878 4694.358974358975 4405.641025641026 4054.8717948717954 4105.128205128206 4596.923076923077 4377.948717948719 1614.0 1714.0 6.283 6.036437511444092 0.0 0.0 0.0 0.0  4  0  0  0  0  3  0  0  0  0  0  2  0  4 
6291 58.0 0.0 0.0 4515.384615384616 4048.205128205129 4429.2307692307695 4536.923076923077 4507.179487179488 4671.282051282052 4748.205128205129 4029.23076923077 4696.923076923077 4467.179487179487 4056.410256410257 4127.179487179487 4595.384615384616 4378.461538461539 1613.0 1714.0 6.291 6.036437511444092 0.0 0.0 0.0 0.0  4  0  0  0  0  3  0  0  0  0  0  2  0  4 
6298 59.0 0.0 0.0 4517.435897435898 4051.2820512820517 4432.307692307693 4554.871794871796 4510.769230769231 4675.384615384616 4753.846153846154 4031.2820512820517 4702.564102564103 4484.102564102564 4057.435897435898 4147.179487179487 4592.820512820514 4379.48717948718 1613.0 1713.0 6.298 6.255375862121582 0.0 0.0 0.0 0.0  4  0  0  0  0  3  0  0  0  0  0  2  0  4 
6306 60.0 0.0 0.0 4520.512820512821 4052.307692307693 4437.435897435898 4568.205128205129 4514.358974358975 4678.974358974359 4758.974358974359 4034.8717948717954 4703.589743589744 4477.948717948719 4056.410256410257 4159.48717948718 4590.769230769231 4377.435897435898 1614.0 1712.0 6.306 6.255375862121582 0.0 0.0 0.0 0.0  4  0  0  0  0  3  0  0  0  0  0  2  0  4 
6314 61.0 0.0 0.0 4521.025641025642 4050.7692307692314 4439.48717948718 4568.717948717949 4514.358974358975 4679.48717948718 4755.384615384616 4030.2564102564106 4696.923076923077 4418.461538461539 4056.410256410257 4165.128205128206 4591.282051282052 4379.48717948718 1614.0 1710.0 6.314 6.255375862121582 0.0 0.0 0.0 0.0  4  0  0  0  0  3  0  0  0  0  0  2  0  4 
6322 62.0 0.0 0.0 4517.948717948719 4049.23076923077 4435.384615384616 4556.923076923077 4511.282051282052 4679.48717948718 4754.358974358975 4024.615384615385 4691.794871794872 4313.846153846154 4058.9743589743593 4155.8974358974365 4594.871794871796 4384.102564102564 1614.0 1711.0 6.322 6.255375862121582 0.0 0.0 0.0 0.0  4  0  0  0  0  3  0  0  0  0  0  2  0  4 
6330 63.0 0.0 0.0 4514.871794871796 4047.1794871794878 4432.820512820514 4550.256410256411 4512.307692307693 4680.000000000001 4757.948717948719 4019.48717948718 4688.717948717949 4233.333333333334 4060.0000000000005 4146.153846153847 4595.384615384616 4384.102564102564 1615.0 1710.0 6.33 6.255375862121582 0.0 0.0 0.0 0.0  4  0  0  0  0  3  0  0  0  0  0  2  0  4 
6338 64.0 0.0 43.0 4509.2307692307695 4040.5128205128212 4427.6923076923085 4522.564102564103 4503.076923076924 4671.282051282052 4751.794871794872 4010.2564102564106 4684.615384615386 4169.74358974359 4058.9743589743593 4112.307692307693 4596.923076923077 4384.102564102564 1614.0 1712.0 6.338 6.255375862121582 0.0 0.0 0.0 0.0  4  0  0  0  0  3  0  0  0  0  0  2  0  4 
6345 65.0 0.0 430.0 4510.769230769231 4044.615384615385 4436.410256410257 4538.974358974359 4509.743589743591 4684.615384615386 4762.564102564103 4021.0256410256416 4687.6923076923085 4135.384615384616 4064.1025641025644 4123.589743589744 4598.461538461539 4388.205128205129 1616.0 1712.0 6.345 6.255375862121582 0.0 0.0 0.0 0.0  4  0  0  0  0  3  0  0  0  0  0  2  0  4 
6353 66.0 0.0 0.0 4515.384615384616 4048.205128205129 4445.128205128206 4563.589743589744 4519.48717948718 4691.794871794872 4767.179487179488 4016.9230769230776 4682.564102564103 4134.358974358975 4065.6410256410263 4148.205128205129 4596.923076923077 4388.717948717949 1614.0 1712.0 6.353 6.255375862121582 0.0 0.0 0.0 0.0  4  0  0  0  0  3  0  0  0  0  0  2  0  4 
6361 67.0 0.0 0.0 4498.974358974359 4026.666666666667 4401.025641025642 4441.025641025642 4484.102564102564 4642.051282051282 4729.2307692307695 4003.076923076924 4681.025641025642 4140.000000000001 4057.9487179487182 4043.589743589744 4609.2307692307695 4386.153846153847 1615.0 1713.0 6.361 6.255375862121582 0.0 0.0 0.0 0.0  4  0  0  0  0  3  0  0  0  0  0  2  0  4 
6369 68.0 0.0 0.0 4526.666666666667 4066.1538461538466 4468.205128205129 4625.641025641026 4548.717948717949 4732.307692307693 4801.538461538462 4055.3846153846157 4708.205128205129 4133.846153846154 4065.6410256410263 4189.2307692307695 4599.48717948718 4380.000000000001 1615.0 1711.0 6.369 6.255375862121582 0.0 0.0 0.0 0.0  4  0  0  0  0  3  0  0  0  0  0  2  0  4 
6377 69.0 0.0 0.0 4558.974358974359 4101.538461538462 4538.461538461539 4800.000000000001 4601.538461538462 4798.461538461539 4850.769230769231 4045.1282051282055 4694.358974358975 4147.6923076923085 4070.7692307692314 4389.2307692307695 4575.8974358974365 4375.8974358974365 1615.0 1713.0 6.377 6.255375862121582 0.0 0.0 0.0 0.0  4  0  0  0  0  3  0  0  0  0  0  2  0  4 
6384 70.0 0.0 0.0 4521.538461538462 4063.589743589744 4464.102564102564 4582.051282051282 4530.769230769231 4696.923076923077 4774.871794871796 4003.076923076924 4674.871794871796 4216.410256410257 4063.589743589744 4350.256410256411 4587.6923076923085 4376.923076923077 1615.0 1711.0 6.384 6.255375862121582 0.0 0.0 0.0 0.0  4  0  0  0  0  3  0  0  0  0  0  2  0  4 
6392 71.0 0.0 5.0 4488.205128205129 4032.820512820513 4403.076923076924 4453.846153846154 4477.948717948719 4630.256410256411 4727.6923076923085 4012.820512820513 4688.717948717949 4350.256410256411 4060.5128205128212 4313.846153846154 4604.615384615385 4378.974358974359 1614.0 1711.0 6.392 6.255375862121582 0.0 0.0 0.0 0.0  4  0  0  0  0  3  0  0  0  0  0  2  0  4 
6400 72.0 0.0 0.0 4508.205128205129 4053.8461538461543 4444.102564102564 4607.6923076923085 4516.410256410257 4684.615384615386 4769.743589743591 4048.205128205129 4706.666666666667 4402.051282051282 4067.692307692308 4436.410256410257 4596.923076923077 4379.48717948718 1615.0 1711.0 6.4 6.255375862121582 0.0 0.0 0.0 0.0  4  0  0  0  0  3  0  0  0  0  0  2  0  4 
6408 73.0 0.0 254.0 4517.435897435898 4058.9743589743593 4451.282051282052 4642.051282051282 4521.538461538462 4690.769230769231 4767.6923076923085 4024.615384615385 4692.307692307693 4402.564102564103 4068.717948717949 4484.102564102564 4591.282051282052 4386.153846153847 1614.0 1711.0 6.408 6.255375862121582 0.0 0.0 0.0 0.0  4  0  0  0  0  3  0  0  0  0  0  2  0  4 
6416 74.0 0.0 0.0 4500.512820512821 4042.564102564103 4410.769230769231 4532.820512820514 4490.769230769231 4651.282051282052 4737.948717948719 4024.615384615385 4693.846153846154 4390.256410256411 4064.615384615385 4422.051282051282 4606.153846153847 4390.256410256411 1615.0 1710.0 6.416 6.255375862121582 0.0 0.0 0.0 0.0  4  0  0  0  0  3  0  0  0  0  0  2  0  4 
6424 75.0 0.0 0.0 4517.435897435898 4058.9743589743593 4446.153846153847 4636.923076923077 4521.025641025642 4691.282051282052 4771.282051282052 4042.0512820512827 4703.589743589744 4402.051282051282 4069.7435897435903 4517.948717948719 4596.410256410257 4387.6923076923085 1613.0 1712.0 6.424 6.255375862121582 0.0 0.0 0.0 0.0  4  0  0  0  0  3  0  0  0  0  0  2  0  4 
6431 76.0 0.0 0.0 4504.102564102564 4036.410256410257 4411.794871794872 4498.461538461539 4486.666666666667 4644.102564102564 4732.307692307693 4010.7692307692314 4685.641025641026 4393.333333333334 4065.6410256410263 4396.410256410257 4598.461538461539 4387.179487179487 1615.0 1712.0 6.431 6.255375862121582 0.0 0.0 0.0 0.0  4  0  0  0  0  3  0  0  0  0  0  2  0  4 
6439 77.0 0.0 427.0 4500.000000000001 4043.589743589744 4423.589743589744 4517.435897435898 4508.717948717949 4670.256410256411 4756.410256410257 4047.1794871794878 4705.128205128206 4387.179487179487 4066.1538461538466 4410.769230769231 4601.025641025642 4380.000000000001 1613.0 1711.0 6.439 6.255375862121582 0.0 0.0 0.0 0.0  4  0  0  0  0  3  0  0  0  0  0  2  0  4 
6447 78.0 0.0 0.0 4510.769230769231 4053.8461538461543 4454.871794871796 4604.615384615385 4529.2307692307695 4696.410256410257 4774.871794871796 4027.692307692308 4690.769230769231 4285.641025641026 4064.615384615385 4458.974358974359 4582.051282051282 4376.923076923077 1614.0 1713.0 6.447 6.255375862121582 0.0 0.0 0.0 0.0  4  0  0  0  0  3  0  0  0  0  0  2  0  4 
6455 79.0 0.0 0.0 4449.2307692307695 3973.8461538461543 4320.000000000001 4148.717948717949 4402.051282051282 4530.769230769231 4644.615384615385 3954.8717948717954 4645.641025641026 4112.307692307693 4047.692307692308 3993.333333333334 4602.564102564103 4378.974358974359 1614.0 1712.0 6.455 6.255375862121582 0.0 0.0 0.0 0.0  4  0  0  0  0  3  0  0  0  0  0  2  0  4 
6463 80.0 0.0 0.0 4419.48717948718 3955.8974358974365 4287.179487179487 4011.2820512820517 4391.282051282052 4514.358974358975 4639.48717948718 3992.820512820513 4664.615384615386 4040.5128205128212 4042.0512820512827 3723.076923076924 4614.358974358975 4370.769230769231 1614.0 1713.0 6.463 6.255375862121582 0.0 0.0 0.0 0.0  4  0  0  0  0  3  0  0  0  0  0  2  0  4 
6470 81.0 0.0 427.0 4471.794871794872 4019.48717948718 4406.666666666667 4400.000000000001 4504.615384615385 4663.589743589744 4754.871794871796 4038.9743589743593 4690.256410256411 4063.076923076924 4049.23076923077 3958.461538461539 4584.102564102564 4364.615384615385 1615.0 1712.0 6.47 6.255375862121582 0.0 0.0 0.0 0.0  4  0  0  0  0  3  0  0  0  0  0  2  0  4 
6478 82.0 0.0 0.0 4492.307692307693 4027.1794871794878 4424.102564102564 4497.435897435898 4508.205128205129 4675.384615384616 4753.846153846154 4003.589743589744 4671.282051282052 4055.8974358974365 4052.307692307693 4064.615384615385 4574.871794871796 4371.794871794872 1614.0 1712.0 6.478 6.255375862121582 0.0 0.0 0.0 0.0  4  0  0  0  0  3  0  0  0  0  0  2  0  4 
6486 83.0 0.0 0.0 4488.205128205129 4022.564102564103 4411.794871794872 4423.589743589744 4501.025641025642 4666.153846153847 4748.717948717949 4016.410256410257 4677.948717948719 4031.2820512820517 4053.333333333334 3988.717948717949 4583.589743589744 4371.282051282052 1616.0 1711.0 6.486 6.255375862121582 0.0 0.0 0.0 0.0  4  0  0  0  0  3  0  0  0  0  0  2  0  4 
6494 84.0 0.0 0.0 4523.076923076924 4076.410256410257 4496.923076923077 4611.794871794872 4584.102564102564 4771.794871794872 4837.435897435898 4065.1282051282055 4707.6923076923085 4097.435897435898 4056.9230769230776 4187.6923076923085 4564.102564102564 4363.076923076924 1614.0 1711.0 6.494 6.255375862121582 0.0 0.0 0.0 0.0  4  0  0  0  0  3  0  0  0  0  0  2  0  4 
6502 85.0 0.0 427.0 4525.128205128206 4077.435897435898 4485.128205128206 4581.025641025642 4562.051282051282 4744.615384615386 4810.256410256411 4029.23076923077 4691.794871794872 4195.8974358974365 4051.7948717948725 4323.589743589744 4563.076923076924 4366.153846153847 1615.0 1711.0 6.502 6.255375862121582 0.0 0.0 0.0 0.0  4  0  0  0  0  3  0  0  0  0  0  2  0  4 
6510 86.0 0.0 0.0 4490.256410256411 4037.9487179487182 4407.6923076923085 4416.410256410257 4481.538461538462 4642.564102564103 4725.128205128206 4005.1282051282055 4676.923076923077 4244.615384615385 4054.358974358975 4279.48717948718 4593.333333333334 4375.8974358974365 1614.0 1712.0 6.51 6.255375862121582 0.0 0.0 0.0 0.0  4  0  0  0  0  3  0  0  0  0  0  2  0  4 
6517 87.0 0.0 0.0 4494.358974358975 4048.717948717949 4430.256410256411 4534.358974358975 4500.000000000001 4666.153846153847 4744.102564102564 4033.333333333334 4687.179487179488 4262.051282051282 4064.1025641025644 4355.384615384616 4593.846153846154 4378.461538461539 1615.0 1711.0 6.517 6.255375862121582 0.0 0.0 0.0 0.0  4  0  0  0  0  3  0  0  0  0  0  2  0  4 
6525 88.0 0.0 0.0 4500.000000000001 4048.717948717949 4429.743589743591 4553.333333333334 4500.512820512821 4661.025641025642 4741.538461538462 4024.615384615385 4683.076923076924 4325.641025641026 4060.5128205128212 4370.256410256411 4588.205128205129 4376.410256410257 1614.0 1711.0 6.525 6.255375862121582 0.0 0.0 0.0 0.0  4  0  0  0  0  3  0  0  0  0  0  2  0  4 
6533 89.0 0.0 427.0 4496.410256410257 4039.48717948718 4410.769230769231 4531.794871794872 4487.6923076923085 4641.538461538462 4728.205128205129 4028.717948717949 4689.743589743591 4351.282051282052 4060.5128205128212 4392.820512820514 4594.358974358975 4377.948717948719 1615.0 1713.0 6.533 6.255375862121582 0.0 0.0 0.0 0.0  4  0  0  0  0  3  0  0  0  0  0  2  0  4 
6541 90.0 0.0 0.0 4507.6923076923085 4049.23076923077 4434.358974358975 4622.564102564103 4504.615384615385 4667.6923076923085 4746.153846153847 4034.358974358975 4693.333333333334 4381.025641025642 4065.6410256410263 4478.461538461539 4589.743589743591 4383.589743589744 1615.0 1711.0 6.541 6.255375862121582 0.0 0.0 0.0 0.0  4  0  0  0  0  3  0  0  0  0  0  2  0  4 
6549 91.0 0.0 0.0 4505.641025641026 4047.692307692308 4429.2307692307695 4588.717948717949 4499.48717948718 4660.512820512821 4742.051282051282 4032.307692307693 4692.820512820514 4388.717948717949 4063.589743589744 4452.307692307693 4594.358974358975 4384.102564102564 1614.0 1713.0 6.549 6.505590915679932 0.0 0.0 0.0 0.0  4  0  0  0  0  4  0  0  0  0  0  2  0  4 
6556 92.0 0.0 0.0 4511.794871794872 4050.2564102564106 4440.512820512821 4608.717948717949 4507.6923076923085 4668.717948717949 4752.820512820514 4036.410256410257 4695.8974358974365 4386.153846153847 4065.1282051282055 4471.794871794872 4595.8974358974365 4382.051282051282 1615.0 1712.0 6.556 6.505590915679932 0.0 0.0 0.0 0.0  4  0  0  0  0  4  0  0  0  0  0  2  0  4 
6564 93.0 0.0 427.0 4507.6923076923085 4043.589743589744 4434.358974358975 4563.589743589744 4497.948717948719 4660.000000000001 4743.076923076924 4030.7692307692314 4692.307692307693 4387.179487179487 4065.1282051282055 4431.794871794872 4594.871794871796 4383.076923076924 1614.0 1712.0 6.564 6.505590915679932 0.0 0.0 0.0 0.0  4  0  0  0  0  4  0  0  0  0  0  2  0  4 
6572 94.0 0.0 0.0 4509.2307692307695 4056.410256410257 4457.948717948719 4605.641025641026 4522.051282051282 4693.333333333334 4767.179487179488 4051.7948717948725 4704.102564102564 4374.358974358975 4066.666666666667 4464.102564102564 4592.820512820514 4380.512820512821 1614.0 1712.0 6.572 6.505590915679932 0.0 0.0 0.0 0.0  4  0  0  0  0  4  0  0  0  0  0  2  0  4 
6580 95.0 0.0 0.0 4510.769230769231 4048.717948717949 4453.846153846154 4578.461538461539 4514.871794871796 4680.000000000001 4754.871794871796 4018.9743589743593 4685.128205128206 4239.48717948718 4062.564102564103 4383.076923076924 4591.794871794872 4380.512820512821 1614.0 1711.0 6.58 6.536867618560791 0.0 0.0 0.0 0.0  4  0  0  0  0  4  0  0  0  0  0  2  0  4 
6588 96.0 0.0 0.0 4496.923076923077 4028.717948717949 4414.358974358975 4422.051282051282 4481.025641025642 4637.435897435898 4724.615384615386 4021.0256410256416 4685.641025641026 4186.153846153847 4060.0000000000005 4252.307692307693 4607.6923076923085 4381.025641025642 1614.0 1711.0 6.588 6.536867618560791 0.0 0.0 0.0 0.0  4  0  0  0  0  4  0  0  0  0  0  2  0  4 
6596 97.0 0.0 427.0 4540.512820512821 4094.8717948717954 4529.743589743591 4742.564102564103 4587.179487179488 4779.48717948718 4836.923076923077 4090.2564102564106 4725.641025641026 4282.051282051282 4074.8717948717954 4539.48717948718 4586.666666666667 4376.410256410257 1614.0 1711.0 6.596 6.536867618560791 0.0 0.0 0.0 0.0  4  0  0  0  0  4  0  0  0  0  0  2  0  4 
6603 98.0 0.0 0.0 4568.717948717949 4115.384615384616 4578.461538461539 4939.48717948718 4623.076923076924 4825.128205128206 4866.153846153847 4054.358974358975 4705.641025641026 4266.153846153847 4081.0256410256416 4582.564102564103 4568.205128205129 4386.666666666667 1614.0 1712.0 6.603 6.536867618560791 0.0 0.0 0.0 0.0  4  0  0  0  0  4  0  0  0  0  0  2  0  4 
6611 99.0 0.0 0.0 4532.820512820514 4052.820512820513 4472.307692307693 4661.538461538462 4522.564102564103 4696.410256410257 4763.076923076924 3991.7948717948725 4670.256410256411 4164.102564102564 4068.717948717949 4236.923076923077 4590.256410256411 4398.461538461539 1614.0 1712.0 6.611 6.536867618560791 0.0 0.0 0.0 0.0  4  0  0  0  0  4  0  0  0  0  0  2  0  4 
6619 100.0 0.0 0.0 4498.461538461539 4018.9743589743593 4407.6923076923085 4440.512820512821 4470.256410256411 4627.6923076923085 4715.8974358974365 4006.1538461538466 4678.974358974359 4156.923076923077 4060.0000000000005 4057.435897435898 4608.717948717949 4390.769230769231 1615.0 1712.0 6.619 6.536867618560791 0.0 0.0 0.0 0.0  4  0  0  0  0  4  0  0  0  0  0  2  0  4 
6627 101.0 0.0 427.0 4515.384615384616 4051.2820512820517 4470.256410256411 4624.615384615385 4527.6923076923085 4700.512820512821 4776.410256410257 4044.1025641025644 4697.948717948719 4187.179487179487 4063.589743589744 4242.051282051282 4594.871794871796 4382.564102564103 1615.0 1712.0 6.627 6.536867618560791 0.0 0.0 0.0 0.0  4  0  0  0  0  4  0  0  0  0  0  2  0  4 
6635 102.0 0.0 0.0 4516.923076923077 4044.615384615385 4458.974358974359 4607.179487179488 4512.820512820514 4678.974358974359 4755.8974358974365 4008.717948717949 4676.923076923077 4182.564102564103 4057.9487179487182 4196.923076923077 4591.794871794872 4386.666666666667 1615.0 1711.0 6.635 6.536867618560791 0.0 0.0 0.0 0.0  4  0  0  0  0  4  0  0  0  0  0  2  0  4 
6643 103.0 0.0 0.0 