1918 13.0 0.0 0.0 4358.974358974359 4086.1538461538466 4376.923076923077 4482.051282051282 4487.6923076923085 4732.820512820514 4587.179487179488 4379.48717948718 4722.564102564103 4082.564102564103 3947.692307692308 4389.2307692307695 4628.205128205129 4410.256410256411 1611.0 1711.0 1.918 1.8766127824783325 0.0 0.0 0.0 0.0  1  0  0  0  0  0  0  0  0  0  0  0  0  0 
1926 14.0 0.0 0.0 4333.846153846154 4075.3846153846157 4373.846153846154 4477.435897435898 4488.717948717949 4734.871794871796 4585.641025641026 4381.025641025642 4722.564102564103 4082.0512820512827 3948.205128205129 4398.461538461539 4622.564102564103 4401.538461538462 1611.0 1712.0 1.926 1.8766127824783325 0.0 0.0 0.0 0.0  1  0  0  0  0  0  0  0  0  0  0  0  0  0 
1936 15.0 0.0 0.0 4318.461538461539 4073.8461538461543 4381.538461538462 4472.820512820514 4486.666666666667 4737.948717948719 4590.769230769231 4383.076923076924 4725.641025641026 4084.1025641025644 3948.205128205129 4395.384615384616 4617.435897435898 4394.871794871796 1612.0 1710.0 1.936 1.8766127824783325 0.0 0.0 0.0 0.0  1  0  0  0  0  0  0  0  0  0  0  0  0  0 
1942 16.0 0.0 0.0 4325.641025641026 4077.435897435898 4383.076923076924 4476.923076923077 4487.179487179488 4739.48717948718 4594.358974358975 4382.051282051282 4728.205128205129 4083.076923076924 3949.2307692307695 4389.743589743591 4617.948717948719 4394.871794871796 1612.0 1712.0 1.942 1.8766127824783325 0.0 0.0 0.0 0.0  1  0  0  0  0  0  0  0  0  0  0  0  0  0 
1950 17.0 0.0 0.0 4335.8974358974365 4082.564102564103 4386.153846153847 4483.589743589744 4491.282051282052 4735.8974358974365 4587.6923076923085 4381.025641025642 4725.128205128206 4078.9743589743593 3945.1282051282055 4373.846153846154 4618.974358974359 4393.846153846154 1611.0 1711.0 1.95 1.8766127824783325 0.0 0.0 0.0 0.0  1  0  0  0  0  0  0  0  0  0  0  0  0  0 
1957 18.0 0.0 0.0 4359.48717948718 4088.205128205129 4391.794871794872 4493.846153846154 4488.717948717949 4730.769230769231 4579.48717948718 4381.025641025642 4722.564102564103 4080.5128205128212 3937.435897435898 4339.48717948718 4620.512820512821 4395.8974358974365 1612.0 1711.0 1.957 1.8766127824783325 0.0 0.0 0.0 0.0  1  0  0  0  0  0  0  0  0  0  0  0  0  0 
1965 19.0 0.0 0.0 4388.717948717949 4092.820512820513 4383.076923076924 4509.743589743591 4489.2307692307695 4730.769230769231 4582.564102564103 4382.564102564103 4723.589743589744 4083.076923076924 3931.2820512820517 4291.282051282052 4619.48717948718 4396.923076923077 1611.0 1712.0 1.965 1.8766127824783325 0.0 0.0 0.0 0.0  1  0  0  0  0  0  0  0  0  0  0  0  0  0 
1973 20.0 0.0 0.0 4410.769230769231 4104.615384615385 4389.743589743591 4526.666666666667 4489.2307692307695 4725.128205128206 4592.820512820514 4381.025641025642 4724.102564102564 4082.0512820512827 3928.717948717949 4263.076923076924 4626.666666666667 4400.512820512821 1612.0 1711.0 1.973 1.8766127824783325 0.0 0.0 0.0 0.0  1  0  0  0  0  0  0  0  0  0  0  0  0  0 
1981 21.0 0.0 0.0 4405.641025641026 4112.307692307693 4385.128205128206 4534.358974358975 4491.794871794872 4723.076923076924 4596.923076923077 4382.051282051282 4725.641025641026 4081.538461538462 3920.5128205128212 4239.48717948718 4625.641025641026 4396.410256410257 1611.0 1710.0 1.981 1.8766127824783325 0.0 0.0 0.0 0.0  1  0  0  0  0  0  0  0  0  0  0  0  0  0 
1990 22.0 0.0 0.0 4413.333333333334 4115.384615384616 4377.435897435898 4531.794871794872 4489.2307692307695 4716.410256410257 4593.333333333334 4382.051282051282 4727.179487179488 4084.1025641025644 3924.1025641025644 4244.615384615385 4630.256410256411 4397.948717948719 1610.0 1710.0 1.99 1.8766127824783325 0.0 0.0 0.0 0.0  1  0  0  0  0  0  0  0  0  0  0  0  0  0 
1997 23.0 0.0 0.0 4397.435897435898 4109.2307692307695 4362.564102564103 4520.512820512821 4493.333333333334 4723.076923076924 4596.410256410257 4385.641025641026 4727.6923076923085 4082.564102564103 3928.717948717949 4261.025641025642 4628.717948717949 4392.820512820514 1611.0 1709.0 1.997 1.8766127824783325 0.0 0.0 0.0 0.0  1  0  0  0  0  0  0  0  0  0  0  0  0  0 
2004 24.0 0.0 0.0 4377.435897435898 4101.025641025642 4371.282051282052 4504.102564102564 4489.743589743591 4727.6923076923085 4605.128205128206 4385.128205128206 4727.179487179488 4082.0512820512827 3934.8717948717954 4309.743589743591 4630.769230769231 4391.794871794872 1611.0 1710.0 2.004 1.8766127824783325 0.0 0.0 0.0 0.0  1  0  0  0  0  0  0  0  0  0  0  0  0  0 
2012 25.0 0.0 0.0 4329.2307692307695 4086.1538461538466 4376.923076923077 4481.538461538462 4488.205128205129 4733.846153846154 4613.333333333334 4383.589743589744 4726.153846153847 4083.076923076924 3943.589743589744 4360.000000000001 4620.000000000001 4387.179487179487 1612.0 1710.0 2.012 1.8766127824783325 0.0 0.0 0.0 0.0  1  0  0  0  0  0  0  0  0  0  0  0  0  0 
2020 26.0 0.0 0.0 4310.256410256411 4074.8717948717954 4394.358974358975 4464.102564102564 4483.589743589744 4730.769230769231 4613.333333333334 4378.461538461539 4723.589743589744 4085.6410256410263 3958.9743589743593 4404.615384615385 4618.974358974359 4397.435897435898 1611.0 1711.0 2.02 1.8766127824783325 0.0 0.0 0.0 0.0  1  0  0  0  0  0  0  0  0  0  0  0  0  0 
2028 27.0 0.0 0.0 4309.2307692307695 4065.6410256410263 4393.846153846154 4461.025641025642 4486.666666666667 4736.410256410257 4607.6923076923085 4378.974358974359 4725.641025641026 4084.1025641025644 3956.410256410257 4413.333333333334 4617.948717948719 4403.076923076924 1611.0 1711.0 2.028 1.8766127824783325 0.0 0.0 0.0 0.0  1  0  0  0  0  0  0  0  0  0  0  0  0  0 
2037 28.0 0.0 0.0 4332.820512820514 4068.717948717949 4398.461538461539 4469.2307692307695 4486.153846153847 4736.923076923077 4600.000000000001 4379.48717948718 4726.153846153847 4080.0000000000005 3947.692307692308 4404.615384615385 4621.025641025642 4402.051282051282 1610.0 1712.0 2.037 1.8766127824783325 0.0 0.0 0.0 0.0  1  0  0  0  0  0  0  0  0  0  0  0  0  0 
2043 29.0 0.0 0.0 4350.256410256411 4078.9743589743593 4391.282051282052 4484.102564102564 4487.6923076923085 4735.8974358974365 4597.435897435898 4382.051282051282 4724.102564102564 4077.9487179487187 3943.076923076924 4375.384615384616 4619.48717948718 4401.538461538462 1611.0 1711.0 2.043 2.0017201900482178 0.0 0.0 0.0 0.0  1  0  0  0  0  0  0  0  0  0  0  0  0  0 
2052 30.0 0.0 0.0 4374.358974358975 4085.6410256410263 4372.820512820514 4500.000000000001 4486.666666666667 4728.717948717949 4597.948717948719 4384.102564102564 4723.589743589744 4079.48717948718 3942.564102564103 4344.102564102564 4622.564102564103 4408.717948717949 1611.0 1711.0 2.052 2.0017201900482178 0.0 0.0 0.0 0.0  1  0  0  0  0  0  0  0  0  0  0  0  0  0 
2059 31.0 0.0 0.0 4379.48717948718 4084.615384615385 4368.717948717949 4510.769230769231 4490.256410256411 4729.743589743591 4597.948717948719 4383.076923076924 4725.641025641026 4081.0256410256416 3933.8461538461543 4317.948717948719 4622.564102564103 4403.589743589744 1612.0 1710.0 2.059 2.0017201900482178 0.0 0.0 0.0 0.0  1  0  0  0  0  0  0  0  0  0  0  0  0  0 
2068 32.0 0.0 0.0 4392.307692307693 4103.076923076924 4406.153846153847 4517.948717948719 4489.2307692307695 4732.820512820514 4594.358974358975 4377.948717948719 4726.153846153847 4082.564102564103 3924.615384615385 4296.923076923077 4623.076923076924 4395.8974358974365 1611.0 1711.0 2.068 2.0017201900482178 0.0 0.0 0.0 0.0  1  0  0  0  0  0  0  0  0  0  0  0  0  0 
2076 33.0 0.0 0.0 4415.384615384616 4129.2307692307695 4437.948717948719 4528.205128205129 4483.589743589744 4726.666666666667 4596.410256410257 4373.846153846154 4723.589743589744 4083.589743589744 3925.6410256410263 4284.102564102564 4631.282051282052 4400.000000000001 1611.0 1711.0 2.076 2.0329971313476562 0.0 0.0 0.0 0.0  1  0  0  0  0  0  0  0  0  0  0  0  0  0 
2083 34.0 0.0 0.0 4401.538461538462 4122.051282051282 4424.615384615385 4526.666666666667 4483.076923076924 4724.102564102564 4610.256410256411 4376.923076923077 4721.538461538462 4083.076923076924 3932.307692307693 4283.076923076924 4631.282051282052 4398.461538461539 1611.0 1711.0 2.083 2.0329971313476562 0.0 0.0 0.0 0.0  1  0  0  0  0  0  0  0  0  0  0  0  0  0 
2090 35.0 0.0 0.0 4376.410256410257 4102.564102564103 4410.769230769231 4516.410256410257 4484.102564102564 4732.307692307693 4625.641025641026 4381.025641025642 4722.564102564103 4082.564102564103 3938.9743589743593 4303.076923076924 4626.153846153847 4395.384615384616 1612.0 1710.0 2.09 2.0329971313476562 0.0 0.0 0.0 0.0  1  0  0  0  0  0  0  0  0  0  0  0  0  0 
2098 36.0 0.0 0.0 4357.435897435898 4098.461538461539 4398.461538461539 4504.102564102564 4487.6923076923085 4741.025641025642 4633.333333333334 4385.641025641026 4724.615384615386 4080.0000000000005 3938.9743589743593 4324.102564102564 4621.025641025642 4393.846153846154 1611.0 1711.0 2.098 2.0329971313476562 0.0 0.0 0.0 0.0  1  0  0  0  0  0  0  0  0  0  0  0  0  0 
2106 37.0 0.0 0.0 4355.8974358974365 4094.8717948717954 4404.102564102564 4493.846153846154 4486.666666666667 4734.358974358975 4624.102564102564 4383.589743589744 4723.076923076924 4078.9743589743593 3942.564102564103 4341.025641025642 4624.102564102564 4397.435897435898 1612.0 1711.0 2.106 2.0329971313476562 0.0 0.0 0.0 0.0  1  0  0  0  0  0  0  0  0  0  0  0  0  0 
2114 38.0 0.0 0.0 4343.076923076924 4079.48717948718 4393.333333333334 4489.743589743591 4493.333333333334 4736.410256410257 4606.666666666667 4384.615384615385 4724.615384615386 4080.5128205128212 3940.5128205128212 4326.666666666667 4616.410256410257 4391.794871794872 1609.0 1711.0 2.114 2.0329971313476562 0.0 0.0 0.0 0.0  1  0  0  0  0  0  0  0  0  0  0  0  0  0 
2123 39.0 0.0 0.0 4372.307692307693 4088.717948717949 4391.794871794872 4502.051282051282 4489.743589743591 4734.871794871796 4599.48717948718 4382.051282051282 4728.205128205129 4081.0256410256416 3936.9230769230776 4313.333333333334 4623.589743589744 4397.948717948719 1611.0 1712.0 2.123 2.0329971313476562 0.0 0.0 0.0 0.0  1  0  0  0  0  0  0  0  0  0  0  0  0  0 
2131 40.0 0.0 0.0 4404.615384615385 4104.615384615385 4387.179487179487 4523.076923076924 4491.282051282052 4732.307692307693 4614.871794871796 4381.025641025642 4727.179487179488 4078.9743589743593 3922.0512820512827 4265.641025641026 4623.076923076924 4398.461538461539 1613.0 1710.0 2.131 2.0329971313476562 0.0 0.0 0.0 0.0  1  0  0  0  0  0  0  0  0  0  0  0  0  0 
2137 41.0 0.0 0.0 4428.717948717949 4111.794871794872 4404.615384615385 4545.128205128206 4490.256410256411 4720.512820512821 4620.512820512821 4380.512820512821 4723.589743589744 4081.0256410256416 3912.307692307693 4216.410256410257 4624.102564102564 4400.000000000001 1611.0 1712.0 2.137 2.0329971313476562 0.0 0.0 0.0 0.0  1  0  0  0  0  0  0  0  0  0  0  0  0  0 
2145 42.0 0.0 0.0 4432.820512820514 4115.384615384616 4407.179487179487 4558.461538461539 4489.743589743591 4717.948717948719 4613.333333333334 4380.512820512821 4725.128205128206 4083.589743589744 3907.1794871794878 4200.000000000001 4626.666666666667 4399.48717948718 1612.0 1711.0 2.145 2.0329971313476562 0.0 0.0 0.0 0.0  1  0  0  0  0  0  0  0  0  0  0  0  0  0 
2153 43.0 0.0 0.0 4428.205128205129 4116.923076923077 4404.102564102564 4549.743589743591 4485.641025641026 4717.435897435898 4608.717948717949 4378.974358974359 4727.179487179488 4084.615384615385 3914.358974358975 4232.307692307693 4629.743589743591 4402.051282051282 1611.0 1711.0 2.153 2.0329971313476562 0.0 0.0 0.0 0.0  1  0  0  0  0  0  0  0  0  0  0  0  0  0 
2161 44.0 0.0 0.0 4376.410256410257 4105.128205128206 4386.153846153847 4522.051282051282 4492.307692307693 4730.256410256411 4612.820512820514 4382.051282051282 4725.641025641026 4083.589743589744 3922.564102564103 4266.666666666667 4619.48717948718 4398.461538461539 1611.0 1711.0 2.161 2.0329971313476562 0.0 0.0 0.0 0.0  1  0  0  0  0  0  0  0  0  0  0  0  0  0 
2169 45.0 0.0 0.0 4342.564102564103 4087.692307692308 4384.615384615385 4500.512820512821 4494.358974358975 4736.410256410257 4622.051282051282 4382.564102564103 4723.589743589744 4083.589743589744 3932.820512820513 4314.871794871796 4618.461538461539 4394.871794871796 1611.0 1711.0 2.169 2.1268277168273926 0.0 0.0 0.0 0.0  1  0  0  0  0  0  0  0  0  0  0  0  0  0 
2176 46.0 0.0 0.0 4327.6923076923085 4075.8974358974365 4393.333333333334 4487.6923076923085 4491.794871794872 4736.923076923077 4630.256410256411 4383.076923076924 4724.615384615386 4082.564102564103 3942.564102564103 4362.564102564103 4616.410256410257 4390.769230769231 1612.0 1711.0 2.176 2.1268277168273926 0.0 0.0 0.0 0.0  1  0  0  0  0  0  0  0  0  0  0  0  0  0 
2184 47.0 0.0 0.0 4318.974358974359 4072.820512820513 4402.051282051282 4472.307692307693 4488.205128205129 4734.871794871796 4623.589743589744 4385.128205128206 4723.589743589744 4083.076923076924 3951.7948717948725 4386.666666666667 4613.333333333334 4390.256410256411 1610.0 1711.0 2.184 2.1268277168273926 0.0 0.0 0.0 0.0  1  0  0  0  0  0  0  0  0  0  0  0  0  0 
2193 48.0 0.0 0.0 4306.153846153847 4066.1538461538466 4396.410256410257 4459.48717948718 4487.6923076923085 4735.8974358974365 4612.820512820514 4384.615384615385 4723.076923076924 4083.076923076924 3957.435897435898 4402.564102564103 4615.384615384616 4393.333333333334 1610.0 1711.0 2.193 2.1268277168273926 0.0 0.0 0.0 0.0  1  0  0  0  0  0  0  0  0  0  0  0  0  0 
2200 49.0 0.0 0.0 4307.179487179487 4056.9230769230776 4390.256410256411 4457.948717948719 4485.641025641026 4737.435897435898 4612.820512820514 4383.589743589744 4722.564102564103 4082.0512820512827 3962.0512820512827 4421.538461538462 4616.410256410257 4394.871794871796 1610.0 1710.0 2.2 2.1268277168273926 0.0 0.0 0.0 0.0  1  0  0  0  0  0  0  0  0  0  0  0  0  0 
2208 50.0 0.0 0.0 4315.8974358974365 4058.9743589743593 4392.820512820514 4465.641025641026 4484.102564102564 4736.410256410257 4614.358974358975 4383.589743589744 4722.051282051282 4082.0512820512827 3963.589743589744 4423.589743589744 4616.923076923077 4395.384615384616 1611.0 1711.0 2.208 2.1268277168273926 0.0 0.0 0.0 0.0  1  0  0  0  0  0  0  0  0  0  0  0  0  0 
2216 51.0 0.0 0.0 4322.564102564103 4070.7692307692314 4397.435897435898 4474.358974358975 4485.641025641026 4735.8974358974365 4610.256410256411 4384.615384615385 4723.589743589744 4081.538461538462 3953.333333333334 4398.461538461539 4613.846153846154 4394.871794871796 1611.0 1710.0 2.216 2.1268277168273926 0.0 0.0 0.0 0.0  1  0  0  0  0  0  0  0  0  0  0  0  0  0 
2223 52.0 0.0 0.0 4343.589743589744 4077.9487179487187 4408.717948717949 4487.6923076923085 4483.076923076924 4731.794871794872 4604.615384615385 4381.025641025642 4726.153846153847 4080.0000000000005 3943.076923076924 4374.358974358975 4614.358974358975 4397.948717948719 1611.0 1711.0 2.223 2.1268277168273926 0.0 0.0 0.0 0.0  1  0  0  0  0  0  0  0  0  0  0  0  0  0 
2231 53.0 0.0 0.0 4358.974358974359 4082.0512820512827 4395.8974358974365 4499.48717948718 4485.128205128206 4732.307692307693 4602.051282051282 4378.974358974359 4726.153846153847 4078.9743589743593 3935.3846153846157 4344.102564102564 4615.384615384616 4397.435897435898 1612.0 1711.0 2.231 2.1268277168273926 0.0 0.0 0.0 0.0  1  0  0  0  0  0  0  0  0  0  0  0  0  0 
2239 54.0 0.0 0.0 4380.512820512821 4093.8461538461543 4393.846153846154 4508.205128205129 4485.641025641026 4725.641025641026 4598.461538461539 4380.000000000001 4722.051282051282 4081.538461538462 3933.8461538461543 4323.076923076924 4623.076923076924 4400.512820512821 1610.0 1711.0 2.239 2.1268277168273926 0.0 0.0 0.0 0.0  1  0  0  0  0  0  0  0  0  0  0  0  0  0 
2247 55.0 0.0 0.0 4375.8974358974365 4091.2820512820517 4394.871794871796 4511.794871794872 4491.794871794872 4726.153846153847 4597.948717948719 4386.153846153847 4722.564102564103 4083.076923076924 3929.7435897435903 4311.794871794872 4615.8974358974365 4394.871794871796 1611.0 1712.0 2.247 2.1268277168273926 0.0 0.0 0.0 0.0  1  0  0  0  0  0  0  0  0  0  0  0  0  0 
2255 56.0 0.0 0.0 4378.974358974359 4082.0512820512827 4398.974358974359 4507.6923076923085 4487.6923076923085 4724.102564102564 4604.102564102564 4383.589743589744 4724.615384615386 4082.564102564103 3936.410256410257 4330.769230769231 4616.923076923077 4397.435897435898 1611.0 1711.0 2.255 2.1268277168273926 0.0 0.0 0.0 0.0  1  0  0  0  0  0  0  0  0  0  0  0  0  0 
2263 57.0 0.0 0.0 4358.461538461539 4074.358974358975 4390.256410256411 4494.358974358975 4488.717948717949 4730.769230769231 4616.923076923077 4383.589743589744 4723.589743589744 4080.0000000000005 3938.9743589743593 4339.48717948718 4613.846153846154 4393.846153846154 1612.0 1712.0 2.263 2.1268277168273926 0.0 0.0 0.0 0.0  1  0  0  0  0  0  0  0  0  0  0  0  0  0 
2270 58.0 0.0 0.0 4345.128205128206 4069.23076923077 4415.384615384616 4484.102564102564 4489.2307692307695 4729.743589743591 4617.948717948719 4384.102564102564 4721.025641025642 4081.538461538462 3941.538461538462 4359.48717948718 4615.384615384616 4389.743589743591 1611.0 1712.0 2.27 2.1268277168273926 0.0 0.0 0.0 0.0  1  0  0  0  0  0  0  0  0  0  0  0  0  0 
2278 59.0 0.0 0.0 4320.512820512821 4063.076923076924 4411.794871794872 4475.384615384616 4491.794871794872 4734.871794871796 4610.769230769231 4385.641025641026 4724.615384615386 4083.076923076924 3946.1538461538466 4380.000000000001 4610.769230769231 4385.128205128206 1611.0 1711.0 2.278 2.1268277168273926 0.0 0.0 0.0 0.0  1  0  0  0  0  0  0  0  0  0  0  0  0  0 
2286 60.0 0.0 0.0 4318.461538461539 4070.2564102564106 4394.358974358975 4468.717948717949 4485.128205128206 4732.820512820514 4608.205128205129 4384.615384615385 4726.153846153847 4081.538461538462 3953.333333333334 4396.923076923077 4614.358974358975 4393.333333333334 1612.0 1711.0 2.286 2.1268277168273926 0.0 0.0 0.0 0.0  1  0  0  0  0  0  0  0  0  0  0  0  0  0 
2294 61.0 0.0 0.0 4328.717948717949 4074.8717948717954 4384.102564102564 4481.025641025642 4487.179487179488 4732.820512820514 4605.641025641026 4387.179487179487 4724.615384615386 4080.0000000000005 3945.6410256410263 4372.820512820514 4612.820512820514 4395.384615384616 1612.0 1712.0 2.294 2.2519352436065674 0.0 0.0 0.0 0.0  1  0  0  0  0  0  0  0  0  0  0  0  0  0 
2302 62.0 0.0 0.0 4357.435897435898 4078.9743589743593 4384.102564102564 4501.538461538462 4490.769230769231 4727.179487179488 4595.8974358974365 4385.641025641026 4725.128205128206 4082.564102564103 3936.9230769230776 4339.48717948718 4615.384615384616 4395.384615384616 1612.0 1710.0 2.302 2.2519352436065674 0.0 0.0 0.0 0.0  1  0  0  0  0  0  0  0  0  0  0  0  0  0 
2309 63.0 0.0 0.0 4372.307692307693 4085.6410256410263 4386.666666666667 4511.282051282052 4489.743589743591 4726.153846153847 4593.846153846154 4384.102564102564 4726.153846153847 4082.564102564103 3932.820512820513 4310.256410256411 4616.410256410257 4396.923076923077 1611.0 1712.0 2.309 2.2519352436065674 0.0 0.0 0.0 0.0  1  0  0  0  0  0  0  0  0  0  0  0  0  0 
2317 64.0 0.0 0.0 4385.641025641026 4092.820512820513 4412.820512820514 4518.974358974359 4486.153846153847 4726.153846153847 4594.871794871796 4383.589743589744 4724.615384615386 4079.48717948718 3927.1794871794878 4279.48717948718 4616.923076923077 4398.974358974359 1613.0 1711.0 2.317 2.2519352436065674 0.0 0.0 0.0 0.0  1  0  0  0  0  0  0  0  0  0  0  0  0  0 
2325 65.0 0.0 0.0 4395.8974358974365 4090.7692307692314 4421.025641025642 4531.794871794872 4485.128205128206 4723.076923076924 4597.435897435898 4381.538461538462 4725.641025641026 4079.48717948718 3923.589743589744 4256.923076923077 4616.923076923077 4397.948717948719 1611.0 1710.0 2.325 2.2519352436065674 0.0 0.0 0.0 0.0  1  0  0  0  0  0  0  0  0  0  0  0  0  0 
2333 66.0 0.0 0.0 4394.358974358975 4086.666666666667 4398.974358974359 4534.871794871796 4486.666666666667 4718.974358974359 4598.461538461539 4381.025641025642 4725.641025641026 4083.076923076924 3928.205128205129 4259.48717948718 4616.410256410257 4397.948717948719 1612.0 1710.0 2.333 2.2519352436065674 0.0 0.0 0.0 0.0  1  0  0  0  0  0  0  0  0  0  0  0  0  0 
2341 67.0 0.0 0.0 4377.435897435898 4086.666666666667 4394.871794871796 4524.102564102564 4483.589743589744 4718.974358974359 4596.410256410257 4380.512820512821 4722.564102564103 4082.564102564103 3940.0000000000005 4290.256410256411 4621.538461538462 4401.538461538462 1611.0 1710.0 2.341 2.2519352436065674 0.0 0.0 0.0 0.0  1  0  0  0  0  0  0  0  0  0  0  0  0  0 
2349 68.0 0.0 0.0 4346.153846153847 4080.0000000000005 4395.8974358974365 4506.666666666667 4483.589743589744 4728.205128205129 4593.333333333334 4382.564102564103 4723.589743589744 4081.538461538462 3944.1025641025644 4315.384615384616 4617.948717948719 4396.410256410257 1611.0 1711.0 2.349 2.2519352436065674 0.0 0.0 0.0 0.0  1  0  0  0  0  0  0  0  0  0  0  0  0  0 
2356 69.0 0.0 0.0 4334.871794871796 4067.1794871794878 4406.153846153847 4493.333333333334 4484.102564102564 4728.205128205129 4591.282051282052 4381.538461538462 4726.153846153847 4084.1025641025644 3946.666666666667 4351.794871794872 4616.923076923077 4394.358974358975 1611.0 1710.0 2.356 2.2519352436065674 0.0 0.0 0.0 0.0  1  0  0  0  0  0  0  0  0  0  0  0  0  0 
2364 70.0 0.0 0.0 4309.2307692307695 4055.8974358974365 4419.48717948718 4483.076923076924 4486.666666666667 4730.769230769231 4595.384615384616 4381.025641025642 4726.153846153847 4082.564102564103 3948.717948717949 4383.076923076924 4610.769230769231 4390.256410256411 1611.0 1711.0 2.364 2.2519352436065674 0.0 0.0 0.0 0.0  1  0  0  0  0  0  0  0  0  0  0  0  0  0 
2372 71.0 0.0 0.0 4298.461538461539 4057.435897435898 4444.615384615385 4473.846153846154 4481.025641025642 4727.6923076923085 4597.435897435898 4378.974358974359 4724.102564102564 4080.0000000000005 3956.9230769230776 4406.666666666667 4612.820512820514 4391.282051282052 1610.0 1711.0 2.372 2.2519352436065674 0.0 0.0 0.0 0.0  1  0  0  0  0  0  0  0  0  0  0  0  0  0 
2381 72.0 0.0 0.0 4297.948717948719 4057.9487179487182 4423.589743589744 4469.2307692307695 4487.6923076923085 4731.794871794872 4594.871794871796 4383.589743589744 4724.615384615386 4080.5128205128212 3949.7435897435903 4398.974358974359 4607.179487179488 4386.666666666667 1611.0 1712.0 2.381 2.2519352436065674 0.0 0.0 0.0 0.0  1  0  0  0  0  0  0  0  0  0  0  0  0  0 
2388 73.0 0.0 0.0 4322.051282051282 4061.538461538462 4395.8974358974365 4472.820512820514 4491.282051282052 4731.282051282052 4588.717948717949 4385.128205128206 4724.102564102564 4083.589743589744 3942.0512820512827 4395.8974358974365 4609.743589743591 4389.743589743591 1611.0 1710.0 2.388 2.2519352436065674 0.0 0.0 0.0 0.0  1  0  0  0  0  0  0  0  0  0  0  0  0  0 
2395 74.0 0.0 0.0 4318.974358974359 4061.0256410256416 4371.794871794872 4472.307692307693 4492.307692307693 4734.871794871796 4587.179487179488 4385.641025641026 4725.641025641026 4083.076923076924 3941.538461538462 4390.769230769231 4609.743589743591 4388.205128205129 1610.0 1712.0 2.395 2.2519352436065674 0.0 0.0 0.0 0.0  1  0  0  0  0  0  0  0  0  0  0  0  0  0 
2403 75.0 0.0 0.0 4320.000000000001 4062.564102564103 4379.48717948718 4470.256410256411 4489.743589743591 4729.2307692307695 4583.589743589744 4385.128205128206 4724.615384615386 4082.0512820512827 3947.1794871794878 4395.384615384616 4613.333333333334 4391.794871794872 1612.0 1711.0 2.403 2.2519352436065674 0.0 0.0 0.0 0.0  1  0  0  0  0  0  0  0  0  0  0  0  0  0 
2411 76.0 0.0 0.0 4308.717948717949 4061.538461538462 4371.794871794872 4469.2307692307695 4495.384615384616 4729.743589743591 4576.410256410257 4387.179487179487 4724.102564102564 4081.538461538462 3944.1025641025644 4388.717948717949 4606.666666666667 4389.743589743591 1611.0 1710.0 2.411 2.2519352436065674 0.0 0.0 0.0 0.0  1  0  0  0  0  0  0  0  0  0  0  0  0  0 
2419 77.0 0.0 0.0 4317.948717948719 4061.538461538462 4365.128205128206 4465.128205128206 4490.769230769231 4732.307692307693 4569.743589743591 4385.641025641026 4725.128205128206 4081.538461538462 3947.692307692308 4392.307692307693 4608.717948717949 4389.2307692307695 1612.0 1712.0 2.419 2.377042770385742 0.0 0.0 0.0 0.0  1  0  0  0  0  0  0  0  0  0  0  0  0  0 
2427 78.0 0.0 0.0 4316.923076923077 4061.0256410256416 4361.025641025642 4462.051282051282 4488.205128205129 4735.384615384616 4569.2307692307695 4386.666666666667 4724.102564102564 4081.538461538462 3953.8461538461543 4391.794871794872 4612.820512820514 4387.179487179487 1611.0 1711.0 2.427 2.377042770385742 0.0 0.0 0.0 0.0  1  0  0  0  0  0  0  0  0  0  0  0  0  0 
2435 79.0 0.0 0.0 4311.794871794872 4065.1282051282055 4370.769230769231 4467.179487179487 4490.769230769231 4729.2307692307695 4573.333333333334 4388.205128205129 4722.051282051282 4081.538461538462 3952.820512820513 4386.666666666667 4613.846153846154 4389.2307692307695 1611.0 1711.0 2.435 2.377042770385742 0.0 0.0 0.0 0.0  1  0  0  0  0  0  0  0  0  0  0  0  0  0 
2442 80.0 0.0 0.0 4320.512820512821 4068.717948717949 4377.948717948719 4478.974358974359 4491.794871794872 4729.743589743591 4568.205128205129 4387.179487179487 4724.102564102564 4081.0256410256416 3946.1538461538466 4374.358974358975 4608.205128205129 4389.743589743591 1611.0 1710.0 2.442 2.377042770385742 0.0 0.0 0.0 0.0  1  0  0  0  0  0  0  0  0  0  0  0  0  0 
2450 81.0 0.0 0.0 4337.948717948719 4070.7692307692314 4384.102564102564 4485.641025641026 4487.6923076923085 4731.282051282052 4555.8974358974365 4387.6923076923085 4725.641025641026 4081.0256410256416 3942.0512820512827 4357.435897435898 4610.256410256411 4389.2307692307695 1611.0 1711.0 2.45 2.377042770385742 0.0 0.0 0.0 0.0  1  0  0  0  0  0  0  0  0  0  0  0  0  0 
2458 82.0 0.0 0.0 4347.6923076923085 4070.2564102564106 4391.282051282052 4487.6923076923085 4486.153846153847 4726.153846153847 4557.435897435898 4385.641025641026 4724.102564102564 4081.538461538462 3941.538461538462 4345.641025641026 4616.923076923077 4392.307692307693 1612.0 1710.0 2.458 2.377042770385742 0.0 0.0 0.0 0.0  1  0  0  0  0  0  0  0  0  0  0  0  0  0 
2466 83.0 0.0 0.0 4350.256410256411 4069.7435897435903 4386.153846153847 4488.717948717949 4489.2307692307695 4725.641025641026 4562.051282051282 4384.102564102564 4724.615384615386 4081.0256410256416 3938.461538461539 4335.8974358974365 4614.871794871796 4395.8974358974365 1611.0 1711.0 2.466 2.377042770385742 0.0 0.0 0.0 0.0  1  0  0  0  0  0  0  0  0  0  0  0  0  0 
2474 84.0 0.0 0.0 4361.025641025642 4070.7692307692314 4380.512820512821 4496.410256410257 4488.205128205129 4727.6923076923085 4561.025641025642 4383.076923076924 4724.102564102564 4079.48717948718 3937.9487179487182 4336.923076923077 4616.410256410257 4403.076923076924 1612.0 1711.0 2.474 2.377042770385742 0.0 0.0 0.0 0.0  1  0  0  0  0  0  0  0  0  0  0  0  0  0 
2481 85.0 0.0 0.0 4358.461538461539 4071.2820512820517 4373.846153846154 4505.128205128206 4491.794871794872 4726.153846153847 4560.000000000001 4385.128205128206 4724.615384615386 4078.461538461539 3935.3846153846157 4323.076923076924 4615.8974358974365 4401.025641025642 1612.0 1712.0 2.481 2.377042770385742 0.0 0.0 0.0 0.0  1  0  0  0  0  0  0  0  0  0  0  0  0  0 
2489 86.0 0.0 0.0 4364.615384615385 4073.333333333334 4381.538461538462 4509.2307692307695 4489.2307692307695 4719.48717948718 4559.48717948718 4383.589743589744 4726.153846153847 4079.48717948718 3937.9487179487182 4314.871794871796 4621.025641025642 4401.538461538462 1612.0 1711.0 2.489 2.377042770385742 0.0 0.0 0.0 0.0  1  0  0  0  0  0  0  0  0  0  0  0  0  0 
2497 87.0 0.0 0.0 4357.948717948719 4074.8717948717954 4378.974358974359 4508.205128205129 4489.743589743591 4724.102564102564 4560.000000000001 4385.128205128206 4727.6923076923085 4082.564102564103 3933.8461538461543 4300.512820512821 4615.384615384616 4396.410256410257 1612.0 1711.0 2.497 2.377042770385742 0.0 0.0 0.0 0.0  1  0  0  0  0  0  0  0  0  0  0  0  0  0 
2505 88.0 0.0 0.0 4361.025641025642 4080.5128205128212 4391.282051282052 4510.769230769231 4489.2307692307695 4718.974358974359 4568.205128205129 4384.615384615385 4726.153846153847 4085.1282051282055 3931.7948717948725 4300.000000000001 4616.923076923077 4393.846153846154 1612.0 1710.0 2.505 2.377042770385742 0.0 0.0 0.0 0.0  1  0  0  0  0  0  0  0  0  0  0  0  0  0 
2513 89.0 0.0 0.0 4346.666666666667 4077.435897435898 4388.717948717949 4508.717948717949 4493.333333333334 4722.051282051282 4577.435897435898 4385.128205128206 4725.641025641026 4082.564102564103 3931.2820512820517 4297.435897435898 4614.358974358975 4384.615384615385 1612.0 1712.0 2.513 2.377042770385742 0.0 0.0 0.0 0.0  1  0  0  0  0  0  0  0  0  0  0  0  0  0 
2521 90.0 0.0 0.0 4343.076923076924 4074.358974358975 4392.820512820514 4501.538461538462 4488.717948717949 4723.589743589744 4573.333333333334 4383.589743589744 4726.153846153847 4081.538461538462 3940.0000000000005 4318.974358974359 4618.461538461539 4385.128205128206 1612.0 1711.0 2.521 2.377042770385742 0.0 0.0 0.0 0.0  1  0  0  0  0  0  0  0  0  0  0  0  0  0 
2528 91.0 0.0 0.0 4326.666666666667 4067.1794871794878 4386.153846153847 4488.205128205129 4491.282051282052 4728.717948717949 4573.846153846154 4385.128205128206 4726.153846153847 4083.589743589744 3942.564102564103 4342.564102564103 4614.871794871796 4385.128205128206 1611.0 1712.0 2.528 2.377042770385742 0.0 0.0 0.0 0.0  1  0  0  0  0  0  0  0  0  0  0  0  0  0 
2536 92.0 0.0 0.0 4324.102564102564 4063.589743589744 4392.820512820514 4476.923076923077 4489.743589743591 4722.564102564103 4573.846153846154 4383.076923076924 4725.128205128206 4084.615384615385 3944.1025641025644 4370.769230769231 4614.358974358975 4390.769230769231 1612.0 1710.0 2.536 2.377042770385742 0.0 0.0 0.0 0.0  1  0  0  0  0  0  0  0  0  0  0  0  0  0 
2544 93.0 0.0 0.0 4308.717948717949 4057.435897435898 4389.743589743591 4471.794871794872 4486.666666666667 4724.102564102564 4563.076923076924 4384.615384615385 4723.589743589744 4081.538461538462 3945.1282051282055 4381.025641025642 4609.743589743591 4391.794871794872 1610.0 1711.0 2.544 2.502150297164917 0.0 0.0 0.0 0.0  1  0  0  0  0  0  0  0  0  0  0  0  0  0 
2552 94.0 0.0 0.0 4309.2307692307695 4057.435897435898 4392.820512820514 4473.333333333334 4482.564102564103 4725.641025641026 4551.282051282052 4386.153846153847 4722.564102564103 4079.48717948718 3950.7692307692314 4388.717948717949 4612.820512820514 4395.384615384616 1612.0 1711.0 2.552 2.502150297164917 0.0 0.0 0.0 0.0  1  0  0  0  0  0  0  0  0  0  0  0  0  0 
2560 95.0 0.0 0.0 4309.2307692307695 4060.0000000000005 4396.410256410257 4475.8974358974365 4486.666666666667 4727.6923076923085 4551.282051282052 4385.128205128206 4723.076923076924 4080.5128205128212 3950.7692307692314 4386.666666666667 4613.333333333334 4396.410256410257 1610.0 1710.0 2.56 2.502150297164917 0.0 0.0 0.0 0.0  1  0  0  0  0  0  0  0  0  0  0  0  0  0 
2569 96.0 0.0 0.0 4313.333333333334 4067.692307692308 4406.153846153847 4481.025641025642 4485.641025641026 4726.153846153847 4549.2307692307695 4382.564102564103 4724.615384615386 4082.564102564103 3948.205128205129 4382.564102564103 4613.846153846154 4397.435897435898 1612.0 1711.0 2.569 2.502150297164917 0.0 0.0 0.0 0.0  1  0  0  0  0  0  0  0  0  0  0  0  0  0 
2576 97.0 0.0 0.0 4320.000000000001 4072.820512820513 4410.256410256411 4489.2307692307695 4479.48717948718 4727.179487179488 4542.051282051282 4382.051282051282 4724.615384615386 4082.564102564103 3950.2564102564106 4376.410256410257 4617.435897435898 4398.461538461539 1611.0 1710.0 2.576 2.5334272384643555 0.0 0.0 0.0 0.0  1  0  0  0  0  0  0  0  0  0  0  0  0  0 
2584 98.0 0.0 0.0 4326.666666666667 4075.3846153846157 4398.974358974359 4493.846153846154 4483.076923076924 4729.2307692307695 4546.153846153847 4383.589743589744 4723.076923076924 4082.564102564103 3947.692307692308 4363.076923076924 4614.871794871796 4396.923076923077 1612.0 1712.0 2.584 2.5334272384643555 0.0 0.0 0.0 0.0  1  0  0  0  0  0  0  0  0  0  0  0  0  0 
2591 99.0 0.0 0.0 4352.820512820514 4083.589743589744 4392.820512820514 4497.435897435898 4486.153846153847 4724.102564102564 4550.769230769231 4381.025641025642 4723.076923076924 4085.1282051282055 3944.615384615385 4359.48717948718 4614.358974358975 4398.461538461539 1612.0 1712.0 2.591 2.5334272384643555 0.0 0.0 0.0 0.0  1  0  0  0  0  0  0  0  0  0  0  0  0  0 
2600 100.0 0.0 0.0 4377.948717948719 4091.2820512820517 4388.205128205129 4504.615384615385 4481.538461538462 4721.025641025642 4543.589743589744 4381.025641025642 4722.051282051282 4083.589743589744 3944.1025641025644 4355.8974358974365 4617.948717948719 4401.538461538462 1612.0 1711.0 2.6 2.5334272384643555 0.0 0.0 0.0 0.0  1  0  0  0  0  0  0  0  0  0  0  0  0  0 
2607 101.0 0.0 0.0 4392.307692307693 4096.410256410257 4386.666666666667 4513.333333333334 4481.025641025642 4721.025641025642 4543.589743589744 4380.512820512821 4722.051282051282 4081.0256410256416 3943.076923076924 4347.6923076923085 4623.589743589744 4406.153846153847 1611.0 1711.0 2.607 2.5334272384643555 0.0 0.0 0.0 0.0  1  0  0  0  0  0  0  0  0  0  0  0  0  0 
2614 102.0 0.0 0.0 4381.025641025642 4097.948717948719 4382.564102564103 4514.358974358975 4490.769230769231 4726.666666666667 4547.179487179488 4379.48717948718 4724.615384615386 4081.0256410256416 3933.333333333334 4330.769230769231 4617.435897435898 4400.512820512821 1611.0 1712.0 2.614 2.5334272384643555 0.0 0.0 0.0 0.0  1  0  0  0  0  0  0  0  0  0  0  0  0  0 
2623 103.0 0.0 0.0 4379.48717948718 4102.051282051282 4403.076923076924 4512.307692307693 4487.6923076923085 4723.589743589744 4541.025641025642 4374.871794871796 4722.564102564103 4082.564102564103 3932.820512820513 4337.435897435898 4620.512820512821 4400.512820512821 1612.0 1711.0 2.623 2.5334272384643555 0.0 0.0 0.0 0.0  1  0  0  0  0  0  0  0  0  0  0  0  0  0 
2630 104.0 0.0 0.0 4360.512820512821 4101.025641025642 4413.333333333334 4509.743589743591 4484.102564102564 4727.179487179488 4541.538461538462 4375.384615384616 4721.538461538462 4080.5128205128212 3935.8974358974365 4337.948717948719 4618.461538461539 4399.48717948718 1610.0 1711.0 2.63 2.5334272384643555 0.0 0.0 0.0 0.0  1  0  0  0  0  0  0  0  0  0  0  0  0  0 
2638 105.0 0.0 0.0 4354.871794871796 4104.615384615385 4422.051282051282 4509.2307692307695 4482.051282051282 4727.179487179488 4546.666666666667 4374.871794871796 4720.512820512821 4078.9743589743593 3939.48717948718 4342.051282051282 4622.051282051282 4400.000000000001 1612.0 1710.0 2.638 2.5334272384643555 0.0 0.0 0.0 0.0  1  0  0  0  0  0  0  0  0  0  0  0  0  0 
2646 106.0 0.0 0.0 4350.256410256411 4106.666666666667 4416.923076923077 4510.769230769231 4484.102564102564 4730.256410256411 4545.641025641026 4376.410256410257 4720.512820512821 4079.48717948718 3937.435897435898 4340.512820512821 4618.974358974359 4395.384615384616 1611.0 1710.0 2.646 2.5334272384643555 0.0 0.0 0.0 0.0  1  0  0  0  0  0  0  0  0  0  0  0  0  0 
2655 107.0 0.0 0.0 4361.538461538462 4107.179487179487 4422.051282051282 4514.358974358975 4481.025641025642 4727.6923076923085 4544.615384615385 4374.871794871796 4721.025641025642 4081.538461538462 3939.48717948718 4341.025641025642 4623.076923076924 4400.000000000001 1612.0 1711.0 2.655 2.5334272384643555 0.0 0.0 0.0 0.0  1  0  0  0  0  0  0  0  0  0  0  0  0  0 
2662 108.0 0.0 0.0 4366.153846153847 4104.615384615385 4413.333333333334 4515.8974358974365 4482.564102564103 4730.769230769231 4548.717948717949 4377.435897435898 4722.564102564103 4080.5128205128212 3938.9743589743593 4330.256410256411 4622.051282051282 4402.564102564103 1612.0 1710.0 2.662 2.5334272384643555 0.0 0.0 0.0 0.0  1  0  0  0  0  0  0  0  0  0  0  0  0  0 
2669 109.0 0.0 0.0 4380.512820512821 4109.74358974359 4413.846153846154 4518.461538461539 4481.025641025642 4728.717948717949 4546.153846153847 4376.923076923077 4721.025641025642 4080.0000000000005 3940.5128205128212 4334.358974358975 4624.102564102564 4403.589743589744 1611.0 1711.0 2.669 2.627257823944092 0.0 0.0 0.0 0.0  1  0  0  0  0  0  0  0  0  0  0  0  0  0 
2678 110.0 0.0 0.0 4375.8974358974365 4110.256410256411 4412.307692307693 4518.974358974359 4483.589743589744 4729.743589743591 4558.461538461539 4373.846153846154 4721.538461538462 4080.0000000000005 3938.9743589743593 4337.948717948719 4622.051282051282 4400.000000000001 1612.0 1710.0 2.678 2.627257823944092 0.0 0.0 0.0 0.0  1  0  0  0  0  0  0  0  0  0  0  0  0  0 
2686 111.0 0.0 0.0 4381.538461538462 4112.307692307693 4417.948717948719 4519.48717948718 4482.564102564103 4728.717948717949 4569.743589743591 4372.307692307693 4722.051282051282 4083.076923076924 3939.48717948718 4343.589743589744 4623.076923076924 4405.641025641026 1611.0 1711.0 2.686 2.627257823944092 0.0 0.0 0.0 0.0  1  0  0  0  0  0  0  0  0  0  0  0  0  0 
2693 112.0 0.0 0.0 4387.179487179487 4115.8974358974365 4417.435897435898 4524.102564102564 4482.051282051282 4732.820512820514 4555.8974358974365 4372.820512820514 4718.974358974359 4084.615384615385 3937.9487179487182 4344.615384615385 4620.512820512821 4409.2307692307695 1611.0 1711.0 2.693 2.627257823944092 0.0 0.0 0.0 0.0  1  0  0  0  0  0  0  0  0  0  0  0  0  0 
2700 113.0 0.0 0.0 4384.102564102564 4118.974358974359 4425.128205128206 4525.641025641026 4485.128205128206 4731.282051282052 4541.538461538462 4369.2307692307695 4718.461538461539 4081.538461538462 3933.8461538461543 4341.025641025642 4619.48717948718 4406.666666666667 1611.0 1711.0 2.7 2.627257823944092 0.0 0.0 0.0 0.0  1  0  0  0  0  0  0  0  0  0  0  0  0  0 
2709 114.0 0.0 0.0 4386.153846153847 4123.076923076924 4435.8974358974365 4529.2307692307695 4485.641025641026 4728.717948717949 4545.641025641026 4368.717948717949 4721.025641025642 4080.0000000000005 3929.2307692307695 4326.666666666667 4624.615384615385 4406.153846153847 1611.0 1710.0 2.709 2.627257823944092 0.0 0.0 0.0 0.0  1  0  0  0  0  0  0  0  0  0  0  0  0  0 
2716 115.0 0.0 0.0 4391.282051282052 4126.153846153847 4430.256410256411 4535.384615384616 4484.102564102564 4734.871794871796 4552.307692307693 4373.333333333334 4721.025641025642 4082.0512820512827 3928.205128205129 4306.153846153847 4624.615384615385 4404.102564102564 1611.0 1711.0 2.716 2.627257823944092 0.0 0.0 0.0 0.0  1  0  0  0  0  0  0  0  0  0  0  0  0  0 
2724 116.0 0.0 0.0 4398.461538461539 4127.6923076923085 4425.641025641026 4539.48717948718 4481.025641025642 4737.435897435898 4557.948717948719 4370.769230769231 4720.512820512821 4083.589743589744 3932.820512820513 4302.564102564103 4628.717948717949 4405.128205128206 1612.0 1711.0 2.724 2.627257823944092 0.0 0.0 0.0 0.0  1  0  0  0  0  0  0  0  0  0  0  0  0  0 
2732 117.0 0.0 0.0 4390.769230769231 4120.512820512821 4413.846153846154 4532.820512820514 4485.641025641026 4737.435897435898 4564.102564102564 4372.820512820514 4722.051282051282 4081.0256410256416 3931.2820512820517 4299.48717948718 4625.128205128206 4403.076923076924 1611.0 1711.0 2.732 2.627257823944092 0.0 0.0 0.0 0.0  1  0  0  0  0  0  0  0  0  0  0  0  0  0 
2740 118.0 0.0 0.0 4388.205128205129 4115.384615384616 4409.743589743591 4525.641025641026 4485.128205128206 4734.358974358975 4558.974358974359 4377.435897435898 4723.076923076924 4079.48717948718 3933.8461538461543 4311.794871794872 4623.589743589744 4402.051282051282 1612.0 1712.0 2.74 2.627257823944092 0.0 0.0 0.0 0.0  1  0  0  0  0  0  0  0  0  0  0  0  0  0 
2747 119.0 0.0 0.0 4366.153846153847 4102.051282051282 4403.076923076924 4514.871794871796 4487.6923076923085 4739.48717948718 4560.000000000001 4378.974358974359 4723.589743589744 4080.5128205128212 3934.358974358975 4322.564102564103 4619.48717948718 4394.871794871796 1612.0 1711.0 2.747 2.627257823944092 0.0 0.0 0.0 0.0  1  0  0  0  0  0  0  0  0  0  0  0  0  0 
2755 120.0 0.0 0.0 4350.769230769231 4088.205128205129 4418.461538461539 4501.025641025642 4483.076923076924 4733.846153846154 4566.666666666667 4376.923076923077 4724.615384615386 4083.589743589744 3938.9743589743593 4349.2307692307695 4624.102564102564 4395.384615384616 1611.0 1712.0 2.755 2.627257823944092 0.0 0.0 0.0 0.0  1  0  0  0  0  0  0  0  0  0  0  0  0  0 
2763 121.0 0.0 0.0 4322.564102564103 4072.307692307693 4408.717948717949 4485.641025641026 4485.641025641026 4735.8974358974365 4567.179487179488 4384.615384615385 4726.153846153847 4083.589743589744 3942.564102564103 4368.205128205129 4612.307692307693 4390.769230769231 1612.0 1711.0 2.763 2.627257823944092 0.0 0.0 0.0 0.0  1  0  0  0  0  0  0  0  0  0  0  0  0  0 
2771 122.0 0.0 0.0 4310.256410256411 4063.076923076924 4404.102564102564 4473.333333333334 4488.205128205129 4736.410256410257 4565.641025641026 4387.179487179487 4725.641025641026 4082.564102564103 3950.2564102564106 4396.923076923077 4607.179487179488 4392.307692307693 1611.0 1711.0 2.771 2.627257823944092 0.0 0.0 0.0 0.0  1  0  0  0  0  0  0  0  0  0  0  0  0  0 
2779 123.0 0.0 0.0 4283.076923076924 4052.820512820513 4392.820512820514 4463.589743589744 4491.794871794872 4742.564102564103 4573.846153846154 4387.6923076923085 4725.641025641026 4080.5128205128212 3950.7692307692314 4413.333333333334 4605.641025641026 4390.256410256411 1613.0 1712.0 2.779 2.627257823944092 0.0 0.0 0.0 0.0  1  0  0  0  0  0  0  0  0  0  0  0  0  0 
2786 124.0 0.0 0.0 4282.564102564103 4045.1282051282055 4384.615384615385 4456.410256410257 4487.179487179488 4741.538461538462 4577.948717948719 4387.179487179487 4725.641025641026 4083.589743589744 3955.8974358974365 4430.769230769231 4609.2307692307695 4392.307692307693 1611.0 1711.0 2.786 2.627257823944092 0.0 0.0 0.0 0.0  1  0  0  0  0  0  0  0  0  0  0  0  0  0 
2794 125.0 0.0 0.0 4280.000000000001 4042.564102564103 4377.948717948719 4455.8974358974365 4489.2307692307695 4744.102564102564 4567.6923076923085 4387.179487179487 4725.641025641026 4085.6410256410263 3956.9230769230776 4424.102564102564 4602.051282051282 4391.794871794872 1611.0 1711.0 2.794 2.7523653507232666 0.0 0.0 0.0 0.0  1  0  0  0  0  0  0  0  0  0  0  0  0  0 
2802 126.0 0.0 0.0 4300.512820512821 4056.410256410257 4402.564102564103 4470.256410256411 4487.179487179488 4736.923076923077 4554.871794871796 4383.076923076924 4725.128205128206 4083.589743589744 3953.8461538461543 4398.974358974359 4606.153846153847 4393.846153846154 1611.0 1711.0 2.802 2.7523653507232666 0.0 0.0 0.0 0.0  1  0  0  0  0  0  0  0  0  0  0  0  0  0 
2810 127.0 0.0 0.0 4332.307692307693 4070.2564102564106 4395.8974358974365 4494.358974358975 4485.641025641026 4731.282051282052 4557.948717948719 4383.589743589744 4725.128205128206 4081.0256410256416 3946.1538461538466 4353.333333333334 4614.871794871796 4392.307692307693 1612.0 1711.0 2.81 2.7523653507232666 0.0 0.0 0.0 0.0  1  0  0  0  0  0  0  0  0  0  0  0  0  0 
2818 128.0 0.0 0.0 4360.000000000001 4076.410256410257 4377.435897435898 4509.743589743591 4487.179487179488 4728.717948717949 4569.2307692307695 4387.6923076923085 4725.641025641026 4081.538461538462 3938.461538461539 4308.717948717949 4614.358974358975 4392.820512820514 1611.0 1710.0 2.818 2.7523653507232666 0.0 0.0 0.0 0.0  1  0  0  0  0  0  0  0  0  0  0  0  0  0 
2826 0.0 0.0 0.0 4370.769230769231 4080.5128205128212 4392.820512820514 4517.948717948719 4487.179487179488 4722.564102564103 4567.6923076923085 4385.641025641026 4726.153846153847 4082.0512820512827 3933.8461538461543 4289.74358974359 4611.794871794872 4395.8974358974365 1611.0 1711.0 2.826 2.7523653507232666 0.0 0.0 0.0 0.0  1  0  0  0  0  0  0  0  0  0  0  0  0  0 
2833 1.0 0.0 0.0 4369.743589743591 4078.9743589743593 4402.051282051282 4515.384615384616 4487.179487179488 4721.025641025642 4554.871794871796 4385.128205128206 4725.641025641026 4082.0512820512827 3933.8461538461543 4298.974358974359 4610.769230769231 4392.307692307693 1612.0 1710.0 2.833 2.7523653507232666 0.0 0.0 0.0 0.0  1  0  0  0  0  0  0  0  0  0  0  0  0  0 
2842 2.0 0.0 0.0 4351.794871794872 4071.2820512820517 4388.205128205129 4502.051282051282 4490.256410256411 4731.794871794872 4547.6923076923085 4386.666666666667 4725.641025641026 4082.0512820512827 3938.9743589743593 4327.179487179487 4608.205128205129 4389.743589743591 1610.0 1711.0 2.842 2.7523653507232666 0.0 0.0 0.0 0.0  1  0  0  0  0  0  0  0  0  0  0  0  0  0 
2849 3.0 0.0 0.0 4311.282051282052 4057.435897435898 4393.333333333334 4485.641025641026 4491.282051282052 4736.923076923077 4551.794871794872 4386.666666666667 4725.641025641026 4079.48717948718 3942.564102564103 4361.025641025642 4602.564102564103 4388.717948717949 1612.0 1711.0 2.849 2.7523653507232666 0.0 0.0 0.0 0.0  1  0  0  0  0  0  0  0  0  0  0  0  0  0 
2857 4.0 0.0 0.0 4303.589743589744 4051.2820512820517 4431.794871794872 4476.410256410257 4487.179487179488 4729.743589743591 4557.435897435898 4384.615384615385 4725.128205128206 4079.48717948718 3947.1794871794878 4392.820512820514 4604.102564102564 4390.256410256411 1610.0 1711.0 2.857 2.7523653507232666 0.0 0.0 0.0 0.0  1  0  0  0  0  0  0  0  0  0  0  0  0  0 
2865 5.0 0.0 0.0 4312.820512820514 4065.6410256410263 4436.923076923077 4472.307692307693 4489.2307692307695 4730.769230769231 4561.025641025642 4383.589743589744 4724.102564102564 4082.564102564103 3945.1282051282055 4400.000000000001 4606.153846153847 4390.256410256411 1611.0 1711.0 2.865 2.7523653507232666 0.0 0.0 0.0 0.0  1  0  0  0  0  0  0  0  0  0  0  0  0  0 
2872 6.0 0.0 0.0 4343.076923076924 4095.8974358974365 4416.923076923077 4478.974358974359 4485.128205128206 4729.743589743591 4565.641025641026 4375.8974358974365 4723.076923076924 4084.1025641025644 3943.589743589744 4405.128205128206 4617.948717948719 4398.974358974359 1611.0 1710.0 2.872 2.7523653507232666 0.0 0.0 0.0 0.0  1  0  0  0  0  0  0  0  0  0  0  0  0  0 
2880 7.0 0.0 0.0 4355.8974358974365 4099.48717948718 4390.256410256411 4488.717948717949 4485.128205128206 4733.846153846154 4564.102564102564 4374.871794871796 4722.564102564103 4081.538461538462 3941.538461538462 4388.205128205129 4620.512820512821 4401.025641025642 1611.0 1711.0 2.88 2.7523653507232666 0.0 0.0 0.0 0.0  1  0  0  0  0  0  0  0  0  0  0  0  0  0 
2888 8.0 0.0 0.0 4361.025641025642 4091.7948717948725 4396.410256410257 4498.461538461539 4485.641025641026 4732.307692307693 4551.794871794872 4377.435897435898 4721.538461538462 4080.5128205128212 3942.564102564103 4364.615384615385 4620.000000000001 4400.000000000001 1611.0 1711.0 2.888 2.7523653507232666 0.0 0.0 0.0 0.0  1  0  0  0  0  0  0  0  0  0  0  0  0  0 
2896 9.0 0.0 0.0 4365.128205128206 4089.7435897435903 4390.256410256411 4505.128205128206 4488.205128205129 4731.282051282052 4541.025641025642 4380.000000000001 4723.589743589744 4081.538461538462 3938.461538461539 4338.461538461539 4614.358974358975 4396.923076923077 1612.0 1711.0 2.896 2.7523653507232666 0.0 0.0 0.0 0.0  1  0  0  0  0  0  0  0  0  0  0  0  0  0 
2904 10.0 0.0 0.0 4385.641025641026 4092.307692307693 4385.128205128206 4509.2307692307695 4485.128205128206 4725.128205128206 4536.923076923077 4380.512820512821 4724.615384615386 4082.0512820512827 3940.5128205128212 4330.256410256411 4620.000000000001 4401.025641025642 1611.0 1710.0 2.904 2.7523653507232666 0.0 0.0 0.0 0.0  1  0  0  0  0  0  0  0  0  0  0  0  0  0 
2912 11.0 0.0 0.0 4371.282051282052 4089.23076923077 4383.076923076924 4511.282051282052 4489.2307692307695 4729.2307692307695 4539.48717948718 4384.102564102564 4724.102564102564 4081.0256410256416 3940.0000000000005 4321.538461538462 4617.435897435898 4396.923076923077 1612.0 1711.0 2.912 2.7523653507232666 0.0 0.0 0.0 0.0  1  0  0  0  0  0  0  0  0  0  0  0  0  0 
2919 12.0 0.0 0.0 4365.641025641026 4090.7692307692314 4395.384615384616 4509.2307692307695 4485.641025641026 4726.153846153847 4547.179487179488 4381.025641025642 4722.564102564103 4081.0256410256416 3942.564102564103 4339.48717948718 4618.974358974359 4396.410256410257 1612.0 1712.0 2.919 2.8774728775024414 0.0 0.0 0.0 0.0  1  0  0  0  0  0  0  0  0  0  0  0  0  0 
2927 13.0 0.0 1.0 4357.948717948719 4089.7435897435903 4400.000000000001 4503.589743589744 4485.128205128206 4728.717948717949 4552.307692307693 4380.512820512821 4723.589743589744 4079.48717948718 3942.564102564103 4356.410256410257 4614.871794871796 4393.333333333334 1612.0 1711.0 2.927 2.8774728775024414 0.0 0.0 0.0 0.0  1  0  0  0  0  0  0  0  0  0  0  0  0  0 
2935 14.0 0.0 0.0 4356.410256410257 4087.1794871794878 4418.461538461539 4497.948717948719 4485.641025641026 4729.2307692307695 4547.6923076923085 4381.538461538462 4722.564102564103 4080.0000000000005 3942.564102564103 4368.205128205129 4617.948717948719 4394.871794871796 1611.0 1711.0 2.935 2.8774728775024414 0.0 0.0 0.0 0.0  1  0  0  0  0  0  0  0  0  0  0  0  0  0 
2943 15.0 0.0 0.0 4353.846153846154 4084.1025641025644 4422.051282051282 4493.846153846154 4487.6923076923085 4732.307692307693 4538.974358974359 4381.538461538462 4721.025641025642 4082.564102564103 3938.461538461539 4373.333333333334 4620.000000000001 4396.923076923077 1612.0 1711.0 2.943 2.8774728775024414 0.0 0.0 0.0 0.0  1  0  0  0  0  0  0  0  0  0  0  0  0  0 
2951 16.0 0.0 0.0 4357.948717948719 4085.6410256410263 4413.846153846154 4493.333333333334 4484.615384615385 4731.282051282052 4527.6923076923085 4380.512820512821 4722.564102564103 4082.0512820512827 3938.9743589743593 4372.307692307693 4616.923076923077 4397.948717948719 1611.0 1711.0 2.951 2.8774728775024414 0.0 0.0 0.0 0.0  1  0  0  0  0  0  0  0  0  0  0  0  0  0 
2958 17.0 0.0 0.0 4363.589743589744 4088.205128205129 4408.717948717949 4501.538461538462 4483.076923076924 4728.205128205129 4525.128205128206 4380.512820512821 4725.641025641026 4080.5128205128212 3943.076923076924 4356.410256410257 4615.384615384616 4401.538461538462 1611.0 1711.0 2.958 2.8774728775024414 0.0 0.0 0.0 0.0  1  0  0  0  0  0  0  0  0  0  0  0  0  0 
2966 18.0 0.0 0.0 4372.820512820514 4090.2564102564106 4404.102564102564 4506.666666666667 4485.128205128206 4728.717948717949 4530.256410256411 4380.512820512821 4726.153846153847 4082.0512820512827 3939.48717948718 4335.384615384616 4616.923076923077 4401.538461538462 1610.0 1710.0 2.966 2.8774728775024414 0.0 0.0 0.0 0.0  1  0  0  0  0  0  0  0  0  0  0  0  0  0 
2974 19.0 0.0 0.0 4379.48717948718 4092.820512820513 4404.102564102564 4507.179487179488 4483.589743589744 4729.2307692307695 4531.282051282052 4376.923076923077 4725.128205128206 4083.076923076924 3937.435897435898 4328.205128205129 4621.025641025642 4400.512820512821 1611.0 1711.0 2.974 2.8774728775024414 0.0 0.0 0.0 0.0  1  0  0  0  0  0  0  0  0  0  0  0  0  0 
2982 20.0 0.0 0.0 4373.846153846154 4094.358974358975 4400.000000000001 4513.846153846154 4484.615384615385 4728.205128205129 4530.256410256411 4380.000000000001 4725.128205128206 4081.0256410256416 3936.9230769230776 4314.358974358975 4617.948717948719 4394.358974358975 1613.0 1709.0 2.982 2.8774728775024414 0.0 0.0 0.0 0.0  1  0  0  0  0  0  0  0  0  0  0  0  0  0 
2990 21.0 0.0 0.0 4382.564102564103 4098.461538461539 4404.102564102564 4523.589743589744 4483.076923076924 4721.025641025642 4534.358974358975 4381.025641025642 4723.076923076924 4082.564102564103 3938.9743589743593 4306.153846153847 4624.102564102564 4395.8974358974365 1611.0 1711.0 2.99 2.8774728775024414 0.0 0.0 0.0 0.0  1  0  0  0  0  0  0  0  0  0  0  0  0  0 
2998 22.0 0.0 0.0 4381.538461538462 4098.974358974359 4393.846153846154 4520.512820512821 4487.179487179488 4723.589743589744 4543.076923076924 4380.000000000001 4722.564102564103 4082.564102564103 3935.8974358974365 4298.974358974359 4622.564102564103 4392.820512820514 1612.0 1711.0 2.998 2.8774728775024414 0.0 0.0 0.0 0.0  1  0  0  0  0  0  0  0  0  0  0  0  0  0 
3005 23.0 0.0 0.0 4384.102564102564 4095.3846153846157 4393.333333333334 4510.256410256411 4485.128205128206 4721.025641025642 4549.2307692307695 4380.512820512821 4724.615384615386 4080.5128205128212 3937.9487179487182 4315.384615384616 4623.076923076924 4393.846153846154 1611.0 1711.0 3.005 2.8774728775024414 0.0 0.0 0.0 0.0  1  0  0  0  0  0  0  0  0  0  0  0  0  0 
3013 24.0 0.0 0.0 4367.6923076923085 4085.1282051282055 4386.666666666667 4499.48717948718 4487.179487179488 4725.641025641026 4550.769230769231 4386.666666666667 4727.6923076923085 4080.0000000000005 3936.410256410257 4332.307692307693 4619.48717948718 4393.846153846154 1612.0 1712.0 3.013 2.8774728775024414 0.0 0.0 0.0 0.0  1  0  0  0  0  0  0  0  0  0  0  0  0  0 
3021 25.0 0.0 0.0 4361.538461538462 4077.9487179487187 4397.435897435898 4491.794871794872 4485.641025641026 4725.641025641026 4542.564102564103 4384.615384615385 4726.153846153847 4081.0256410256416 3942.0512820512827 4357.948717948719 4619.48717948718 4398.974358974359 1612.0 1711.0 3.021 2.8774728775024414 0.0 0.0 0.0 0.0  1  0  0  0  0  0  0  0  0  0  0  0  0  0 
3029 26.0 0.0 0.0 4335.8974358974365 4066.1538461538466 4389.2307692307695 4479.48717948718 4490.256410256411 4729.2307692307695 4538.974358974359 4384.615384615385 4724.102564102564 4079.48717948718 3944.1025641025644 4373.846153846154 4610.256410256411 4395.384615384616 1612.0 1712.0 3.029 2.8774728775024414 0.0 0.0 0.0 0.0  1  0  0  0  0  0  0  0  0  0  0  0  0  0 
3037 27.0 0.0 0.0 4324.102564102564 4058.9743589743593 4387.6923076923085 4466.153846153847 4489.2307692307695 4727.179487179488 4544.615384615385 4384.102564102564 4723.589743589744 4079.48717948718 3946.666666666667 4398.974358974359 4612.820512820514 4397.948717948719 1611.0 1712.0 3.037 2.8774728775024414 0.0 0.0 0.0 0.0  1  0  0  0  0  0  0  0  0  0  0  0  0  0 
3045 28.0 0.0 0.0 4308.717948717949 4053.8461538461543 4382.051282051282 4459.48717948718 4487.6923076923085 4733.333333333334 4549.2307692307695 4383.076923076924 4725.641025641026 4081.538461538462 3946.1538461538466 4408.717948717949 4612.307692307693 4396.410256410257 1611.0 1711.0 3.045 3.002580404281616 0.0 0.0 0.0 0.0  1  0  0  0  0  0  0  0  0  0  0  0  0  0 
3052 29.0 0.0 0.0 4311.282051282052 4052.820512820513 4387.179487179487 4461.538461538462 4485.641025641026 4729.743589743591 4541.538461538462 4385.128205128206 4725.641025641026 4082.564102564103 3951.2820512820517 4410.256410256411 4611.282051282052 4394.871794871796 1612.0 1710.0 3.052 3.002580404281616 0.0 0.0 0.0 0.0  1  0  0  0  0  0  0  0  0  0  0  0  0  0 
3060 30.0 0.0 0.0 4305.128205128206 4051.7948717948725 4387.6923076923085 4465.641025641026 4490.256410256411 4725.128205128206 4524.102564102564 4387.179487179487 4724.615384615386 4081.0256410256416 3956.410256410257 4398.461538461539 4609.2307692307695 4391.794871794872 1612.0 1711.0 3.06 3.002580404281616 0.0 0.0 0.0 0.0  1  0  0  0  0  0  0  0  0  0  0  0  0  0 
3068 31.0 0.0 0.0 4307.179487179487 4053.8461538461543 4400.000000000001 4470.256410256411 4489.2307692307695 4723.076923076924 4514.358974358975 4382.051282051282 4725.128205128206 4081.0256410256416 3956.410256410257 4386.153846153847 4613.846153846154 4395.384615384616 1612.0 1710.0 3.068 3.002580404281616 0.0 0.0 0.0 0.0  1  0  0  0  0  0  0  0  0  0  0  0  0  0 
3076 32.0 0.0 0.0 4322.051282051282 4056.410256410257 4408.717948717949 4480.512820512821 4485.641025641026 4725.128205128206 4527.6923076923085 4380.000000000001 4724.615384615386 4081.0256410256416 3949.7435897435903 4370.256410256411 4613.846153846154 4394.358974358975 1611.0 1711.0 3.076 3.0338573455810547 0.0 0.0 0.0 0.0  1  0  0  0  0  0  0  0  0  0  0  0  0  0 
3084 33.0 0.0 0.0 4345.641025641026 4066.666666666667 4409.743589743591 4487.6923076923085 4483.076923076924 4723.076923076924 4535.384615384616 4380.512820512821 4723.076923076924 4079.48717948718 3950.7692307692314 4357.948717948719 4615.8974358974365 4393.846153846154 1613.0 1710.0 3.084 3.0338573455810547 0.0 0.0 0.0 0.0  1  0  0  0  0  0  0  0  0  0  0  0  0  0 
3091 34.0 0.0 0.0 4347.179487179487 4073.8461538461543 4405.641025641026 4489.743589743591 4482.051282051282 4719.48717948718 4526.666666666667 4378.974358974359 4723.589743589744 4079.48717948718 3955.8974358974365 4358.461538461539 4621.025641025642 4397.435897435898 1610.0 1711.0 3.091 3.0338573455810547 0.0 0.0 0.0 0.0  1  0  0  0  0  0  0  0  0  0  0  0  0  0 
3099 35.0 0.0 0.0 4330.769230769231 4069.7435897435903 4395.384615384616 4488.205128205129 4486.666666666667 4722.051282051282 4526.666666666667 4382.564102564103 4726.666666666667 4081.538461538462 3950.7692307692314 4363.076923076924 4617.435897435898 4393.333333333334 1611.0 1712.0 3.099 3.0338573455810547 0.0 0.0 0.0 0.0  1  0  0  0  0  0  0  0  0  0  0  0  0  0 
3107 36.0 0.0 0.0 4336.410256410257 4065.1282051282055 4387.6923076923085 4486.666666666667 4486.666666666667 4721.025641025642 4527.6923076923085 4387.6923076923085 4728.205128205129 4080.5128205128212 3946.666666666667 4375.8974358974365 4614.871794871796 4392.307692307693 1611.0 1711.0 3.107 3.0338573455810547 0.0 0.0 0.0 0.0  1  0  0  0  0  0  0  0  0  0  0  0  0  0 
3115 37.0 0.0 0.0 4336.410256410257 4066.1538461538466 4375.384615384616 4485.641025641026 4487.6923076923085 4722.051282051282 4520.512820512821 4386.666666666667 4726.666666666667 4080.5128205128212 3944.1025641025644 4377.435897435898 4612.307692307693 4393.333333333334 1611.0 1712.0 3.115 3.0338573455810547 0.0 0.0 0.0 0.0  1  0  0  0  0  0  0  0  0  0  0  0  0  0 
3123 38.0 0.0 0.0 4342.051282051282 4069.23076923077 4382.564102564103 4484.102564102564 4488.205128205129 4715.384615384616 4528.205128205129 4381.025641025642 4724.615384615386 4083.076923076924 3943.589743589744 4381.025641025642 4617.948717948719 4396.923076923077 1611.0 1711.0 3.123 3.0338573455810547 0.0 0.0 0.0 0.0  1  0  0  0  0  0  0  0  0  0  0  0  0  0 
3131 39.0 0.0 0.0 4344.102564102564 4066.666666666667 4384.615384615385 4480.000000000001 4492.307692307693 4716.923076923077 4536.923076923077 4383.589743589744 4725.641025641026 4084.1025641025644 3938.9743589743593 4371.794871794872 4613.846153846154 4390.769230769231 1611.0 1711.0 3.131 3.0338573455810547 0.0 0.0 0.0 0.0  1  0  0  0  0  0  0  0  0  0  0  0  0  0 
3138 40.0 0.0 0.0 4352.307692307693 4065.1282051282055 4393.846153846154 4481.025641025642 4486.666666666667 4717.435897435898 4526.666666666667 4383.076923076924 4725.128205128206 4083.076923076924 3941.0256410256416 4372.820512820514 4614.871794871796 4393.846153846154 1611.0 1710.0 3.138 3.0338573455810547 0.0 0.0 0.0 0.0  1  0  0  0  0  0  0  0  0  0  0  0  0  0 
3146 41.0 0.0 0.0 4338.461538461539 4063.076923076924 4389.2307692307695 4485.128205128206 4487.179487179488 4724.102564102564 4524.615384615385 4385.641025641026 4724.615384615386 4082.564102564103 3938.9743589743593 4364.102564102564 4611.794871794872 4396.410256410257 1611.0 1711.0 3.146 3.0338573455810547 0.0 0.0 0.0 0.0  1  0  0  0  0  0  0  0  0  0  0  0  0  0 
3154 42.0 0.0 0.0 4345.641025641026 4069.23076923077 4398.461538461539 4487.6923076923085 4485.128205128206 4720.512820512821 4521.025641025642 4387.6923076923085 4726.666666666667 4084.1025641025644 3944.1025641025644 4365.128205128206 4615.8974358974365 4395.8974358974365 1613.0 1710.0 3.154 3.0338573455810547 0.0 0.0 0.0 0.0  1  0  0  0  0  0  0  0  0  0  0  0  0  0 
3162 43.0 0.0 0.0 4340.512820512821 4072.820512820513 4399.48717948718 4488.717948717949 4487.179487179488 4721.025641025642 4505.128205128206 4386.666666666667 4727.6923076923085 4084.1025641025644 3946.666666666667 4357.948717948719 4612.307692307693 4386.666666666667 1610.0 1711.0 3.162 3.0338573455810547 0.0 0.0 0.0 0.0  1  0  0  0  0  0  0  0  0  0  0  0  0  0 
3170 44.0 0.0 0.0 4346.666666666667 4077.9487179487187 4408.717948717949 4492.307692307693 4485.128205128206 4720.000000000001 4498.974358974359 4382.564102564103 4725.641025641026 4085.1282051282055 3948.205128205129 4353.846153846154 4616.923076923077 4388.717948717949 1612.0 1711.0 3.17 3.0338573455810547 0.0 0.0 0.0 0.0  1  0  0  0  0  0  0  0  0  0  0  0  0  0 
3177 45.0 0.0 0.0 4351.794871794872 4081.0256410256416 4396.410256410257 4495.8974358974365 4488.717948717949 4725.641025641026 4507.179487179488 4384.615384615385 4724.615384615386 4083.076923076924 3945.1282051282055 4342.564102564103 4616.923076923077 4392.820512820514 1611.0 1710.0 3.177 3.0338573455810547 0.0 0.0 0.0 0.0  1  0  0  0  0  0  0  0  0  0  0  0  0  0 
3185 46.0 0.0 0.0 4368.717948717949 4085.6410256410263 4388.205128205129 4501.025641025642 4488.205128205129 4720.000000000001 4510.256410256411 4386.666666666667 4723.076923076924 4081.0256410256416 3941.538461538462 4341.538461538462 4617.948717948719 4395.384615384616 1612.0 1712.0 3.185 3.0338573455810547 0.0 0.0 0.0 0.0  1  0  0  0  0  0  0  0  0  0  0  0  0  0 
3193 47.0 0.0 0.0 4374.871794871796 4081.538461538462 4380.512820512821 4507.179487179488 4485.641025641026 4717.435897435898 4525.128205128206 4387.179487179487 4723.076923076924 4079.48717948718 3936.9230769230776 4332.820512820514 4617.435897435898 4394.358974358975 1612.0 1711.0 3.193 3.0338573455810547 0.0 0.0 0.0 0.0  1  0  0  0  0  0  0  0  0  0  0  0  0  0 
3201 48.0 0.0 0.0 4379.48717948718 4082.564102564103 4383.589743589744 4508.205128205129 4483.589743589744 4718.974358974359 4541.538461538462 4383.589743589744 4723.589743589744 4080.0000000000005 3936.410256410257 4329.743589743591 4620.000000000001 4396.923076923077 1611.0 1711.0 3.201 3.0338573455810547 0.0 0.0 0.0 0.0  1  0  0  0  0  0  0  0  0  0  0  0  0  0 
3209 49.0 0.0 0.0 4367.179487179487 4085.1282051282055 4391.794871794872 4502.564102564103 4486.666666666667 4722.051282051282 4534.871794871796 4380.512820512821 4723.589743589744 4081.0256410256416 3936.410256410257 4340.000000000001 4618.974358974359 4401.025641025642 1611.0 1711.0 3.209 3.0338573455810547 0.0 0.0 0.0 0.0  1  0  0  0  0  0  0  0  0  0  0  0  0  0 
3217 50.0 0.0 0.0 4347.179487179487 4081.0256410256416 4398.974358974359 4495.8974358974365 4488.205128205129 4720.000000000001 4517.435897435898 4380.512820512821 4723.076923076924 4083.589743589744 3936.9230769230776 4351.794871794872 4617.435897435898 4402.051282051282 1611.0 1712.0 3.217 3.0338573455810547 0.0 0.0 0.0 0.0  1  0  0  0  0  0  0  0  0  0  0  0  0  0 
3224 51.0 0.0 0.0 4335.8974358974365 4073.333333333334 4405.128205128206 4492.307692307693 4484.615384615385 4719.48717948718 4516.410256410257 4382.564102564103 4722.564102564103 4085.6410256410263 3942.564102564103 4358.974358974359 4621.538461538462 4398.974358974359 1612.0 1711.0 3.224 3.0338573455810547 0.0 0.0 0.0 0.0  1  0  0  0  0  0  0  0  0  0  0  0  0  0 
3232 52.0 0.0 0.0 4324.102564102564 4071.7948717948725 4407.179487179487 4490.769230769231 4482.564102564103 4723.589743589744 4527.179487179488 4385.128205128206 4723.076923076924 4081.0256410256416 3942.564102564103 4357.435897435898 4617.435897435898 4395.8974358974365 1611.0 1711.0 3.232 3.0338573455810547 0.0 0.0 0.0 0.0  1  0  0  0  0  0  0  0  0  0  0  0  0  0 
3240 53.0 0.0 0.0 4327.6923076923085 4074.358974358975 4411.282051282052 4494.358974358975 4481.538461538462 4721.538461538462 4525.641025641026 4384.615384615385 4723.589743589744 4079.48717948718 3944.1025641025644 4362.564102564103 4618.974358974359 4400.512820512821 1611.0 1711.0 3.24 3.0338573455810547 0.0 0.0 0.0 0.0  1  0  0  0  0  0  0  0  0  0  0  0  0  0 
3248 54.0 0.0 0.0 4334.358974358975 4074.358974358975 4397.435897435898 4497.435897435898 4486.666666666667 4723.589743589744 4513.333333333334 4384.102564102564 4724.102564102564 4082.0512820512827 3944.615384615385 4351.282051282052 4620.000000000001 4398.974358974359 1610.0 1711.0 3.248 3.0338573455810547 0.0 0.0 0.0 0.0  1  0  0  0  0  0  0  0  0  0  0  0  0  0 
3256 55.0 0.0 0.0 4350.256410256411 4075.3846153846157 4399.48717948718 4503.076923076924 4484.615384615385 4718.461538461539 4509.743589743591 4381.538461538462 4723.589743589744 4084.1025641025644 3946.1538461538466 4344.615384615385 4622.051282051282 4400.000000000001 1612.0 1710.0 3.256 3.0338573455810547 0.0 0.0 0.0 0.0  1  0  0  0  0  0  0  0  0  0  0  0  0  0 
3263 56.0 0.0 0.0 4344.102564102564 4074.8717948717954 4395.384615384616 4506.666666666667 4485.641025641026 4720.512820512821 4518.461538461539 4383.076923076924 4724.615384615386 4083.076923076924 3942.0512820512827 4331.794871794872 4612.307692307693 4395.384615384616 1610.0 1710.0 3.263 3.0338573455810547 0.0 0.0 0.0 0.0  1  0  0  0  0  0  0  0  0  0  0  0  0  0 
3271 57.0 0.0 0.0 4346.666666666667 4075.8974358974365 4403.589743589744 4507.6923076923085 4483.589743589744 4717.948717948719 4519.48717948718 4380.512820512821 4725.128205128206 4080.5128205128212 3945.1282051282055 4335.384615384616 4616.923076923077 4395.384615384616 1611.0 1711.0 3.271 3.0338573455810547 0.0 0.0 0.0 0.0  1  0  0  0  0  0  0  0  0  0  0  0  0  0 
3279 58.0 0.0 0.0 4337.435897435898 4069.7435897435903 4395.8974358974365 4505.641025641026 4487.179487179488 4718.974358974359 4516.410256410257 4384.102564102564 4724.102564102564 4080.0000000000005 3939.48717948718 4329.2307692307695 4616.923076923077 4389.2307692307695 1612.0 1710.0 3.279 3.0338573455810547 0.0 0.0 0.0 0.0  1  0  0  0  0  0  0  0  0  0  0  0  0  0 
3287 59.0 0.0 0.0 4342.051282051282 4069.23076923077 4398.461538461539 4504.102564102564 4483.076923076924 4715.8974358974365 4516.923076923077 4384.615384615385 4720.512820512821 4082.564102564103 3934.358974358975 4332.820512820514 4617.948717948719 4393.333333333334 1611.0 1711.0 3.287 3.0338573455810547 0.0 0.0 0.0 0.0  1  0  0  0  0  0  0  0  0  0  0  0  0  0 
3295 60.0 0.0 0.0 4328.205128205129 4066.1538461538466 4389.743589743591 4500.000000000001 4485.641025641026 4721.538461538462 4517.948717948719 4385.641025641026 4723.076923076924 4081.538461538462 3935.8974358974365 4335.384615384616 4613.333333333334 4393.846153846154 1612.0 1711.0 3.295 3.0338573455810547 0.0 0.0 0.0 0.0  1  0  0  0  0  0  0  0  0  0  0  0  0  0 
3303 61.0 0.0 0.0 4328.205128205129 4063.589743589744 4390.769230769231 4494.358974358975 4487.6923076923085 4720.000000000001 4507.6923076923085 4387.179487179487 4726.666666666667 4080.0000000000005 3941.538461538462 4341.538461538462 4614.358974358975 4393.846153846154 1611.0 1711.0 3.303 3.0338573455810547 0.0 0.0 0.0 0.0  1  0  0  0  0  0  0  0  0  0  0  0  0  0 
3310 62.0 0.0 0.0 4326.153846153847 4058.9743589743593 4388.717948717949 4491.794871794872 4490.769230769231 4720.000000000001 4505.128205128206 4388.717948717949 4725.128205128206 4083.589743589744 3937.9487179487182 4336.923076923077 4611.282051282052 4390.769230769231 1611.0 1710.0 3.31 3.0338573455810547 0.0 0.0 0.0 0.0  1  0  0  0  0  0  0  0  0  0  0  0  0  0 
3318 63.0 0.0 0.0 4334.358974358975 4063.076923076924 4396.410256410257 4493.333333333334 4485.128205128206 4717.435897435898 4512.820512820514 4385.128205128206 4724.102564102564 4087.1794871794878 3936.9230769230776 4337.948717948719 4615.384615384616 4394.871794871796 1611.0 1711.0 3.318 3.0338573455810547 0.0 0.0 0.0 0.0  1  0  0  0  0  0  0  0  0  0  0  0  0  0 
3327 64.0 0.0 2.0 4336.410256410257 4065.1282051282055 4394.871794871796 4496.923076923077 4484.615384615385 4719.48717948718 4517.435897435898 4384.615384615385 4726.153846153847 4082.564102564103 3938.461538461539 4336.923076923077 4617.948717948719 4397.948717948719 1612.0 1711.0 3.327 3.0338573455810547 0.0 0.0 0.0 0.0  1  0  0  0  0  0  0  0  0  0  0  0  0  0 
3334 65.0 0.0 0.0 4338.974358974359 4070.7692307692314 4391.794871794872 4500.000000000001 4490.769230769231 4721.025641025642 4514.871794871796 4385.641025641026 4727.179487179488 4080.5128205128212 3936.410256410257 4333.333333333334 4615.384615384616 4395.384615384616 1611.0 1711.0 3.334 3.0338573455810547 0.0 0.0 0.0 0.0  1  0  0  0  0  0  0  0  0  0  0  0  0  0 
3342 66.0 0.0 0.0 4335.384615384616 4070.7692307692314 4397.948717948719 4498.461538461539 4490.256410256411 4720.512820512821 4518.461538461539 4385.641025641026 4726.666666666667 4083.076923076924 3935.8974358974365 4335.384615384616 4616.410256410257 4392.820512820514 1611.0 1710.0 3.342 3.0338573455810547 0.0 0.0 0.0 0.0  1  0  0  0  0  0  0  0  0  0  0  0  0  0 
3350 67.0 0.0 0.0 4325.128205128206 4064.1025641025644 4398.974358974359 4493.333333333334 4488.205128205129 4720.512820512821 4522.051282051282 4386.153846153847 4725.128205128206 4082.0512820512827 3937.9487179487182 4339.48717948718 4617.435897435898 4391.794871794872 1611.0 1711.0 3.35 3.0338573455810547 0.0 0.0 0.0 0.0  1  0  0  0  0  0  0  0  0  0  0  0  0  0 
3357 68.0 0.0 0.0 4312.307692307693 4060.5128205128212 4398.461538461539 4488.717948717949 4488.717948717949 4721.025641025642 4516.923076923077 4385.128205128206 4723.076923076924 4081.0256410256416 3943.589743589744 4354.871794871796 4616.410256410257 4394.871794871796 1611.0 1711.0 3.357 3.0338573455810547 0.0 0.0 0.0 0.0  1  0  0  0  0  0  0  0  0  0  0  0  0  0 
3365 69.0 0.0 0.0 4293.846153846154 4058.461538461539 4392.307692307693 4480.000000000001 4493.333333333334 4723.076923076924 4518.974358974359 4387.179487179487 4725.128205128206 4082.564102564103 3945.6410256410263 4369.2307692307695 4608.717948717949 4390.769230769231 1611.0 1712.0 3.365 3.0338573455810547 0.0 0.0 0.0 0.0  1  0  0  0  0  0  0  0  0  0  0  0  0  0 
3373 70.0 0.0 0.0 4292.307692307693 4053.8461538461543 4397.435897435898 4471.282051282052 4488.717948717949 4720.000000000001 4527.6923076923085 4386.666666666667 4726.666666666667 4082.564102564103 3947.692307692308 4388.205128205129 4612.307692307693 4389.743589743591 1611.0 1711.0 3.373 3.0338573455810547 0.0 0.0 0.0 0.0  1  0  0  0  0  0  0  0  0  0  0  0  0  0 
3381 71.0 0.0 0.0 4280.000000000001 4049.7435897435903 4387.179487179487 4466.666666666667 4489.2307692307695 4725.641025641026 4523.589743589744 4388.205128205129 4725.641025641026 4082.564102564103 3946.1538461538466 4389.743589743591 4610.769230769231 4387.179487179487 1611.0 1712.0 3.381 3.0338573455810547 0.0 0.0 0.0 0.0  1  0  0  0  0  0  0  0  0  0  0  0  0  0 
3389 72.0 0.0 0.0 4291.794871794872 4052.307692307693 4392.820512820514 4470.769230769231 4489.2307692307695 4721.538461538462 4513.333333333334 4387.179487179487 4724.615384615386 4085.1282051282055 3950.7692307692314 4390.769230769231 4613.846153846154 4390.769230769231 1612.0 1711.0 3.389 3.0338573455810547 0.0 0.0 0.0 0.0  1  0  0  0  0  0  0  0  0  0  0  0  0  0 
3397 73.0 0.0 0.0 4300.512820512821 4055.3846153846157 4393.846153846154 4478.461538461539 4489.743589743591 4720.000000000001 4512.820512820514 4386.153846153847 4725.128205128206 4083.589743589744 3946.666666666667 4369.743589743591 4610.769230769231 4389.2307692307695 1611.0 1711.0 3.397 3.0338573455810547 0.0 0.0 0.0 0.0  1  0  0  0  0  0  0  0  0  0  0  0  0  0 
3404 74.0 0.0 0.0 4311.282051282052 4062.0512820512827 4390.769230769231 4486.666666666667 4486.666666666667 4720.000000000001 4505.641025641026 4384.102564102564 4724.615384615386 4083.076923076924 3941.0256410256416 4345.641025641026 4610.769230769231 4390.769230769231 1612.0 1710.0 3.404 3.0338573455810547 0.0 0.0 0.0 0.0  1  0  0  0  0  0  0  0  0  0  0  0  0  0 
3412 75.0 0.0 0.0 4319.48717948718 4066.1538461538466 4367.6923076923085 4493.846153846154 4491.282051282052 4723.589743589744 4492.820512820514 4387.179487179487 4725.641025641026 4084.1025641025644 3938.461538461539 4326.153846153847 4611.282051282052 4390.256410256411 1610.0 1710.0 3.412 3.0338573455810547 0.0 0.0 0.0 0.0  1  0  0  0  0  0  0  0  0  0  0  0  0  0 
3420 76.0 0.0 0.0 4342.051282051282 4074.358974358975 4365.641025641026 4504.102564102564 4487.6923076923085 4714.871794871796 4493.333333333334 4384.102564102564 4725.641025641026 4083.589743589744 3943.589743589744 4331.794871794872 4622.051282051282 4398.461538461539 1611.0 1712.0 3.42 3.3779029846191406 0.0 0.0 0.0 0.0  1  0  0  0  0  0  0  0  0  0  0  0  0  0 
3428 77.0 0.0 0.0 4327.6923076923085 4072.820512820513 4375.384615384616 4505.641025641026 4485.641025641026 4712.307692307693 4500.000000000001 4383.589743589744 4726.153846153847 4083.589743589744 3942.564102564103 4329.2307692307695 4618.461538461539 4399.48717948718 1611.0 1709.0 3.428 3.3779029846191406 0.0 0.0 0.0 0.0  1  0  0  0  0  0  0  0  0  0  0  0  0  0 
3436 78.0 0.0 0.0 4311.794871794872 4060.5128205128212 4393.846153846154 4500.000000000001 4486.666666666667 4714.871794871796 4499.48717948718 4385.641025641026 4725.128205128206 4083.589743589744 3941.0256410256416 4330.256410256411 4608.205128205129 4393.333333333334 1611.0 1712.0 3.436 3.3779029846191406 0.0 0.0 0.0 0.0  1  0  0  0  0  0  0  0  0  0  0  0  0  0 
3443 79.0 0.0 0.0 4312.307692307693 4045.6410256410263 4398.461538461539 4497.435897435898 4488.717948717949 4718.461538461539 4499.48717948718 4386.666666666667 4724.102564102564 4081.538461538462 3942.564102564103 4341.538461538462 4606.666666666667 4386.153846153847 1612.0 1711.0 3.443 3.3779029846191406 0.0 0.0 0.0 0.0  1  0  0  0  0  0  0  0  0  0  0  0  0  0 
3451 80.0 0.0 0.0 4312.820512820514 4042.564102564103 4392.820512820514 4498.974358974359 4486.666666666667 4717.948717948719 4496.923076923077 4387.6923076923085 4723.589743589744 4081.538461538462 3942.0512820512827 4349.2307692307695 4609.2307692307695 4385.641025641026 1611.0 1711.0 3.451 3.3779029846191406 0.0 0.0 0.0 0.0  1  0  0  0  0  0  0  0  0  0  0  0  0  0 
3459 81.0 0.0 0.0 4303.076923076924 4037.9487179487182 4383.589743589744 4495.8974358974365 4489.2307692307695 4719.48717948718 4502.051282051282 4391.282051282052 4724.102564102564 4083.589743589744 3938.461538461539 4344.102564102564 4600.000000000001 4384.615384615385 1611.0 1711.0 3.459 3.3779029846191406 0.0 0.0 0.0 0.0  1  0  0  0  0  0  0  0  0  0  0  0  0  0 
3467 82.0 0.0 0.0 4311.282051282052 4043.076923076924 4387.179487179487 4493.333333333334 4490.256410256411 4717.435897435898 4513.333333333334 4389.743589743591 4724.102564102564 4082.0512820512827 3936.9230769230776 4346.666666666667 4598.461538461539 4386.153846153847 1612.0 1712.0 3.467 3.3779029846191406 0.0 0.0 0.0 0.0  1  0  0  0  0  0  0  0  0  0  0  0  0  0 
3475 83.0 0.0 0.0 4320.512820512821 4052.307692307693 4395.384615384616 4494.358974358975 4485.641025641026 4714.871794871796 4506.666666666667 4385.641025641026 4723.076923076924 4080.5128205128212 3938.461538461539 4357.435897435898 4610.256410256411 4392.820512820514 1612.0 1711.0 3.475 3.3779029846191406 0.0 0.0 0.0 0.0  1  0  0  0  0  0  0  0  0  0  0  0  0  0 
3482 84.0 0.0 0.0 4313.333333333334 4054.358974358975 4394.871794871796 4492.820512820514 4483.076923076924 4716.410256410257 4493.333333333334 4386.666666666667 4722.564102564103 4083.076923076924 3936.410256410257 4356.923076923077 4611.794871794872 4393.333333333334 1611.0 1711.0 3.482 3.3779029846191406 0.0 0.0 0.0 0.0  1  0  0  0  0  0  0  0  0  0  0  0  0  0 
3490 85.0 0.0 0.0 4305.641025641026 4053.8461538461543 4398.974358974359 4491.794871794872 4482.564102564103 4715.8974358974365 4496.923076923077 4389.2307692307695 4724.102564102564 4085.6410256410263 3939.48717948718 4358.461538461539 4608.205128205129 4390.769230769231 1612.0 1711.0 3.49 3.3779029846191406 0.0 0.0 0.0 0.0  1  0  0  0  0  0  0  0  0  0  0  0  0  0 
3498 86.0 0.0 0.0 4298.461538461539 4056.410256410257 4400.000000000001 4489.2307692307695 4485.641025641026 4718.461538461539 4500.512820512821 4387.179487179487 4724.102564102564 4083.589743589744 3943.076923076924 4358.461538461539 4604.615384615385 4386.666666666667 1611.0 1710.0 3.498 3.3779029846191406 0.0 0.0 0.0 0.0  1  0  0  0  0  0  0  0  0  0  0  0  0  0 
3506 87.0 0.0 0.0 4304.102564102564 4058.9743589743593 4409.2307692307695 4488.717948717949 4482.051282051282 4718.461538461539 4502.051282051282 4383.589743589744 4723.589743589744 4083.076923076924 3946.1538461538466 4365.128205128206 4609.743589743591 4389.743589743591 1611.0 1711.0 3.506 3.3779029846191406 0.0 0.0 0.0 0.0  1  0  0  0  0  0  0  0  0  0  0  0  0  0 
3514 88.0 0.0 0.0 4293.333333333334 4055.3846153846157 4404.102564102564 4487.179487179488 4484.102564102564 4722.564102564103 4513.846153846154 4388.205128205129 4725.641025641026 4083.589743589744 3945.6410256410263 4364.102564102564 4605.641025641026 4386.153846153847 1611.0 1710.0 3.514 3.3779029846191406 0.0 0.0 0.0 0.0  1  0  0  0  0  0  0  0  0  0  0  0  0  0 
3522 89.0 0.0 0.0 4298.974358974359 4056.9230769230776 4410.256410256411 4486.666666666667 4485.128205128206 4718.974358974359 4511.282051282052 4387.6923076923085 4725.128205128206 4085.6410256410263 3949.2307692307695 4372.820512820514 4605.641025641026 4387.179487179487 1611.0 1711.0 3.522 3.3779029846191406 0.0 0.0 0.0 0.0  1  0  0  0  0  0  0  0  0  0  0  0  0  0 
3529 90.0 0.0 0.0 4296.410256410257 4054.358974358975 4405.128205128206 4484.102564102564 4486.666666666667 4720.512820512821 4502.564102564103 4386.153846153847 4723.589743589744 4082.0512820512827 3945.1282051282055 4371.794871794872 4600.512820512821 4384.102564102564 1612.0 1710.0 3.529 3.3779029846191406 0.0 0.0 0.0 0.0  1  0  0  0  0  0  0  0  0  0  0  0  0  0 
3537 91.0 0.0 0.0 4306.153846153847 4060.0000000000005 4403.076923076924 4483.589743589744 4481.025641025642 4716.410256410257 4508.205128205129 4385.641025641026 4722.564102564103 4079.48717948718 3944.1025641025644 4379.48717948718 4608.205128205129 4390.256410256411 1611.0 1712.0 3.537 3.3779029846191406 0.0 0.0 0.0 0.0  1  0  0  0  0  0  0  0  0  0  0  0  0  0 
3545 92.0 0.0 0.0 4301.025641025642 4066.1538461538466 4385.128205128206 4483.589743589744 4484.615384615385 4719.48717948718 4516.410256410257 4385.641025641026 4723.589743589744 4082.0512820512827 3945.6410256410263 4380.000000000001 4611.282051282052 4395.384615384616 1612.0 1712.0 3.545 3.5030105113983154 0.0 0.0 0.0 0.0  1  0  0  0  0  0  0  0  0  0  0  0  0  0 
3553 93.0 0.0 0.0 4307.6923076923085 4075.3846153846157 4385.128205128206 4483.076923076924 4485.128205128206 4720.512820512821 4512.307692307693 4380.000000000001 4723.076923076924 4082.564102564103 3949.7435897435903 4387.6923076923085 4613.846153846154 4399.48717948718 1612.0 1711.0 3.553 3.5030105113983154 0.0 0.0 0.0 0.0  1  0  0  0  0  0  0  0  0  0  0  0  0  0 
3561 94.0 0.0 0.0 4298.974358974359 4081.538461538462 4383.589743589744 4483.589743589744 4485.641025641026 4725.641025641026 4511.794871794872 4379.48717948718 4722.564102564103 4078.9743589743593 3945.6410256410263 4387.179487179487 4611.282051282052 4394.871794871796 1612.0 1710.0 3.561 3.5030105113983154 0.0 0.0 0.0 0.0  1  0  0  0  0  0  0  0  0  0  0  0  0  0 
3569 95.0 0.0 0.0 4302.051282051282 4090.2564102564106 4383.589743589744 4483.076923076924 4485.641025641026 4726.153846153847 4516.923076923077 4377.948717948719 4722.564102564103 4083.076923076924 3947.1794871794878 4390.256410256411 4615.384615384616 4396.410256410257 1610.0 1711.0 3.569 3.5030105113983154 0.0 0.0 0.0 0.0  1  0  0  0  0  0  0  0  0  0  0  0  0  0 
3577 96.0 0.0 0.0 4299.48717948718 4088.717948717949 4377.435897435898 4481.025641025642 4486.666666666667 4730.256410256411 4515.8974358974365 4380.000000000001 4723.076923076924 4086.1538461538466 3948.205128205129 4393.846153846154 4614.871794871796 4398.974358974359 1612.0 1711.0 3.577 3.534287214279175 0.0 0.0 0.0 0.0  1  0  0  0  0  0  0  0  0  0  0  0  0  0 
3584 97.0 0.0 0.0 4295.384615384616 4085.1282051282055 4382.564102564103 4480.512820512821 4485.641025641026 4731.282051282052 4504.102564102564 4382.564102564103 4723.076923076924 4082.0512820512827 3946.666666666667 4396.923076923077 4614.358974358975 4396.923076923077 1612.0 1710.0 3.584 3.534287214279175 0.0 0.0 0.0 0.0  1  0  0  0  0  0  0  0  0  0  0  0  0  0 
3593 98.0 0.0 0.0 4305.641025641026 4091.7948717948725 4389.2307692307695 4485.641025641026 4486.666666666667 4727.179487179488 4488.717948717949 4378.974358974359 4723.076923076924 4082.0512820512827 3946.666666666667 4387.6923076923085 4616.410256410257 4394.871794871796 1611.0 1712.0 3.593 3.534287214279175 0.0 0.0 0.0 0.0  1  0  0  0  0  0  0  0  0  0  0  0  0  0 
3601 99.0 0.0 0.0 4319.48717948718 4101.025641025642 4392.820512820514 4489.743589743591 4487.6923076923085 4724.102564102564 4479.48717948718 4377.435897435898 4722.051282051282 4082.564102564103 3948.205128205129 4372.820512820514 4615.8974358974365 4396.923076923077 1611.0 1710.0 3.601 3.534287214279175 0.0 0.0 0.0 0.0  1  0  0  0  0  0  0  0  0  0  0  0  0  0 
3608 100.0 0.0 0.0 4333.846153846154 4111.794871794872 4398.461538461539 4500.000000000001 4486.666666666667 4726.666666666667 4477.948717948719 4375.384615384616 4722.564102564103 4081.0256410256416 3945.6410256410263 4367.6923076923085 4620.512820512821 4403.076923076924 1610.0 1711.0 3.608 3.534287214279175 0.0 0.0 0.0 0.0  1  0  0  0  0  0  0  0  0  0  0  0  0  0 
3616 101.0 0.0 0.0 4343.076923076924 4121.538461538462 4390.769230769231 4508.717948717949 4486.666666666667 4729.2307692307695 4478.461538461539 4374.358974358975 4722.564102564103 4081.538461538462 3938.461538461539 4351.282051282052 4623.589743589744 4403.076923076924 1612.0 1711.0 3.616 3.534287214279175 0.0 0.0 0.0 0.0  1  0  0  0  0  0  0  0  0  0  0  0  0  0 
3623 102.0 0.0 0.0 4368.717948717949 4137.435897435898 4393.333333333334 4517.435897435898 4483.589743589744 4725.641025641026 4477.948717948719 4370.256410256411 4717.948717948719 4082.0512820512827 3938.9743589743593 4336.923076923077 4628.717948717949 4409.2307692307695 1611.0 1711.0 3.623 3.534287214279175 0.0 0.0 0.0 0.0  1  0  0  0  0  0  0  0  0  0  0  0  0  0 
3632 103.0 0.0 0.0 4372.307692307693 4147.179487179487 4393.333333333334 4524.102564102564 4484.615384615385 4730.256410256411 4477.948717948719 4370.256410256411 4716.923076923077 4082.0512820512827 3937.9487179487182 4324.102564102564 4629.2307692307695 4410.256410256411 1611.0 1711.0 3.632 3.534287214279175 0.0 0.0 0.0 0.0  1  0  0  0  0  0  0  0  0  0  0  0  0  0 
3639 104.0 0.0 0.0 4389.2307692307695 4162.564102564103 4404.102564102564 4529.743589743591 4479.48717948718 4730.256410256411 4475.384615384616 4367.6923076923085 4719.48717948718 4084.615384615385 3936.9230769230776 4327.179487179487 4640.512820512821 4415.8974358974365 1611.0 1711.0 3.639 3.534287214279175 0.0 0.0 0.0 0.0  1  0  0  0  0  0  0  0  0  0  0  0  0  0 
3647 105.0 0.0 0.0 4401.025641025642 4173.846153846154 4401.538461538462 4529.2307692307695 4481.025641025642 4737.435897435898 4475.8974358974365 4367.6923076923085 4719.48717948718 4083.076923076924 3930.2564102564106 4314.871794871796 4640.000000000001 4420.000000000001 1612.0 1711.0 3.647 3.534287214279175 0.0 0.0 0.0 0.0  1  0  0  0  0  0  0  0  0  0  0  0  0  0 
3655 106.0 0.0 0.0 4415.384615384616 4191.794871794872 4409.743589743591 4533.333333333334 4480.512820512821 4737.948717948719 4482.564102564103 4361.025641025642 4715.8974358974365 4082.0512820512827 3930.7692307692314 4312.820512820514 4644.615384615385 4427.179487179487 1611.0 1710.0 3.655 3.534287214279175 0.0 0.0 0.0 0.0  1  0  0  0  0  0  0  0  0  0  0  0  0  0 
3662 107.0 0.0 0.0 4402.564102564103 4190.769230769231 4404.102564102564 4534.358974358975 4483.589743589744 4742.564102564103 4490.769230769231 4360.000000000001 4715.384615384616 4083.076923076924 3933.333333333334 4318.974358974359 4645.128205128206 4424.102564102564 1611.0 1710.0 3.662 3.534287214279175 0.0 0.0 0.0 0.0  1  0  0  0  0  0  0  0  0  0  0  0  0  0 
3670 108.0 0.0 0.0 4393.333333333334 4171.794871794872 4414.871794871796 4524.102564102564 4478.461538461539 4740.000000000001 4486.666666666667 4362.564102564103 4715.384615384616 4081.538461538462 3939.48717948718 4346.153846153847 4644.102564102564 4422.564102564103 1612.0 1710.0 3.67 3.6281180381774902 0.0 0.0 0.0 0.0  1  0  0  0  0  0  0  0  0  0  0  0  0  0 
3678 109.0 0.0 0.0 4364.102564102564 4148.205128205129 4418.974358974359 4515.384615384616 4483.076923076924 4745.641025641026 4489.743589743591 4365.128205128206 4715.384615384616 4078.9743589743593 3942.0512820512827 4359.48717948718 4631.282051282052 4412.820512820514 1612.0 1712.0 3.678 3.6281180381774902 0.0 0.0 0.0 0.0  1  0  0  0  0  0  0  0  0  0  0  0  0  0 
3687 110.0 0.0 0.0 4349.743589743591 4129.74358974359 4430.769230769231 4511.282051282052 4482.564102564103 4741.025641025642 4498.974358974359 4367.179487179487 4715.8974358974365 4083.589743589744 3947.1794871794878 4373.846153846154 4625.641025641026 4406.153846153847 1612.0 1711.0 3.687 3.6281180381774902 0.0 0.0 0.0 0.0  1  0  0  0  0  0  0  0  0  0  0  0  0  0 
3694 111.0 0.0 0.0 4336.410256410257 4114.358974358975 4434.871794871796 4503.589743589744 4479.48717948718 4739.48717948718 4504.615384615385 4371.794871794872 4718.461538461539 4083.589743589744 3947.1794871794878 4383.076923076924 4621.025641025642 4401.025641025642 1611.0 1712.0 3.694 3.6281180381774902 0.0 0.0 0.0 0.0  1  0  0  0  0  0  0  0  0  0  0  0  0  0 
3701 112.0 0.0 0.0 4331.282051282052 4104.615384615385 4435.8974358974365 4497.435897435898 4479.48717948718 4739.48717948718 4507.179487179488 4373.333333333334 4718.974358974359 4078.9743589743593 3943.589743589744 4386.153846153847 4618.974358974359 4398.461538461539 1613.0 1712.0 3.701 3.6281180381774902 0.0 0.0 0.0 0.0  1  0  0  0  0  0  0  0  0  0  0  0  0  0 
3709 113.0 0.0 0.0 4332.820512820514 4104.615384615385 4428.205128205129 4503.589743589744 4484.102564102564 4741.538461538462 4512.307692307693 4374.871794871796 4718.974358974359 4080.5128205128212 3937.435897435898 4375.384615384616 4616.410256410257 4399.48717948718 1611.0 1711.0 3.709 3.6281180381774902 0.0 0.0 0.0 0.0  1  0  0  0  0  0  0  0  0  0  0  0  0  0 
3717 114.0 0.0 0.0 4347.179487179487 4101.538461538462 4421.025641025642 4506.666666666667 4484.615384615385 4738.974358974359 4511.794871794872 4378.461538461539 4720.512820512821 4085.6410256410263 3937.435897435898 4364.615384615385 4616.923076923077 4401.538461538462 1612.0 1711.0 3.717 3.6281180381774902 0.0 0.0 0.0 0.0  1  0  0  0  0  0  0  0  0  0  0  0  0  0 
3725 115.0 0.0 0.0 4350.769230769231 4105.641025641026 4417.948717948719 4506.666666666667 4481.538461538462 4734.871794871796 4508.205128205129 4376.923076923077 4720.000000000001 4084.1025641025644 3942.0512820512827 4362.051282051282 4622.564102564103 4403.076923076924 1611.0 1711.0 3.725 3.6281180381774902 0.0 0.0 0.0 0.0  1  0  0  0  0  0  0  0  0  0  0  0  0  0 
3733 116.0 0.0 0.0 4338.974358974359 4105.128205128206 4415.384615384616 4505.128205128206 4484.615384615385 4734.871794871796 4510.769230769231 4377.948717948719 4721.025641025642 4080.5128205128212 3944.615384615385 4359.48717948718 4620.512820512821 4401.538461538462 1611.0 1711.0 3.733 3.690671682357788 0.0 0.0 0.0 0.0  1  0  0  0  0  0  0  0  0  0  0  0  0  0 
3742 117.0 0.0 0.0 4344.102564102564 4106.153846153847 4425.641025641026 4503.589743589744 4484.102564102564 4734.358974358975 4506.666666666667 4376.923076923077 4723.076923076924 4084.1025641025644 3947.692307692308 4365.641025641026 4621.025641025642 4402.051282051282 1611.0 1711.0 3.742 3.690671682357788 0.0 0.0 0.0 0.0  1  0  0  0  0  0  0  0  0  0  0  0  0  0 
3748 118.0 0.0 0.0 4334.871794871796 4102.564102564103 4426.153846153847 4499.48717948718 4484.102564102564 4738.974358974359 4498.974358974359 4376.923076923077 4723.076923076924 4088.205128205129 3946.666666666667 4367.179487179487 4621.025641025642 4396.923076923077 1611.0 1711.0 3.748 3.690671682357788 0.0 0.0 0.0 0.0  1  0  0  0  0  0  0  0  0  0  0  0  0  0 
3756 119.0 0.0 0.0 4336.410256410257 4100.512820512821 4429.2307692307695 4500.512820512821 4481.538461538462 4736.410256410257 4498.461538461539 4375.384615384616 4720.512820512821 4087.1794871794878 3947.692307692308 4374.358974358975 4623.076923076924 4397.948717948719 1611.0 1710.0 3.756 3.690671682357788 0.0 0.0 0.0 0.0  1  0  0  0  0  0  0  0  0  0  0  0  0  0 
3764 120.0 0.0 0.0 4338.974358974359 4097.948717948719 4414.358974358975 4503.589743589744 4484.102564102564 4737.435897435898 4501.025641025642 4376.923076923077 4722.051282051282 4083.076923076924 3943.076923076924 4360.000000000001 4616.923076923077 4397.435897435898 1611.0 1711.0 3.764 3.690671682357788 0.0 0.0 0.0 0.0  1  0  0  0  0  0  0  0  0  0  0  0  0  0 
3772 121.0 0.0 0.0 4367.6923076923085 4100.000000000001 4414.358974358975 4510.256410256411 4482.051282051282 4732.820512820514 4495.384615384616 4377.948717948719 4721.538461538462 4083.589743589744 3940.5128205128212 4345.128205128206 4622.051282051282 4402.564102564103 1610.0 1711.0 3.772 3.690671682357788 0.0 0.0 0.0 0.0  1  0  0  0  0  0  0  0  0  0  0  0  0  0 
3780 122.0 0.0 0.0 4377.435897435898 4095.8974358974365 4411.794871794872 4518.461538461539 4484.615384615385 4734.358974358975 4494.358974358975 4382.051282051282 4722.051282051282 4085.6410256410263 3933.333333333334 4317.435897435898 4618.974358974359 4400.512820512821 1610.0 1711.0 3.78 3.690671682357788 0.0 0.0 0.0 0.0  1  0  0  0  0  0  0  0  0  0  0  0  0  0 
3787 123.0 0.0 0.0 4393.333333333334 4095.8974358974365 4420.000000000001 4528.717948717949 4483.589743589744 4726.153846153847 4494.358974358975 4378.974358974359 4723.589743589744 4084.615384615385 3929.7435897435903 4297.435897435898 4621.025641025642 4404.615384615385 1611.0 1710.0 3.787 3.690671682357788 0.0 0.0 0.0 0.0  1  0  0  0  0  0  0  0  0  0  0  0  0  0 
3795 124.0 0.0 0.0 4400.512820512821 4101.538461538462 4417.435897435898 4538.461538461539 4486.666666666667 4726.153846153847 4497.435897435898 4376.923076923077 4723.589743589744 4079.48717948718 3920.0000000000005 4269.74358974359 4618.974358974359 4403.076923076924 1612.0 1711.0 3.795 3.753225564956665 0.0 0.0 0.0 0.0  1  0  0  0  0  0  0  0  0  0  0  0  0  0 
3803 125.0 0.0 0.0 4409.2307692307695 4106.666666666667 4431.794871794872 4545.128205128206 4483.076923076924 4726.666666666667 4508.205128205129 4379.48717948718 4723.589743589744 4077.9487179487187 3914.8717948717954 4259.48717948718 4621.025641025642 4400.000000000001 1611.0 1711.0 3.803 3.753225564956665 0.0 0.0 0.0 0.0  1  0  0  0  0  0  0  0  0  0  0  0  0  0 
3811 126.0 0.0 0.0 4387.6923076923085 4102.051282051282 4428.205128205129 4540.512820512821 4485.128205128206 4730.256410256411 4519.48717948718 4382.564102564103 4724.102564102564 4081.0256410256416 3916.9230769230776 4264.615384615385 4618.974358974359 4394.358974358975 1611.0 1711.0 3.811 3.753225564956665 0.0 0.0 0.0 0.0  1  0  0  0  0  0  0  0  0  0  0  0  0  0 
3819 127.0 0.0 0.0 4370.256410256411 4098.974358974359 4415.8974358974365 4526.153846153847 4485.641025641026 4727.6923076923085 4520.000000000001 4380.000000000001 4723.076923076924 4084.1025641025644 3927.1794871794878 4297.435897435898 4618.974358974359 4399.48717948718 1611.0 1710.0 3.819 3.753225564956665 0.0 0.0 0.0 0.0  1  0  0  0  0  0  0  0  0  0  0  0  0  0 
3827 128.0 0.0 0.0 4355.8974358974365 4093.8461538461543 4403.589743589744 4513.846153846154 4485.641025641026 4735.384615384616 4521.538461538462 4381.025641025642 4723.589743589744 4083.589743589744 3931.7948717948725 4327.6923076923085 4615.384615384616 4398.974358974359 1612.0 1712.0 3.827 3.753225564956665 0.0 0.0 0.0 0.0  1  0  0  0  0  0  0  0  0  0  0  0  0  0 
3834 0.0 0.0 0.0 4349.2307692307695 4084.1025641025644 4405.641025641026 4504.102564102564 4486.153846153847 4737.948717948719 4514.871794871796 4383.589743589744 4725.128205128206 4082.564102564103 3934.8717948717954 4345.128205128206 4615.8974358974365 4392.820512820514 1612.0 1710.0 3.834 3.753225564956665 0.0 0.0 0.0 0.0  1  0  0  0  0  0  0  0  0  0  0  0  0  0 
3842 1.0 0.0 0.0 4338.461538461539 4072.820512820513 4413.333333333334 4494.358974358975 4487.179487179488 4731.794871794872 4511.794871794872 4385.128205128206 4725.128205128206 4082.564102564103 3938.9743589743593 4356.923076923077 4614.871794871796 4393.333333333334 1611.0 1711.0 3.842 3.753225564956665 0.0 0.0 0.0 0.0  1  0  0  0  0  0  0  0  0  0  0  0  0  0 
3851 2.0 0.0 0.0 4335.384615384616 4068.717948717949 4421.538461538462 4486.666666666667 4484.615384615385 4731.794871794872 4529.743589743591 4383.076923076924 4725.128205128206 4083.589743589744 3940.5128205128212 4369.743589743591 4611.282051282052 4395.384615384616 1613.0 1711.0 3.851 3.753225564956665 0.0 0.0 0.0 0.0  1  0  0  0  0  0  0  0  0  0  0  0  0  0 
3859 3.0 0.0 0.0 4331.794871794872 4072.820512820513 4426.666666666667 4485.641025641026 4483.076923076924 4735.8974358974365 4540.000000000001 4380.000000000001 4724.615384615386 4084.615384615385 3942.0512820512827 4378.974358974359 4615.8974358974365 4392.820512820514 1611.0 1711.0 3.859 3.753225564956665 0.0 0.0 0.0 0.0  1  0  0  0  0  0  0  0  0  0  0  0  0  0 
3866 4.0 0.0 0.0 4315.8974358974365 4073.333333333334 4420.000000000001 4483.076923076924 4489.743589743591 4734.871794871796 4520.512820512821 4383.589743589744 4726.153846153847 4085.1282051282055 3941.0256410256416 4375.8974358974365 4613.333333333334 4389.2307692307695 1612.0 1712.0 3.866 3.753225564956665 0.0 0.0 0.0 0.0  1  0  0  0  0  0  0  0  0  0  0  0  0  0 
3873 5.0 0.0 0.0 4315.384615384616 4072.307692307693 4414.358974358975 4478.461538461539 4488.205128205129 4729.2307692307695 4504.615384615385 4385.641025641026 4727.179487179488 4083.589743589744 3945.1282051282055 4388.717948717949 4610.256410256411 4397.435897435898 1611.0 1710.0 3.873 3.753225564956665 0.0 0.0 0.0 0.0  1  0  0  0  0  0  0  0  0  0  0  0  0  0 
3881 6.0 0.0 0.0 4311.794871794872 4073.8461538461543 4393.333333333334 4472.820512820514 4487.179487179488 4735.8974358974365 4515.384615384616 4383.589743589744 4726.666666666667 4083.076923076924 3951.2820512820517 4400.512820512821 4612.307692307693 4397.948717948719 1610.0 1711.0 3.881 3.753225564956665 0.0 0.0 0.0 0.0  1  0  0  0  0  0  0  0  0  0  0  0  0  0 
3889 7.0 0.0 0.0 4318.974358974359 4080.0000000000005 4395.8974358974365 4473.846153846154 4485.641025641026 4735.384615384616 4521.025641025642 4379.48717948718 4724.102564102564 4085.6410256410263 3954.8717948717954 4405.128205128206 4623.076923076924 4396.923076923077 1611.0 1710.0 3.889 3.8470561504364014 0.0 0.0 0.0 0.0  1  0  0  0  0  0  0  0  0  0  0  0  0  0 
3901 8.0 0.0 0.0 4309.2307692307695 4073.333333333334 4402.051282051282 4476.923076923077 4487.6923076923085 4736.410256410257 4511.282051282052 4384.102564102564 4724.615384615386 4086.1538461538466 3947.1794871794878 4391.282051282052 4615.384615384616 4393.333333333334 1611.0 1711.0 3.901 3.8470561504364014 0.0 0.0 0.0 0.0  1  0  0  0  0  0  0  0  0  0  0  0  0  0 
3905 9.0 0.0 0.0 4325.641025641026 4068.717948717949 4411.794871794872 4480.000000000001 4483.076923076924 4732.820512820514 4504.615384615385 4382.051282051282 4724.102564102564 4084.1025641025644 3949.7435897435903 4392.820512820514 4613.333333333334 4397.948717948719 1610.0 1710.0 3.905 3.8470561504364014 0.0 0.0 0.0 0.0  1  0  0  0  0  0  0  0  0  0  0  0  0  0 
3913 10.0 0.0 0.0 4340.000000000001 4075.8974358974365 4402.051282051282 4485.128205128206 4487.179487179488 4732.307692307693 4510.256410256411 4380.512820512821 4723.076923076924 4081.538461538462 3948.205128205129 4375.8974358974365 4614.358974358975 4394.871794871796 1611.0 1711.0 3.913 3.8470561504364014 0.0 0.0 0.0 0.0  1  0  0  0  0  0  0  0  0  0  0  0  0  0 
3920 11.0 0.0 0.0 