6668 119.0 0.0 0.0 4452.820512820514 4116.923076923077 4400.512820512821 4563.076923076924 4493.846153846154 4698.974358974359 4367.179487179487 4381.025641025642 4727.179487179488 4068.717948717949 3909.7435897435903 4214.358974358975 4617.435897435898 4397.948717948719 1612.0 1710.0 6.668 6.56814432144165 0.0 0.0 0.0 0.0  1  0  0  0  0  0  0  0  0  0  0  0  0  0 
6675 120.0 0.0 0.0 4432.307692307693 4117.435897435898 4402.051282051282 4555.8974358974365 4493.333333333334 4703.076923076924 4371.282051282052 4380.000000000001 4727.179487179488 4069.7435897435903 3910.2564102564106 4211.794871794872 4614.358974358975 4397.435897435898 1611.0 1710.0 6.675 6.56814432144165 0.0 0.0 0.0 0.0  1  0  0  0  0  0  0  0  0  0  0  0  0  0 
6683 121.0 0.0 0.0 4421.538461538462 4110.769230769231 4391.282051282052 4543.076923076924 4486.666666666667 4705.641025641026 4381.025641025642 4380.000000000001 4726.666666666667 4067.1794871794878 3917.435897435898 4250.769230769231 4620.000000000001 4395.8974358974365 1614.0 1710.0 6.683 6.56814432144165 0.0 0.0 0.0 0.0  1  0  0  0  0  0  0  0  0  0  0  0  0  0 
6691 122.0 0.0 0.0 4388.717948717949 4090.7692307692314 4408.205128205129 4527.6923076923085 4486.153846153847 4713.333333333334 4387.6923076923085 4380.000000000001 4727.179487179488 4065.6410256410263 3926.1538461538466 4291.794871794872 4616.410256410257 4386.666666666667 1611.0 1711.0 6.691 6.56814432144165 0.0 0.0 0.0 0.0  1  0  0  0  0  0  0  0  0  0  0  0  0  0 
6699 123.0 0.0 0.0 4356.923076923077 4075.3846153846157 4413.846153846154 4504.615384615385 4485.128205128206 4716.923076923077 4380.000000000001 4381.025641025642 4726.666666666667 4066.666666666667 3937.435897435898 4323.076923076924 4610.256410256411 4387.179487179487 1613.0 1710.0 6.699 6.56814432144165 0.0 0.0 0.0 0.0  1  0  0  0  0  0  0  0  0  0  0  0  0  0 
6707 124.0 0.0 0.0 4363.589743589744 4067.692307692308 4404.102564102564 4492.307692307693 4481.538461538462 4718.461538461539 4373.846153846154 4384.615384615385 4724.615384615386 4066.1538461538466 3945.1282051282055 4337.435897435898 4610.769230769231 4395.8974358974365 1613.0 1711.0 6.707 6.56814432144165 0.0 0.0 0.0 0.0  1  0  0  0  0  0  0  0  0  0  0  0  0  0 
6715 125.0 0.0 0.0 4384.102564102564 4067.1794871794878 4402.564102564103 4503.589743589744 4480.000000000001 4718.461538461539 4380.000000000001 4383.589743589744 4725.641025641026 4064.1025641025644 3945.1282051282055 4345.128205128206 4615.8974358974365 4395.384615384616 1614.0 1713.0 6.715 6.56814432144165 0.0 0.0 0.0 0.0  1  0  0  0  0  0  0  0  0  0  0  0  0  0 
6722 126.0 0.0 0.0 4373.846153846154 4076.9230769230776 4387.179487179487 4513.846153846154 4486.153846153847 4720.000000000001 4390.769230769231 4381.025641025642 4727.179487179488 4065.6410256410263 3942.0512820512827 4347.179487179487 4614.358974358975 4388.205128205129 1612.0 1710.0 6.722 6.56814432144165 0.0 0.0 0.0 0.0  1  0  0  0  0  0  0  0  0  0  0  0  0  0 
6730 127.0 0.0 0.0 4367.6923076923085 4087.692307692308 4391.794871794872 4504.102564102564 4487.179487179488 4717.948717948719 4407.6923076923085 4383.076923076924 4725.641025641026 4064.615384615385 3938.9743589743593 4335.8974358974365 4610.256410256411 4394.358974358975 1613.0 1712.0 6.73 6.56814432144165 0.0 0.0 0.0 0.0  1  0  0  0  0  0  0  0  0  0  0  0  0  0 
6738 128.0 0.0 0.0 4378.461538461539 4081.0256410256416 4429.743589743591 4500.000000000001 4480.000000000001 4713.333333333334 4428.205128205129 4383.076923076924 4724.615384615386 4063.589743589744 3936.410256410257 4334.871794871796 4610.769230769231 4404.102564102564 1614.0 1711.0 6.738 6.56814432144165 0.0 0.0 0.0 0.0  1  0  0  0  0  0  0  0  0  0  0  0  0  0 
6746 0.0 0.0 0.0 4370.256410256411 4068.717948717949 4414.358974358975 4508.205128205129 4485.128205128206 4721.538461538462 4443.076923076924 4381.538461538462 4725.128205128206 4063.589743589744 3929.7435897435903 4345.641025641026 4605.641025641026 4393.333333333334 1614.0 1713.0 6.746 6.56814432144165 0.0 0.0 0.0 0.0  1  0  0  0  0  0  0  0  0  0  0  0  0  0 
6754 1.0 0.0 0.0 4369.743589743591 4078.9743589743593 4380.000000000001 4505.641025641026 4488.717948717949 4725.641025641026 4442.051282051282 4377.948717948719 4723.076923076924 4064.1025641025644 3931.7948717948725 4353.846153846154 4607.6923076923085 4389.2307692307695 1613.0 1713.0 6.754 6.56814432144165 0.0 0.0 0.0 0.0  1  0  0  0  0  0  0  0  0  0  0  0  0  0 
6761 2.0 0.0 0.0 4377.948717948719 4092.307692307693 4375.8974358974365 4497.435897435898 4488.717948717949 4721.025641025642 4427.6923076923085 4377.948717948719 4722.564102564103 4063.589743589744 3936.410256410257 4337.435897435898 4610.769230769231 4400.512820512821 1614.0 1711.0 6.761 6.56814432144165 0.0 0.0 0.0 0.0  1  0  0  0  0  0  0  0  0  0  0  0  0  0 
6769 3.0 0.0 0.0 4393.846153846154 4088.717948717949 4380.512820512821 4507.6923076923085 4484.615384615385 4715.384615384616 4406.666666666667 4379.48717948718 4725.128205128206 4065.6410256410263 3934.358974358975 4331.282051282052 4614.871794871796 4405.641025641026 1613.0 1712.0 6.769 6.56814432144165 0.0 0.0 0.0 0.0  1  0  0  0  0  0  0  0  0  0  0  0  0  0 
6777 4.0 0.0 0.0 4367.6923076923085 4073.333333333334 4377.435897435898 4516.923076923077 4487.179487179488 4724.102564102564 4395.8974358974365 4385.128205128206 4727.179487179488 4066.666666666667 3928.717948717949 4331.282051282052 4608.205128205129 4386.153846153847 1613.0 1712.0 6.777 6.56814432144165 0.0 0.0 0.0 0.0  1  0  0  0  0  0  0  0  0  0  0  0  0  0 
6785 5.0 0.0 0.0 4345.641025641026 4072.820512820513 4407.6923076923085 4502.051282051282 4483.076923076924 4720.000000000001 4400.000000000001 4384.102564102564 4725.128205128206 4067.1794871794878 3944.615384615385 4353.846153846154 4611.282051282052 4384.615384615385 1613.0 1711.0 6.785 6.56814432144165 0.0 0.0 0.0 0.0  1  0  0  0  0  0  0  0  0  0  0  0  0  0 
6793 6.0 0.0 0.0 4330.256410256411 4071.7948717948725 4402.564102564103 4477.948717948719 4481.538461538462 4718.461538461539 4396.923076923077 4381.538461538462 4725.641025641026 4067.692307692308 3958.9743589743593 4375.8974358974365 4613.333333333334 4396.410256410257 1613.0 1712.0 6.793 6.755805969238281 0.0 0.0 0.0 0.0  1  0  0  0  0  0  0  0  0  0  0  0  0  0 
6801 7.0 0.0 0.0 4345.641025641026 4059.48717948718 4401.538461538462 4479.48717948718 4481.025641025642 4719.48717948718 4377.435897435898 4380.000000000001 4726.153846153847 4069.23076923077 3957.9487179487182 4380.000000000001 4615.384615384616 4397.435897435898 1612.0 1710.0 6.801 6.755805969238281 0.0 0.0 0.0 0.0  1  0  0  0  0  0  0  0  0  0  0  0  0  0 
6808 8.0 0.0 0.0 4374.358974358975 4061.0256410256416 4393.333333333334 4507.179487179488 4486.666666666667 4722.051282051282 4374.871794871796 4381.025641025642 4727.179487179488 4067.692307692308 3945.1282051282055 4337.435897435898 4609.743589743591 4385.641025641026 1612.0 1712.0 6.808 6.755805969238281 0.0 0.0 0.0 0.0  1  0  0  0  0  0  0  0  0  0  0  0  0  0 
6816 9.0 0.0 0.0 4414.871794871796 4096.410256410257 4355.8974358974365 4529.2307692307695 4487.6923076923085 4710.769230769231 4393.333333333334 4380.000000000001 4727.6923076923085 4065.1282051282055 3937.9487179487182 4289.2307692307695 4615.8974358974365 4397.435897435898 1613.0 1711.0 6.816 6.755805969238281 0.0 0.0 0.0 0.0  1  0  0  0  0  0  0  0  0  0  0  0  0  0 
6824 10.0 0.0 0.0 4426.666666666667 4112.820512820514 4340.512820512821 4535.384615384616 4488.205128205129 4704.615384615386 4393.333333333334 4382.564102564103 4729.2307692307695 4065.1282051282055 3929.7435897435903 4253.333333333334 4624.102564102564 4409.2307692307695 1612.0 1713.0 6.824 6.755805969238281 0.0 0.0 0.0 0.0  1  0  0  0  0  0  0  0  0  0  0  0  0  0 
6832 11.0 0.0 0.0 4421.538461538462 4095.3846153846157 4393.846153846154 4537.948717948719 4489.743589743591 4706.666666666667 4367.179487179487 4386.666666666667 4730.769230769231 4068.205128205129 3921.0256410256416 4248.205128205129 4621.538461538462 4397.435897435898 1613.0 1710.0 6.832 6.755805969238281 0.0 0.0 0.0 0.0  1  0  0  0  0  0  0  0  0  0  0  0  0  0 
6840 12.0 0.0 0.0 4395.8974358974365 4089.23076923077 4410.769230769231 4532.307692307693 4491.794871794872 4713.333333333334 4354.358974358975 4383.076923076924 4728.717948717949 4068.205128205129 3922.0512820512827 4277.435897435898 4615.384615384616 4386.666666666667 1612.0 1712.0 6.84 6.755805969238281 0.0 0.0 0.0 0.0  1  0  0  0  0  0  0  0  0  0  0  0  0  0 
6848 13.0 0.0 0.0 4365.128205128206 4096.410256410257 4386.666666666667 4516.410256410257 4489.2307692307695 4715.8974358974365 4366.666666666667 4380.000000000001 4726.153846153847 4066.666666666667 3930.2564102564106 4307.179487179487 4614.871794871796 4394.358974358975 1614.0 1714.0 6.848 6.755805969238281 0.0 0.0 0.0 0.0  1  0  0  0  0  0  0  0  0  0  0  0  0  0 
6855 14.0 0.0 0.0 4377.948717948719 4089.23076923077 4395.8974358974365 4511.282051282052 4487.6923076923085 4718.461538461539 4375.384615384616 4380.000000000001 4726.666666666667 4065.6410256410263 3930.2564102564106 4310.256410256411 4612.307692307693 4393.333333333334 1614.0 1712.0 6.855 6.755805969238281 0.0 0.0 0.0 0.0  1  0  0  0  0  0  0  0  0  0  0  0  0  0 
6863 15.0 0.0 0.0 4415.384615384616 4087.1794871794878 4386.666666666667 4521.538461538462 4490.256410256411 4721.025641025642 4374.871794871796 4380.512820512821 4728.717948717949 4065.6410256410263 3921.0256410256416 4287.6923076923085 4608.205128205129 4385.641025641026 1612.0 1711.0 6.863 6.755805969238281 0.0 0.0 0.0 0.0  1  0  0  0  0  0  0  0  0  0  0  0  0  0 
6871 16.0 0.0 0.0 4444.615384615385 4102.051282051282 4382.051282051282 4537.948717948719 4485.641025641026 4709.2307692307695 4380.512820512821 4382.051282051282 4727.179487179488 4065.6410256410263 3917.9487179487182 4249.74358974359 4618.461538461539 4398.974358974359 1611.0 1711.0 6.871 6.755805969238281 0.0 0.0 0.0 0.0  1  0  0  0  0  0  0  0  0  0  0  0  0  0 
6879 17.0 0.0 0.0 4458.974358974359 4105.128205128206 4420.512820512821 4554.871794871796 4482.564102564103 4698.974358974359 4390.769230769231 4386.666666666667 4727.179487179488 4065.6410256410263 3911.7948717948725 4197.948717948719 4622.564102564103 4406.666666666667 1612.0 1710.0 6.879 6.755805969238281 0.0 0.0 0.0 0.0  1  0  0  0  0  0  0  0  0  0  0  0  0  0 
6887 18.0 0.0 0.0 4454.871794871796 4102.564102564103 4432.307692307693 4561.538461538462 4485.128205128206 4700.512820512821 4397.435897435898 4383.589743589744 4729.743589743591 4066.1538461538466 3910.2564102564106 4192.307692307693 4620.000000000001 4396.923076923077 1614.0 1710.0 6.887 6.755805969238281 0.0 0.0 0.0 0.0  1  0  0  0  0  0  0  0  0  0  0  0  0  0 
6894 19.0 0.0 0.0 4412.820512820514 4104.102564102564 4385.128205128206 4547.179487179488 4491.794871794872 4712.307692307693 4401.538461538462 4381.025641025642 4730.256410256411 4065.6410256410263 3916.410256410257 4231.282051282052 4615.384615384616 4386.666666666667 1614.0 1711.0 6.894 6.755805969238281 0.0 0.0 0.0 0.0  1  0  0  0  0  0  0  0  0  0  0  0  0  0 
6902 20.0 0.0 0.0 4382.564102564103 4096.410256410257 4398.974358974359 4523.076923076924 4484.102564102564 4711.794871794872 4397.948717948719 4380.512820512821 4727.6923076923085 4067.1794871794878 3929.7435897435903 4288.205128205129 4622.051282051282 4394.871794871796 1614.0 1711.0 6.902 6.755805969238281 0.0 0.0 0.0 0.0  1  0  0  0  0  0  0  0  0  0  0  0  0  0 
6910 21.0 0.0 0.0 4343.589743589744 4071.7948717948725 4436.923076923077 4502.564102564103 4481.025641025642 4718.461538461539 4391.794871794872 4382.564102564103 4726.666666666667 4066.666666666667 3937.9487179487182 4323.076923076924 4617.435897435898 4392.307692307693 1614.0 1714.0 6.91 6.755805969238281 0.0 0.0 0.0 0.0  1  0  0  0  0  0  0  0  0  0  0  0  0  0 
6918 22.0 0.0 0.0 4335.384615384616 4065.1282051282055 4431.282051282052 4495.384615384616 4482.564102564103 4723.076923076924 4389.743589743591 4381.025641025642 4726.153846153847 4066.666666666667 3945.1282051282055 4349.2307692307695 4612.820512820514 4386.666666666667 1615.0 1713.0 6.918 6.880913257598877 0.0 0.0 0.0 0.0  1  0  0  0  0  0  0  0  0  0  0  0  0  0 
6926 23.0 0.0 0.0 4363.589743589744 4078.461538461539 4382.564102564103 4505.128205128206 4487.179487179488 4725.128205128206 4390.769230769231 4382.051282051282 4725.128205128206 4068.205128205129 3940.5128205128212 4341.538461538462 4610.769230769231 4389.743589743591 1611.0 1713.0 6.926 6.880913257598877 0.0 0.0 0.0 0.0  1  0  0  0  0  0  0  0  0  0  0  0  0  0 
6933 24.0 0.0 0.0 4404.615384615385 4090.7692307692314 4367.6923076923085 4517.948717948719 4483.076923076924 4713.846153846154 4389.743589743591 4382.564102564103 4724.615384615386 4069.23076923077 3934.8717948717954 4318.974358974359 4617.948717948719 4405.128205128206 1613.0 1714.0 6.933 6.880913257598877 0.0 0.0 0.0 0.0  1  0  0  0  0  0  0  0  0  0  0  0  0  0 
6941 25.0 0.0 0.0 4406.666666666667 4083.589743589744 4376.923076923077 4518.461538461539 4485.128205128206 4709.2307692307695 4392.307692307693 4384.102564102564 4727.179487179488 4068.717948717949 3931.7948717948725 4304.615384615385 4618.461538461539 4405.128205128206 1613.0 1711.0 6.941 6.880913257598877 0.0 0.0 0.0 0.0  1  0  0  0  0  0  0  0  0  0  0  0  0  0 
6949 26.0 0.0 0.0 4402.564102564103 4075.8974358974365 4404.615384615385 4515.8974358974365 4487.179487179488 4709.2307692307695 4396.410256410257 4382.051282051282 4727.6923076923085 4068.205128205129 3931.2820512820517 4315.384615384616 4616.410256410257 4398.461538461539 1613.0 1712.0 6.949 6.880913257598877 0.0 0.0 0.0 0.0  1  0  0  0  0  0  0  0  0  0  0  0  0  0 
6957 27.0 0.0 0.0 4371.282051282052 4078.461538461539 4422.564102564103 4510.256410256411 4485.128205128206 4712.820512820514 4401.538461538462 4377.435897435898 4727.179487179488 4068.205128205129 3935.8974358974365 4324.615384615385 4612.820512820514 4395.384615384616 1613.0 1710.0 6.957 6.880913257598877 0.0 0.0 0.0 0.0  1  0  0  0  0  0  0  0  0  0  0  0  0  0 
6965 28.0 0.0 0.0 4335.8974358974365 4078.461538461539 4438.461538461539 4493.846153846154 4480.512820512821 4713.846153846154 4397.948717948719 4376.923076923077 4724.615384615386 4068.717948717949 3946.666666666667 4331.794871794872 4614.358974358975 4395.8974358974365 1613.0 1711.0 6.965 6.880913257598877 0.0 0.0 0.0 0.0  1  0  0  0  0  0  0  0  0  0  0  0  0  0 
6973 29.0 0.0 0.0 4330.256410256411 4066.1538461538466 4435.384615384616 4489.2307692307695 4480.000000000001 4718.974358974359 4384.102564102564 4380.512820512821 4724.102564102564 4068.205128205129 3949.7435897435903 4341.025641025642 4615.8974358974365 4393.333333333334 1613.0 1710.0 6.973 6.880913257598877 0.0 0.0 0.0 0.0  1  0  0  0  0  0  0  0  0  0  0  0  0  0 
6980 30.0 0.0 0.0 4338.461538461539 4066.1538461538466 4410.256410256411 4502.051282051282 4484.102564102564 4723.589743589744 4375.384615384616 4382.564102564103 4727.179487179488 4065.1282051282055 3945.1282051282055 4339.48717948718 4614.358974358975 4390.256410256411 1613.0 1711.0 6.98 6.880913257598877 0.0 0.0 0.0 0.0  1  0  0  0  0  0  0  0  0  0  0  0  0  0 
6988 31.0 0.0 0.0 4351.794871794872 4082.0512820512827 4398.461538461539 4509.743589743591 4482.564102564103 4718.974358974359 4375.384615384616 4380.000000000001 4728.717948717949 4065.6410256410263 3944.1025641025644 4329.743589743591 4614.358974358975 4392.820512820514 1614.0 1711.0 6.988 6.880913257598877 0.0 0.0 0.0 0.0  1  0  0  0  0  0  0  0  0  0  0  0  0  0 
6996 32.0 0.0 0.0 4366.153846153847 4084.1025641025644 4395.384615384616 4508.717948717949 4482.564102564103 4715.384615384616 4373.333333333334 4378.461538461539 4728.205128205129 4067.1794871794878 3943.076923076924 4318.974358974359 4614.871794871796 4390.256410256411 1613.0 1712.0 6.996 6.880913257598877 0.0 0.0 0.0 0.0  1  0  0  0  0  0  0  0  0  0  0  0  0  0 
7004 33.0 0.0 0.0 4386.666666666667 4075.8974358974365 4399.48717948718 4514.871794871796 4483.589743589744 4715.384615384616 4368.205128205129 4377.435897435898 4728.205128205129 4065.6410256410263 3940.5128205128212 4321.538461538462 4617.435897435898 4392.820512820514 1613.0 1712.0 7.004 6.880913257598877 0.0 0.0 0.0 0.0  1  0  0  0  0  0  0  0  0  0  0  0  0  0 
7012 34.0 0.0 0.0 4391.794871794872 4076.9230769230776 4392.820512820514 4517.948717948719 4486.153846153847 4718.461538461539 4363.589743589744 4377.948717948719 4727.6923076923085 4065.1282051282055 3933.8461538461543 4321.538461538462 4614.358974358975 4398.461538461539 1612.0 1712.0 7.012 6.880913257598877 0.0 0.0 0.0 0.0  1  0  0  0  0  0  0  0  0  0  0  0  0  0 
7020 35.0 0.0 0.0 4400.512820512821 4081.538461538462 4395.8974358974365 4514.358974358975 4482.051282051282 4710.769230769231 4356.923076923077 4377.435897435898 4726.153846153847 4066.1538461538466 3936.410256410257 4328.717948717949 4617.435897435898 4406.153846153847 1613.0 1712.0 7.02 6.880913257598877 0.0 0.0 0.0 0.0  1  0  0  0  0  0  0  0  0  0  0  0  0  0 
7027 36.0 0.0 0.0 4394.871794871796 4074.8717948717954 4391.794871794872 4510.769230769231 4486.153846153847 4712.307692307693 4351.794871794872 4380.000000000001 4725.641025641026 4067.1794871794878 3937.9487179487182 4321.025641025642 4613.846153846154 4404.102564102564 1613.0 1712.0 7.027 6.880913257598877 0.0 0.0 0.0 0.0  1  0  0  0  0  0  0  0  0  0  0  0  0  0 
7035 37.0 0.0 0.0 4393.333333333334 4078.461538461539 4397.435897435898 4514.358974358975 4488.205128205129 4712.820512820514 4350.769230769231 4380.512820512821 4726.666666666667 4068.205128205129 3935.8974358974365 4318.974358974359 4617.948717948719 4405.128205128206 1613.0 1712.0 7.035 6.880913257598877 0.0 0.0 0.0 0.0  1  0  0  0  0  0  0  0  0  0  0  0  0  0 
7043 38.0 0.0 0.0 4374.358974358975 4085.6410256410263 4400.512820512821 4516.923076923077 4485.641025641026 4714.358974358975 4355.384615384616 4382.051282051282 4727.179487179488 4067.1794871794878 3930.2564102564106 4314.358974358975 4616.410256410257 4402.051282051282 1613.0 1711.0 7.043 7.006021022796631 0.0 0.0 0.0 0.0  1  0  0  0  0  0  0  0  0  0  0  0  0  0 
7051 39.0 0.0 0.0 4374.358974358975 4083.076923076924 4418.461538461539 4512.820512820514 4479.48717948718 4711.794871794872 4360.000000000001 4378.974358974359 4726.153846153847 4066.1538461538466 3935.3846153846157 4318.461538461539 4615.8974358974365 4400.000000000001 1612.0 1711.0 7.051 7.006021022796631 0.0 0.0 0.0 0.0  1  0  0  0  0  0  0  0  0  0  0  0  0  0 
7059 40.0 0.0 0.0 4373.333333333334 4076.410256410257 4411.282051282052 4510.256410256411 4487.179487179488 4718.974358974359 4368.717948717949 4380.000000000001 4725.128205128206 4067.1794871794878 3934.358974358975 4311.282051282052 4610.769230769231 4389.743589743591 1614.0 1711.0 7.059 7.006021022796631 0.0 0.0 0.0 0.0  1  0  0  0  0  0  0  0  0  0  0  0  0  0 
7066 41.0 0.0 0.0 4378.461538461539 4082.564102564103 4406.153846153847 4517.435897435898 4487.179487179488 4720.000000000001 4376.410256410257 4380.000000000001 4725.641025641026 4066.666666666667 3933.333333333334 4306.153846153847 4615.8974358974365 4387.6923076923085 1613.0 1711.0 7.066 7.006021022796631 0.0 0.0 0.0 0.0  1  0  0  0  0  0  0  0  0  0  0  0  0  0 
7074 42.0 0.0 0.0 4384.615384615385 4088.205128205129 4409.2307692307695 4523.589743589744 4480.512820512821 4718.974358974359 4381.025641025642 4381.025641025642 4726.666666666667 4063.589743589744 3936.410256410257 4295.8974358974365 4618.974358974359 4390.256410256411 1613.0 1711.0 7.074 7.03729772567749 0.0 0.0 0.0 0.0  1  0  0  0  0  0  0  0  0  0  0  0  0  0 
7082 43.0 0.0 0.0 4403.589743589744 4083.589743589744 4412.820512820514 4521.025641025642 4478.461538461539 4711.794871794872 4380.000000000001 4381.025641025642 4726.666666666667 4066.1538461538466 3940.0000000000005 4291.282051282052 4619.48717948718 4393.333333333334 1613.0 1711.0 7.082 7.03729772567749 0.0 0.0 0.0 0.0  1  0  0  0  0  0  0  0  0  0  0  0  0  0 
7090 44.0 0.0 0.0 4402.564102564103 4077.435897435898 4400.512820512821 4518.974358974359 4484.615384615385 4712.307692307693 4380.000000000001 4381.538461538462 4726.666666666667 4069.23076923077 3935.8974358974365 4295.8974358974365 4616.923076923077 4392.820512820514 1613.0 1710.0 7.09 7.03729772567749 0.0 0.0 0.0 0.0  1  0  0  0  0  0  0  0  0  0  0  0  0  0 
7098 45.0 0.0 0.0 4390.769230769231 4080.5128205128212 4395.8974358974365 4517.435897435898 4483.076923076924 4716.923076923077 4386.666666666667 4383.589743589744 4727.179487179488 4066.1538461538466 3932.820512820513 4308.717948717949 4615.8974358974365 4396.410256410257 1612.0 1711.0 7.098 7.03729772567749 0.0 0.0 0.0 0.0  1  0  0  0  0  0  0  0  0  0  0  0  0  0 
7106 46.0 0.0 0.0 4375.384615384616 4083.076923076924 4404.615384615385 4512.307692307693 4481.538461538462 4716.923076923077 4391.282051282052 4382.564102564103 4726.666666666667 4063.589743589744 3936.410256410257 4325.128205128206 4615.8974358974365 4401.025641025642 1614.0 1713.0 7.106 7.03729772567749 0.0 0.0 0.0 0.0  1  0  0  0  0  0  0  0  0  0  0  0  0  0 
7113 47.0 0.0 0.0 4360.512820512821 4076.410256410257 4411.282051282052 4506.153846153847 4484.615384615385 4718.461538461539 4389.743589743591 4382.051282051282 4727.6923076923085 4065.1282051282055 3937.9487179487182 4339.48717948718 4611.794871794872 4398.974358974359 1614.0 1711.0 7.113 7.03729772567749 0.0 0.0 0.0 0.0  1  0  0  0  0  0  0  0  0  0  0  0  0  0 
7121 48.0 0.0 0.0 4350.256410256411 4071.7948717948725 4418.974358974359 4501.538461538462 4483.589743589744 4721.025641025642 4390.769230769231 4382.564102564103 4727.6923076923085 4068.205128205129 3937.435897435898 4358.974358974359 4610.769230769231 4396.410256410257 1612.0 1712.0 7.121 7.03729772567749 0.0 0.0 0.0 0.0  1  0  0  0  0  0  0  0  0  0  0  0  0  0 
7129 49.0 0.0 0.0 4328.717948717949 4073.333333333334 4430.769230769231 4493.333333333334 4484.102564102564 4722.564102564103 4395.384615384616 4383.589743589744 4725.128205128206 4070.2564102564106 3937.9487179487182 4371.282051282052 4608.717948717949 4390.256410256411 1614.0 1711.0 7.129 7.03729772567749 0.0 0.0 0.0 0.0  1  0  0  0  0  0  0  0  0  0  0  0  0  0 
7137 50.0 0.0 0.0 4326.666666666667 4069.7435897435903 4441.538461538462 4486.666666666667 4481.025641025642 4722.051282051282 4386.153846153847 4379.48717948718 4722.051282051282 4070.2564102564106 3948.205128205129 4387.6923076923085 4611.794871794872 4392.307692307693 1614.0 1712.0 7.137 7.03729772567749 0.0 0.0 0.0 0.0  1  0  0  0  0  0  0  0  0  0  0  0  0  0 
7145 51.0 0.0 0.0 4328.717948717949 4054.358974358975 4404.615384615385 4477.948717948719 4482.564102564103 4729.2307692307695 4375.8974358974365 4380.512820512821 4723.589743589744 4067.1794871794878 3955.8974358974365 4408.205128205129 4609.743589743591 4394.358974358975 1613.0 1711.0 7.145 7.03729772567749 0.0 0.0 0.0 0.0  1  0  0  0  0  0  0  0  0  0  0  0  0  0 
7152 52.0 0.0 0.0 4325.128205128206 4047.1794871794878 4388.717948717949 4463.589743589744 4482.051282051282 4727.179487179488 4377.948717948719 4380.512820512821 4724.102564102564 4066.1538461538466 3962.0512820512827 4442.051282051282 4610.769230769231 4395.384615384616 1612.0 1711.0 7.152 7.03729772567749 0.0 0.0 0.0 0.0  1  0  0  0  0  0  0  0  0  0  0  0  0  0 
7160 53.0 0.0 0.0 4302.564102564103 4047.1794871794878 4404.102564102564 4458.461538461539 4482.051282051282 4726.153846153847 4378.974358974359 4378.974358974359 4724.102564102564 4068.205128205129 3962.564102564103 4446.153846153847 4609.2307692307695 4392.307692307693 1613.0 1711.0 7.16 7.03729772567749 0.0 0.0 0.0 0.0  1  0  0  0  0  0  0  0  0  0  0  0  0  0 
7168 54.0 0.0 0.0 4322.051282051282 4051.2820512820517 4416.410256410257 4473.846153846154 4478.461538461539 4722.564102564103 4377.435897435898 4376.923076923077 4724.615384615386 4067.692307692308 3964.1025641025644 4424.615384615385 4613.333333333334 4396.923076923077 1611.0 1711.0 7.168 7.131128311157227 0.0 0.0 0.0 0.0  1  0  0  0  0  0  0  0  0  0  0  0  0  0 
7176 55.0 0.0 0.0 4332.820512820514 4054.8717948717954 4401.538461538462 4486.666666666667 4484.615384615385 4725.641025641026 4377.948717948719 4380.512820512821 4727.6923076923085 4067.692307692308 3958.461538461539 4394.358974358975 4608.205128205129 4395.8974358974365 1612.0 1711.0 7.176 7.131128311157227 0.0 0.0 0.0 0.0  1  0  0  0  0  0  0  0  0  0  0  0  0  0 
7184 56.0 0.0 0.0 4336.923076923077 4066.666666666667 4407.6923076923085 4486.153846153847 4484.102564102564 4724.102564102564 4373.846153846154 4381.538461538462 4727.179487179488 4071.7948717948725 3954.358974358975 4387.6923076923085 4612.820512820514 4395.8974358974365 1613.0 1710.0 7.184 7.131128311157227 0.0 0.0 0.0 0.0  1  0  0  0  0  0  0  0  0  0  0  0  0  0 
7192 57.0 0.0 0.0 4342.564102564103 4074.8717948717954 4399.48717948718 4488.717948717949 4483.589743589744 4724.102564102564 4374.358974358975 4381.538461538462 4726.153846153847 4072.820512820513 3946.666666666667 4372.307692307693 4613.333333333334 4394.358974358975 1613.0 1711.0 7.192 7.131128311157227 0.0 0.0 0.0 0.0  1  0  0  0  0  0  0  0  0  0  0  0  0  0 
7199 58.0 0.0 0.0 4365.128205128206 4075.8974358974365 4386.666666666667 4500.000000000001 4485.641025641026 4718.974358974359 4376.923076923077 4377.435897435898 4726.153846153847 4070.2564102564106 3941.538461538462 4354.871794871796 4611.282051282052 4395.8974358974365 1612.0 1712.0 7.199 7.131128311157227 0.0 0.0 0.0 0.0  1  0  0  0  0  0  0  0  0  0  0  0  0  0 
7207 59.0 0.0 0.0 4372.307692307693 4075.3846153846157 4380.512820512821 4506.153846153847 4489.743589743591 4721.025641025642 4373.846153846154 4377.435897435898 4727.179487179488 4068.205128205129 3937.9487179487182 4343.589743589744 4611.282051282052 4393.846153846154 1613.0 1712.0 7.207 7.131128311157227 0.0 0.0 0.0 0.0  1  0  0  0  0  0  0  0  0  0  0  0  0  0 
7215 60.0 0.0 0.0 4379.48717948718 4083.589743589744 4375.384615384616 4508.205128205129 4489.2307692307695 4717.948717948719 4379.48717948718 4381.538461538462 4726.153846153847 4070.2564102564106 3936.410256410257 4338.461538461539 4617.435897435898 4395.384615384616 1613.0 1712.0 7.215 7.131128311157227 0.0 0.0 0.0 0.0  1  0  0  0  0  0  0  0  0  0  0  0  0  0 
7223 61.0 0.0 0.0 4397.948717948719 4089.7435897435903 4363.589743589744 4513.846153846154 4488.205128205129 4712.307692307693 4396.923076923077 4384.615384615385 4726.666666666667 4070.7692307692314 3931.7948717948725 4322.564102564103 4616.410256410257 4395.384615384616 1613.0 1711.0 7.223 7.131128311157227 0.0 0.0 0.0 0.0  1  0  0  0  0  0  0  0  0  0  0  0  0  0 
7231 62.0 0.0 0.0 4408.205128205129 4086.666666666667 4368.717948717949 4515.8974358974365 4488.717948717949 4710.256410256411 4391.282051282052 4383.589743589744 4729.2307692307695 4069.7435897435903 3929.7435897435903 4310.769230769231 4613.333333333334 4391.794871794872 1612.0 1711.0 7.231 7.131128311157227 0.0 0.0 0.0 0.0  1  0  0  0  0  0  0  0  0  0  0  0  0  0 
7238 63.0 0.0 0.0 4393.333333333334 4081.538461538462 4388.205128205129 4510.256410256411 4487.179487179488 4710.769230769231 4366.153846153847 4382.051282051282 4728.205128205129 4069.23076923077 3935.3846153846157 4320.512820512821 4615.8974358974365 4392.820512820514 1613.0 1711.0 7.238 7.131128311157227 0.0 0.0 0.0 0.0  1  0  0  0  0  0  0  0  0  0  0  0  0  0 
7246 64.0 0.0 0.0 4370.769230769231 4079.48717948718 4395.8974358974365 4506.153846153847 4485.641025641026 4713.333333333334 4352.307692307693 4383.589743589744 4726.153846153847 4068.717948717949 3937.435897435898 4330.769230769231 4615.8974358974365 4395.384615384616 1613.0 1711.0 7.246 7.131128311157227 0.0 0.0 0.0 0.0  1  0  0  0  0  0  0  0  0  0  0  0  0  0 
7254 65.0 0.0 0.0 4374.871794871796 4080.0000000000005 4400.000000000001 4507.6923076923085 4482.564102564103 4712.307692307693 4345.641025641026 4383.076923076924 4727.179487179488 4067.692307692308 3941.0256410256416 4343.589743589744 4617.435897435898 4397.435897435898 1614.0 1712.0 7.254 7.131128311157227 0.0 0.0 0.0 0.0  1  0  0  0  0  0  0  0  0  0  0  0  0  0 
7262 66.0 0.0 0.0 4372.307692307693 4079.48717948718 4401.538461538462 4507.179487179488 4482.051282051282 4715.8974358974365 4340.000000000001 4382.564102564103 4727.179487179488 4067.692307692308 3943.076923076924 4350.769230769231 4613.846153846154 4393.846153846154 1613.0 1711.0 7.262 7.131128311157227 0.0 0.0 0.0 0.0  1  0  0  0  0  0  0  0  0  0  0  0  0  0 
7270 67.0 0.0 0.0 4381.538461538462 4086.666666666667 4420.000000000001 4510.769230769231 4475.384615384616 4712.820512820514 4340.000000000001 4378.461538461539 4725.128205128206 4068.717948717949 3943.076923076924 4357.435897435898 4618.461538461539 4397.948717948719 1612.0 1714.0 7.27 7.131128311157227 0.0 0.0 0.0 0.0  1  0  0  0  0  0  0  0  0  0  0  0  0  0 
7278 68.0 0.0 0.0 4401.025641025642 4097.435897435898 4420.000000000001 4520.000000000001 4475.384615384616 4715.384615384616 4344.615384615385 4375.8974358974365 4725.128205128206 4068.717948717949 3938.9743589743593 4349.2307692307695 4617.435897435898 4404.102564102564 1615.0 1712.0 7.278 7.131128311157227 0.0 0.0 0.0 0.0  1  0  0  0  0  0  0  0  0  0  0  0  0  0 
7285 69.0 0.0 0.0 4430.256410256411 4106.666666666667 4415.384615384616 4531.794871794872 4477.435897435898 4714.871794871796 4351.282051282052 4372.820512820514 4723.589743589744 4068.205128205129 3941.538461538462 4349.743589743591 4618.461538461539 4409.743589743591 1613.0 1713.0 7.285 7.131128311157227 0.0 0.0 0.0 0.0  1  0  0  0  0  0  0  0  0  0  0  0  0  0 
7293 70.0 0.0 0.0 4433.333333333334 4107.6923076923085 4408.205128205129 4538.974358974359 4480.512820512821 4721.025641025642 4359.48717948718 4371.794871794872 4721.538461538462 4068.205128205129 3936.9230769230776 4342.051282051282 4615.8974358974365 4405.128205128206 1613.0 1713.0 7.293 7.2562360763549805 0.0 0.0 0.0 0.0  1  0  0  0  0  0  0  0  0  0  0  0  0  0 
7301 71.0 0.0 0.0 4439.48717948718 4108.717948717949 4416.410256410257 4537.435897435898 4478.461538461539 4721.538461538462 4366.153846153847 4369.743589743591 4719.48717948718 4066.666666666667 3930.7692307692314 4333.846153846154 4619.48717948718 4407.179487179487 1613.0 1712.0 7.301 7.2562360763549805 0.0 0.0 0.0 0.0  1  0  0  0  0  0  0  0  0  0  0  0  0  0 
7309 72.0 0.0 0.0 4425.128205128206 4098.974358974359 4399.48717948718 4531.282051282052 4484.615384615385 4723.589743589744 4372.820512820514 4374.358974358975 4720.512820512821 4064.615384615385 3930.2564102564106 4312.820512820514 4615.384615384616 4406.666666666667 1612.0 1711.0 7.309 7.2562360763549805 0.0 0.0 0.0 0.0  1  0  0  0  0  0  0  0  0  0  0  0  0  0 
7317 73.0 0.0 0.0 4409.743589743591 4090.2564102564106 4396.923076923077 4531.282051282052 4484.102564102564 4718.974358974359 4374.871794871796 4379.48717948718 4724.615384615386 4067.1794871794878 3934.358974358975 4300.512820512821 4615.8974358974365 4401.025641025642 1612.0 1711.0 7.317 7.2562360763549805 0.0 0.0 0.0 0.0  1  0  0  0  0  0  0  0  0  0  0  0  0  0 
7325 74.0 0.0 0.0 4378.461538461539 4089.23076923077 4413.333333333334 4530.256410256411 4483.589743589744 4722.564102564103 4374.871794871796 4380.000000000001 4727.179487179488 4069.23076923077 3931.2820512820517 4293.333333333334 4612.820512820514 4392.307692307693 1613.0 1710.0 7.325 7.2562360763549805 0.0 0.0 0.0 0.0  1  0  0  0  0  0  0  0  0  0  0  0  0  0 
7332 75.0 0.0 0.0 4367.6923076923085 4095.8974358974365 4426.666666666667 4524.102564102564 4483.589743589744 4722.564102564103 4372.307692307693 4378.974358974359 4725.641025641026 4067.1794871794878 3934.358974358975 4293.333333333334 4612.820512820514 4393.333333333334 1612.0 1710.0 7.332 7.2562360763549805 0.0 0.0 0.0 0.0  1  0  0  0  0  0  0  0  0  0  0  0  0  0 
7340 76.0 0.0 0.0 4382.051282051282 4096.410256410257 4417.948717948719 4524.615384615385 4484.615384615385 4721.538461538462 4363.589743589744 4378.974358974359 4725.641025641026 4066.1538461538466 3937.435897435898 4291.282051282052 4615.8974358974365 4393.333333333334 1613.0 1711.0 7.34 7.2562360763549805 0.0 0.0 0.0 0.0  1  0  0  0  0  0  0  0  0  0  0  0  0  0 
7348 77.0 0.0 0.0 4397.948717948719 4095.8974358974365 4420.000000000001 4531.794871794872 4481.538461538462 4720.512820512821 4353.333333333334 4374.871794871796 4725.128205128206 4069.23076923077 3933.8461538461543 4292.820512820514 4616.410256410257 4391.282051282052 1613.0 1710.0 7.348 7.2562360763549805 0.0 0.0 0.0 0.0  1  0  0  0  0  0  0  0  0  0  0  0  0  0 
7356 78.0 0.0 0.0 4409.743589743591 4100.000000000001 4425.641025641026 4540.512820512821 4481.538461538462 4722.564102564103 4360.512820512821 4372.307692307693 4724.102564102564 4068.205128205129 3929.2307692307695 4286.153846153847 4613.846153846154 4393.333333333334 1613.0 1713.0 7.356 7.2562360763549805 0.0 0.0 0.0 0.0  1  0  0  0  0  0  0  0  0  0  0  0  0  0 
7364 79.0 0.0 0.0 4432.307692307693 4106.153846153847 4425.128205128206 4548.205128205129 4484.102564102564 4723.076923076924 4373.333333333334 4375.384615384616 4722.564102564103 4063.076923076924 3927.1794871794878 4272.820512820514 4613.333333333334 4397.948717948719 1614.0 1712.0 7.364 7.2562360763549805 0.0 0.0 0.0 0.0  1  0  0  0  0  0  0  0  0  0  0  0  0  0 
7371 80.0 0.0 0.0 4441.538461538462 4106.153846153847 4421.025641025642 4547.179487179488 4482.564102564103 4723.589743589744 4375.384615384616 4374.358974358975 4720.512820512821 4063.076923076924 3925.1282051282055 4286.666666666667 4615.8974358974365 4400.512820512821 1612.0 1712.0 7.371 7.2562360763549805 0.0 0.0 0.0 0.0  1  0  0  0  0  0  0  0  0  0  0  0  0  0 
7379 81.0 0.0 0.0 4423.589743589744 4099.48717948718 4409.743589743591 4541.538461538462 4484.615384615385 4726.666666666667 4370.769230769231 4374.358974358975 4719.48717948718 4066.666666666667 3923.589743589744 4308.205128205129 4611.282051282052 4401.538461538462 1613.0 1713.0 7.379 7.2562360763549805 0.0 0.0 0.0 0.0  1  0  0  0  0  0  0  0  0  0  0  0  0  0 
7387 82.0 0.0 0.0 4408.717948717949 4099.48717948718 4418.461538461539 4538.461538461539 4485.128205128206 4727.179487179488 4369.743589743591 4376.923076923077 4721.025641025642 4068.717948717949 3926.1538461538466 4315.8974358974365 4612.307692307693 4406.666666666667 1612.0 1711.0 7.387 7.2562360763549805 0.0 0.0 0.0 0.0  1  0  0  0  0  0  0  0  0  0  0  0  0  0 
7395 83.0 0.0 0.0 4389.743589743591 4099.48717948718 4424.102564102564 4530.769230769231 4486.153846153847 4731.794871794872 4374.871794871796 4380.000000000001 4723.076923076924 4068.205128205129 3925.6410256410263 4312.820512820514 4612.307692307693 4402.564102564103 1613.0 1711.0 7.395 7.2562360763549805 0.0 0.0 0.0 0.0  1  0  0  0  0  0  0  0  0  0  0  0  0  0 
7403 84.0 0.0 0.0 4367.179487179487 4091.2820512820517 4439.48717948718 4516.923076923077 4482.051282051282 4728.717948717949 4377.948717948719 4377.435897435898 4723.076923076924 4067.692307692308 3932.307692307693 4338.461538461539 4615.384615384616 4398.461538461539 1614.0 1711.0 7.403 7.2562360763549805 0.0 0.0 0.0 0.0  1  0  0  0  0  0  0  0  0  0  0  0  0  0 
7411 85.0 0.0 0.0 4326.666666666667 4075.3846153846157 4457.948717948719 4500.000000000001 4484.102564102564 4732.307692307693 4374.871794871796 4376.923076923077 4724.102564102564 4066.666666666667 3938.461538461539 4364.102564102564 4611.794871794872 4390.769230769231 1614.0 1711.0 7.411 7.2562360763549805 0.0 0.0 0.0 0.0  1  0  0  0  0  0  0  0  0  0  0  0  0  0 
7418 86.0 0.0 0.0 4321.538461538462 4068.717948717949 4455.8974358974365 4485.641025641026 4480.512820512821 4734.871794871796 4368.205128205129 4375.384615384616 4722.564102564103 4068.717948717949 3952.307692307693 4393.846153846154 4612.820512820514 4391.282051282052 1613.0 1711.0 7.418 7.381343364715576 0.0 0.0 0.0 0.0  1  0  0  0  0  0  0  0  0  0  0  0  0  0 
7426 87.0 0.0 0.0 4327.6923076923085 4068.205128205129 4411.282051282052 4480.512820512821 4480.512820512821 4737.948717948719 4370.256410256411 4376.923076923077 4722.051282051282 4068.717948717949 3961.0256410256416 4410.256410256411 4608.717948717949 4390.769230769231 1613.0 1713.0 7.426 7.381343364715576 0.0 0.0 0.0 0.0  1  0  0  0  0  0  0  0  0  0  0  0  0  0 
7434 88.0 0.0 0.0 4356.410256410257 4076.410256410257 4407.6923076923085 4490.769230769231 4478.461538461539 4730.769230769231 4370.769230769231 4376.410256410257 4721.538461538462 4066.666666666667 3961.538461538462 4405.128205128206 4613.846153846154 4396.410256410257 1614.0 1712.0 7.434 7.381343364715576 0.0 0.0 0.0 0.0  1  0  0  0  0  0  0  0  0  0  0  0  0  0 
7442 89.0 0.0 0.0 4400.000000000001 4092.820512820513 4404.615384615385 4517.948717948719 4481.538461538462 4729.2307692307695 4364.615384615385 4374.871794871796 4721.538461538462 4065.1282051282055 3947.692307692308 4355.384615384616 4614.871794871796 4398.974358974359 1612.0 1713.0 7.442 7.381343364715576 0.0 0.0 0.0 0.0  1  0  0  0  0  0  0  0  0  0  0  0  0  0 
7450 90.0 0.0 0.0 4454.358974358975 4115.384615384616 4395.8974358974365 4551.794871794872 4482.564102564103 4723.589743589744 4367.6923076923085 4372.307692307693 4722.564102564103 4066.666666666667 3933.333333333334 4297.948717948719 4617.948717948719 4405.641025641026 1612.0 1711.0 7.45 7.381343364715576 0.0 0.0 0.0 0.0  1  0  0  0  0  0  0  0  0  0  0  0  0  0 
7457 91.0 0.0 0.0 4464.615384615385 4128.717948717949 4418.461538461539 4565.641025641026 4483.589743589744 4721.025641025642 4371.282051282052 4372.820512820514 4725.641025641026 4067.692307692308 3921.0256410256416 4252.820512820514 4618.974358974359 4406.666666666667 1612.0 1710.0 7.457 7.381343364715576 0.0 0.0 0.0 0.0  1  0  0  0  0  0  0  0  0  0  0  0  0  0 
7465 92.0 0.0 0.0 4456.923076923077 4129.74358974359 4453.846153846154 4561.538461538462 4480.000000000001 4717.435897435898 4361.538461538462 4372.307692307693 4724.102564102564 4067.692307692308 3917.435897435898 4250.256410256411 4624.615384615385 4405.641025641026 1613.0 1710.0 7.465 7.381343364715576 0.0 0.0 0.0 0.0  1  0  0  0  0  0  0  0  0  0  0  0  0  0 
7473 93.0 0.0 0.0 4430.769230769231 4117.948717948719 4444.615384615385 4557.435897435898 4478.461538461539 4719.48717948718 4364.102564102564 4371.282051282052 4721.538461538462 4066.1538461538466 3924.615384615385 4282.051282051282 4624.615384615385 4404.615384615385 1612.0 1710.0 7.473 7.381343364715576 0.0 0.0 0.0 0.0  1  0  0  0  0  0  0  0  0  0  0  0  0  0 
7481 94.0 0.0 0.0 4392.820512820514 4108.205128205129 4446.666666666667 4542.564102564103 4475.384615384616 4724.615384615386 4380.512820512821 4371.282051282052 4723.076923076924 4066.666666666667 3934.358974358975 4325.128205128206 4620.000000000001 4404.102564102564 1613.0 1711.0 7.481 7.381343364715576 0.0 0.0 0.0 0.0  1  0  0  0  0  0  0  0  0  0  0  0  0  0 
7489 95.0 0.0 0.0 4370.256410256411 4100.512820512821 4476.410256410257 4518.461538461539 4470.256410256411 4732.307692307693 4389.743589743591 4371.282051282052 4721.538461538462 4067.692307692308 3944.615384615385 4365.128205128206 4618.974358974359 4404.102564102564 1614.0 1711.0 7.489 7.381343364715576 0.0 0.0 0.0 0.0  1  0  0  0  0  0  0  0  0  0  0  0  0  0 
7497 96.0 0.0 0.0 4364.615384615385 4093.333333333334 4475.384615384616 4511.282051282052 4469.743589743591 4740.512820512821 4394.871794871796 4370.256410256411 4718.461538461539 4066.666666666667 3950.2564102564106 4387.6923076923085 4618.461538461539 4402.051282051282 1613.0 1713.0 7.497 7.381343364715576 0.0 0.0 0.0 0.0  1  0  0  0  0  0  0  0  0  0  0  0  0  0 
7504 97.0 0.0 0.0 4387.6923076923085 4094.358974358975 4458.974358974359 4525.128205128206 4470.769230769231 4741.538461538462 4392.820512820514 4369.2307692307695 4718.461538461539 4067.1794871794878 3951.7948717948725 4387.179487179487 4618.461538461539 4402.051282051282 1613.0 1712.0 7.504 7.381343364715576 0.0 0.0 0.0 0.0  1  0  0  0  0  0  0  0  0  0  0  0  0  0 
7512 98.0 0.0 0.0 4418.974358974359 4105.128205128206 4442.051282051282 4537.435897435898 4472.307692307693 4736.410256410257 4391.282051282052 4368.205128205129 4718.461538461539 4067.692307692308 3945.1282051282055 4364.102564102564 4618.461538461539 4403.589743589744 1613.0 1713.0 7.512 7.381343364715576 0.0 0.0 0.0 0.0  1  0  0  0  0  0  0  0  0  0  0  0  0  0 
7520 99.0 0.0 0.0 4448.717948717949 4116.410256410257 4439.48717948718 4547.179487179488 4471.794871794872 4726.666666666667 4397.948717948719 4366.666666666667 4717.435897435898 4067.1794871794878 3940.0000000000005 4342.564102564103 4627.179487179488 4412.307692307693 1613.0 1712.0 7.52 7.381343364715576 0.0 0.0 0.0 0.0  1  0  0  0  0  0  0  0  0  0  0  0  0  0 
7528 100.0 0.0 0.0 4462.564102564103 4115.384615384616 4455.8974358974365 4563.589743589744 4472.820512820514 4730.256410256411 4389.743589743591 4368.205128205129 4719.48717948718 4066.1538461538466 3928.205128205129 4306.153846153847 4623.589743589744 4410.769230769231 1612.0 1712.0 7.528 7.381343364715576 0.0 0.0 0.0 0.0  1  0  0  0  0  0  0  0  0  0  0  0  0  0 
7536 101.0 0.0 0.0 4466.666666666667 4118.461538461539 4483.589743589744 4572.820512820514 4469.743589743591 4728.205128205129 4370.256410256411 4365.641025641026 4720.000000000001 4070.2564102564106 3921.538461538462 4282.564102564103 4620.000000000001 4410.769230769231 1614.0 1711.0 7.536 7.381343364715576 0.0 0.0 0.0 0.0  1  0  0  0  0  0  0  0  0  0  0  0  0  0 
7543 102.0 0.0 0.0 4438.461538461539 4127.179487179487 4462.564102564103 4564.615384615385 4473.333333333334 4728.205128205129 4378.974358974359 4365.641025641026 4718.974358974359 4072.307692307693 3924.615384615385 4277.948717948719 4621.025641025642 4411.794871794872 1612.0 1712.0 7.543 7.50645112991333 0.0 0.0 0.0 0.0  1  0  0  0  0  0  0  0  0  0  0  0  0  0 
7551 103.0 0.0 0.0 4414.358974358975 4127.179487179487 4448.717948717949 4555.8974358974365 4473.846153846154 4730.769230769231 4397.948717948719 4367.179487179487 4720.000000000001 4068.205128205129 3932.820512820513 4300.512820512821 4630.256410256411 4413.846153846154 1613.0 1712.0 7.551 7.50645112991333 0.0 0.0 0.0 0.0  1  0  0  0  0  0  0  0  0  0  0  0  0  0 
7559 104.0 0.0 0.0 4370.256410256411 4106.153846153847 4453.846153846154 4546.666666666667 4476.410256410257 4743.589743589744 4403.589743589744 4373.333333333334 4722.051282051282 4066.666666666667 3931.7948717948725 4314.871794871796 4623.076923076924 4402.564102564103 1613.0 1710.0 7.559 7.50645112991333 0.0 0.0 0.0 0.0  1  0  0  0  0  0  0  0  0  0  0  0  0  0 
7567 105.0 0.0 0.0 4344.615384615385 4091.2820512820517 4455.8974358974365 4529.743589743591 4477.435897435898 4741.538461538462 4407.6923076923085 4375.384615384616 4723.589743589744 4070.2564102564106 3936.410256410257 4328.717948717949 4615.8974358974365 4395.384615384616 1613.0 1712.0 7.567 7.50645112991333 0.0 0.0 0.0 0.0  1  0  0  0  0  0  0  0  0  0  0  0  0  0 
7575 106.0 0.0 0.0 4346.666666666667 4088.717948717949 4425.128205128206 4518.974358974359 4485.128205128206 4737.435897435898 4417.948717948719 4378.461538461539 4727.179487179488 4068.717948717949 3938.9743589743593 4319.48717948718 4613.846153846154 4390.256410256411 1613.0 1712.0 7.575 7.5377278327941895 0.0 0.0 0.0 0.0  1  0  0  0  0  0  0  0  0  0  0  0  0  0 
7583 107.0 0.0 0.0 4369.743589743591 4084.1025641025644 4408.205128205129 4521.025641025642 4487.179487179488 4734.871794871796 4417.435897435898 4382.051282051282 4729.2307692307695 4067.1794871794878 3935.8974358974365 4293.333333333334 4619.48717948718 4387.179487179487 1613.0 1712.0 7.583 7.5377278327941895 0.0 0.0 0.0 0.0  1  0  0  0  0  0  0  0  0  0  0  0  0  0 
7590 108.0 0.0 0.0 4377.948717948719 4071.2820512820517 4397.948717948719 4523.076923076924 4488.205128205129 4731.794871794872 4413.333333333334 4386.666666666667 4728.717948717949 4068.205128205129 3928.205128205129 4261.025641025642 4617.948717948719 4384.615384615385 1613.0 1710.0 7.59 7.5377278327941895 0.0 0.0 0.0 0.0  1  0  0  0  0  0  0  0  0  0  0  0  0  0 
7598 109.0 0.0 0.0 4389.2307692307695 4065.1282051282055 4399.48717948718 4521.538461538462 4487.179487179488 4720.000000000001 4417.948717948719 4388.205128205129 4729.2307692307695 4068.717948717949 3923.076923076924 4243.076923076924 4615.384615384616 4390.769230769231 1612.0 1711.0 7.598 7.5377278327941895 0.0 0.0 0.0 0.0  1  0  0  0  0  0  0  0  0  0  0  0  0  0 
7606 110.0 0.0 0.0 4361.538461538462 4062.0512820512827 4389.743589743591 4514.871794871796 4488.717948717949 4717.948717948719 4429.743589743591 4390.769230769231 4734.871794871796 4069.23076923077 3921.538461538462 4240.512820512821 4612.820512820514 4393.846153846154 1612.0 1710.0 7.606 7.5377278327941895 0.0 0.0 0.0 0.0  1  0  0  0  0  0  0  0  0  0  0  0  0  0 
7614 111.0 0.0 0.0 4321.025641025642 4056.9230769230776 4372.307692307693 4498.974358974359 4492.820512820514 4722.564102564103 4437.435897435898 4396.923076923077 4736.923076923077 4069.23076923077 3926.1538461538466 4261.025641025642 4609.743589743591 4387.6923076923085 1613.0 1711.0 7.614 7.5377278327941895 0.0 0.0 0.0 0.0  1  0  0  0  0  0  0  0  0  0  0  0  0  0 
7622 112.0 0.0 0.0 4295.8974358974365 4051.7948717948725 4381.538461538462 4482.564102564103 4492.820512820514 4722.051282051282 4438.974358974359 4396.923076923077 4733.333333333334 4068.717948717949 3931.7948717948725 4302.051282051282 4608.717948717949 4382.564102564103 1613.0 1712.0 7.622 7.5377278327941895 0.0 0.0 0.0 0.0  1  0  0  0  0  0  0  0  0  0  0  0  0  0 
7629 113.0 0.0 0.0 4275.8974358974365 4048.717948717949 4402.051282051282 4471.794871794872 4492.820512820514 4723.589743589744 4449.2307692307695 4394.358974358975 4733.846153846154 4071.7948717948725 3931.7948717948725 4328.717948717949 4604.615384615385 4380.512820512821 1613.0 1713.0 7.629 7.5377278327941895 0.0 0.0 0.0 0.0  1  0  0  0  0  0  0  0  0  0  0  0  0  0 
7637 114.0 0.0 0.0 4295.384615384616 4050.7692307692314 4403.589743589744 4472.820512820514 4491.282051282052 4723.589743589744 4457.948717948719 4389.743589743591 4733.333333333334 4072.307692307693 3934.8717948717954 4338.974358974359 4606.666666666667 4381.025641025642 1613.0 1713.0 7.637 7.5377278327941895 0.0 0.0 0.0 0.0  1  0  0  0  0  0  0  0  0  0  0  0  0  0 
7645 115.0 0.0 0.0 4331.282051282052 4055.8974358974365 4378.461538461539 4482.564102564103 4491.794871794872 4722.564102564103 4450.256410256411 4388.717948717949 4729.2307692307695 4067.1794871794878 3936.410256410257 4335.384615384616 4607.179487179488 4378.974358974359 1614.0 1713.0 7.645 7.5377278327941895 0.0 0.0 0.0 0.0  1  0  0  0  0  0  0  0  0  0  0  0  0  0 
7653 116.0 0.0 0.0 4373.846153846154 4068.717948717949 4378.974358974359 4495.8974358974365 4487.6923076923085 4714.358974358975 4437.435897435898 4386.666666666667 4727.179487179488 4066.1538461538466 3937.9487179487182 4332.820512820514 4609.2307692307695 4388.717948717949 1613.0 1712.0 7.653 7.5377278327941895 0.0 0.0 0.0 0.0  1  0  0  0  0  0  0  0  0  0  0  0  0  0 
7661 117.0 0.0 0.0 4403.076923076924 4076.410256410257 4383.589743589744 4506.666666666667 4487.6923076923085 4711.794871794872 4435.8974358974365 4386.153846153847 4728.205128205129 4067.692307692308 3934.8717948717954 4317.435897435898 4608.717948717949 4396.923076923077 1613.0 1712.0 7.661 7.5377278327941895 0.0 0.0 0.0 0.0  1  0  0  0  0  0  0  0  0  0  0  0  0  0 
7669 118.0 0.0 0.0 4421.025641025642 4079.48717948718 4396.923076923077 4516.410256410257 4484.102564102564 4705.641025641026 4436.923076923077 4382.564102564103 4726.153846153847 4068.717948717949 3935.3846153846157 4312.307692307693 4618.461538461539 4403.076923076924 1614.0 1710.0 7.669 7.631558418273926 0.0 0.0 0.0 0.0  1  0  0  0  0  0  0  0  0  0  0  0  0  0 
7676 119.0 0.0 0.0 4393.333333333334 4082.0512820512827 4400.512820512821 4521.538461538462 4482.051282051282 4713.846153846154 4435.384615384616 4381.538461538462 4724.615384615386 4068.205128205129 3935.3846153846157 4312.307692307693 4619.48717948718 4401.025641025642 1614.0 1711.0 7.676 7.631558418273926 0.0 0.0 0.0 0.0  1  0  0  0  0  0  0  0  0  0  0  0  0  0 
7684 120.0 0.0 0.0 4365.128205128206 4088.717948717949 4430.769230769231 4516.410256410257 4477.948717948719 4721.025641025642 4429.743589743591 4377.435897435898 4725.128205128206 4067.1794871794878 3941.0256410256416 4334.871794871796 4622.051282051282 4398.461538461539 1615.0 1711.0 7.684 7.631558418273926 0.0 0.0 0.0 0.0  1  0  0  0  0  0  0  0  0  0  0  0  0  0 
7692 121.0 0.0 0.0 4317.435897435898 4080.5128205128212 4459.48717948718 4501.025641025642 4481.025641025642 4729.2307692307695 4425.128205128206 4374.871794871796 4724.615384615386 4067.692307692308 3947.692307692308 4364.615384615385 4615.384615384616 4391.794871794872 1612.0 1712.0 7.692 7.631558418273926 0.0 0.0 0.0 0.0  1  0  0  0  0  0  0  0  0  0  0  0  0  0 
7700 122.0 0.0 0.0 4294.871794871796 4068.717948717949 4463.589743589744 4483.076923076924 4477.948717948719 4729.2307692307695 4427.179487179487 4375.384615384616 4721.538461538462 4069.7435897435903 3957.435897435898 4405.641025641026 4612.307692307693 4393.333333333334 1613.0 1712.0 7.7 7.631558418273926 0.0 0.0 0.0 0.0  1  0  0  0  0  0  0  0  0  0  0  0  0  0 
7708 123.0 0.0 0.0 4315.8974358974365 4069.23076923077 4443.589743589744 4480.000000000001 4473.333333333334 4731.282051282052 4433.333333333334 4377.435897435898 4722.051282051282 4068.717948717949 3961.0256410256416 4426.153846153847 4613.333333333334 4396.923076923077 1612.0 1710.0 7.708 7.631558418273926 0.0 0.0 0.0 0.0  1  0  0  0  0  0  0  0  0  0  0  0  0  0 
7715 124.0 0.0 0.0 4354.358974358975 4078.461538461539 4451.282051282052 4497.435897435898 4469.2307692307695 4729.2307692307695 4435.8974358974365 4372.820512820514 4721.538461538462 4069.23076923077 3958.461538461539 4417.435897435898 4621.025641025642 4403.076923076924 1612.0 1712.0 7.715 7.631558418273926 0.0 0.0 0.0 0.0  1  0  0  0  0  0  0  0  0  0  0  0  0  0 
7723 125.0 0.0 0.0 4377.948717948719 4081.0256410256416 4457.435897435898 4512.307692307693 4471.282051282052 4728.717948717949 4442.051282051282 4366.666666666667 4718.461538461539 4067.692307692308 3954.358974358975 4397.435897435898 4620.512820512821 4405.641025641026 1613.0 1710.0 7.723 7.631558418273926 0.0 0.0 0.0 0.0  1  0  0  0  0  0  0  0  0  0  0  0  0  0 
7731 126.0 0.0 0.0 4401.538461538462 4084.615384615385 4447.6923076923085 4511.794871794872 4467.6923076923085 4724.102564102564 4447.6923076923085 4364.615384615385 4718.461538461539 4064.615384615385 3957.435897435898 4404.102564102564 4621.025641025642 4409.743589743591 1613.0 1711.0 7.731 7.631558418273926 0.0 0.0 0.0 0.0  1  0  0  0  0  0  0  0  0  0  0  0  0  0 
7739 127.0 0.0 0.0 4389.2307692307695 4084.1025641025644 4451.794871794872 4507.179487179488 4464.102564102564 4722.564102564103 4443.589743589744 4366.666666666667 4719.48717948718 4065.6410256410263 3962.0512820512827 4431.794871794872 4626.153846153847 4415.384615384616 1613.0 1711.0 7.739 7.631558418273926 0.0 0.0 0.0 0.0  1  0  0  0  0  0  0  0  0  0  0  0  0  0 
7747 128.0 0.0 0.0 4353.846153846154 4071.7948717948725 4469.743589743591 4503.076923076924 4465.641025641026 4732.820512820514 4441.538461538462 4366.153846153847 4718.974358974359 4066.1538461538466 3966.1538461538466 4462.564102564103 4622.564102564103 4416.923076923077 1613.0 1712.0 7.747 7.631558418273926 0.0 0.0 0.0 0.0  1  0  0  0  0  0  0  0  0  0  0  0  0  0 
7755 0.0 0.0 0.0 4324.615384615385 4062.0512820512827 4466.666666666667 4490.769230769231 4466.153846153847 4743.589743589744 4447.6923076923085 4363.589743589744 4718.461538461539 4065.6410256410263 3973.8461538461543 4495.384615384616 4617.435897435898 4414.358974358975 1614.0 1712.0 7.755 7.631558418273926 0.0 0.0 0.0 0.0  1  0  0  0  0  0  0  0  0  0  0  0  0  0 
7762 1.0 0.0 0.0 4288.205128205129 4060.5128205128212 4439.48717948718 4473.333333333334 4472.820512820514 4751.794871794872 4453.333333333334 4369.743589743591 4719.48717948718 4066.666666666667 3975.8974358974365 4501.538461538462 4612.820512820514 4407.179487179487 1612.0 1712.0 7.762 7.631558418273926 0.0 0.0 0.0 0.0  1  0  0  0  0  0  0  0  0  0  0  0  0  0 
7770 2.0 0.0 0.0 4293.846153846154 4059.48717948718 4423.589743589744 4469.2307692307695 4479.48717948718 4751.794871794872 4450.769230769231 4375.384615384616 4722.051282051282 4068.717948717949 3967.1794871794878 4473.333333333334 4610.769230769231 4403.589743589744 1613.0 1712.0 7.77 7.631558418273926 0.0 0.0 0.0 0.0  1  0  0  0  0  0  0  0  0  0  0  0  0  0 
7778 3.0 0.0 0.0 4331.282051282052 4058.461538461539 4410.769230769231 4482.051282051282 4483.076923076924 4747.6923076923085 4438.974358974359 4377.435897435898 4725.641025641026 4068.717948717949 3950.7692307692314 4417.948717948719 4606.153846153847 4395.8974358974365 1612.0 1711.0 7.778 7.631558418273926 0.0 0.0 0.0 0.0  1  0  0  0  0  0  0  0  0  0  0  0  0  0 
7786 4.0 0.0 0.0 4371.794871794872 4072.307692307693 4409.743589743591 4504.615384615385 4478.461538461539 4732.820512820514 4424.102564102564 4377.435897435898 4726.666666666667 4070.2564102564106 3943.076923076924 4378.974358974359 4615.8974358974365 4396.923076923077 1613.0 1711.0 7.786 7.631558418273926 0.0 0.0 0.0 0.0  1  0  0  0  0  0  0  0  0  0  0  0  0  0 
7796 5.0 0.0 0.0 4383.076923076924 4084.1025641025644 4402.051282051282 4517.948717948719 4482.564102564103 4728.205128205129 4421.025641025642 4378.974358974359 4726.666666666667 4070.2564102564106 3937.9487179487182 4347.6923076923085 4617.948717948719 4396.410256410257 1613.0 1710.0 7.796 7.7566657066345215 0.0 0.0 0.0 0.0  1  0  0  0  0  0  0  0  0  0  0  0  0  0 
7801 6.0 0.0 0.0 4389.743589743591 4084.615384615385 4420.512820512821 4512.820512820514 4482.051282051282 4725.128205128206 4423.076923076924 4376.410256410257 4725.641025641026 4070.2564102564106 3940.0000000000005 4340.512820512821 4618.974358974359 4399.48717948718 1613.0 1711.0 7.801 7.7566657066345215 0.0 0.0 0.0 0.0  1  0  0  0  0  0  0  0  0  0  0  0  0  0 
7809 7.0 0.0 0.0 4371.794871794872 4074.358974358975 4427.179487179487 4503.589743589744 4478.461538461539 4727.6923076923085 4423.076923076924 4378.461538461539 4724.615384615386 4069.23076923077 3941.0256410256416 4345.641025641026 4615.8974358974365 4397.948717948719 1614.0 1710.0 7.809 7.7566657066345215 0.0 0.0 0.0 0.0  1  0  0  0  0  0  0  0  0  0  0  0  0  0 
7817 8.0 0.0 0.0 4362.051282051282 4068.717948717949 4437.948717948719 4504.615384615385 4472.820512820514 4726.666666666667 4429.2307692307695 4380.512820512821 4725.128205128206 4068.205128205129 3947.692307692308 4365.128205128206 4619.48717948718 4398.461538461539 1613.0 1711.0 7.817 7.7566657066345215 0.0 0.0 0.0 0.0  1  0  0  0  0  0  0  0  0  0  0  0  0  0 
7825 9.0 0.0 0.0 4335.384615384616 4064.615384615385 4435.384615384616 4503.076923076924 4477.948717948719 4733.333333333334 4445.641025641026 4381.025641025642 4728.205128205129 4067.1794871794878 3953.333333333334 4381.025641025642 4612.820512820514 4394.358974358975 1614.0 1712.0 7.825 7.7566657066345215 0.0 0.0 0.0 0.0  1  0  0  0  0  0  0  0  0  0  0  0  0  0 
7833 10.0 0.0 0.0 4320.512820512821 4064.1025641025644 4426.666666666667 4488.717948717949 4478.461538461539 4735.384615384616 4455.8974358974365 4381.025641025642 4725.641025641026 4067.692307692308 3960.0000000000005 4414.871794871796 4608.205128205129 4396.923076923077 1612.0 1712.0 7.833 7.7566657066345215 0.0 0.0 0.0 0.0  1  0  0  0  0  0  0  0  0  0  0  0  0  0 
7841 11.0 0.0 0.0 4311.794871794872 4056.410256410257 4422.564102564103 4475.384615384616 4478.974358974359 4737.948717948719 4464.102564102564 4381.025641025642 4722.051282051282 4068.205128205129 3960.0000000000005 4442.564102564103 4606.153846153847 4398.461538461539 1612.0 1712.0 7.841 7.7566657066345215 0.0 0.0 0.0 0.0  1  0  0  0  0  0  0  0  0  0  0  0  0  0 
7848 12.0 0.0 0.0 4312.820512820514 4048.205128205129 4435.384615384616 4470.769230769231 4477.435897435898 4735.8974358974365 4474.871794871796 4379.48717948718 4721.538461538462 4067.692307692308 3961.0256410256416 4455.8974358974365 4609.743589743591 4397.435897435898 1612.0 1712.0 7.848 7.7566657066345215 0.0 0.0 0.0 0.0  1  0  0  0  0  0  0  0  0  0  0  0  0  0 
7856 13.0 0.0 0.0 4316.923076923077 4049.23076923077 4414.358974358975 4468.717948717949 4477.948717948719 4737.948717948719 4477.948717948719 4380.512820512821 4723.076923076924 4066.1538461538466 3965.6410256410263 4460.512820512821 4609.743589743591 4396.410256410257 1614.0 1713.0 7.856 7.7566657066345215 0.0 0.0 0.0 0.0  1  0  0  0  0  0  0  0  0  0  0  0  0  0 
7864 14.0 0.0 0.0 4335.8974358974365 4060.0000000000005 4382.051282051282 4474.871794871796 4480.000000000001 4740.000000000001 4470.256410256411 4378.974358974359 4724.615384615386 4065.6410256410263 3961.0256410256416 4451.794871794872 4608.205128205129 4400.512820512821 1612.0 1713.0 7.864 7.7566657066345215 0.0 0.0 0.0 0.0  1  0  0  0  0  0  0  0  0  0  0  0  0  0 
7872 15.0 0.0 0.0 4361.538461538462 4068.717948717949 4392.307692307693 4490.769230769231 4482.051282051282 4735.8974358974365 4457.435897435898 4376.410256410257 4725.641025641026 4066.666666666667 3950.2564102564106 4411.794871794872 4611.282051282052 4402.564102564103 1613.0 1713.0 7.872 7.7566657066345215 0.0 0.0 0.0 0.0  1  0  0  0  0  0  0  0  0  0  0  0  0  0 
7880 16.0 0.0 0.0 4384.615384615385 4077.435897435898 4390.769230769231 4508.205128205129 4484.102564102564 4726.666666666667 4451.282051282052 4381.538461538462 4726.666666666667 4067.692307692308 3941.0256410256416 4354.358974358975 4614.358974358975 4403.589743589744 1613.0 1711.0 7.88 7.7566657066345215 0.0 0.0 0.0 0.0  1  0  0  0  0  0  0  0  0  0  0  0  0  0 
7888 17.0 0.0 0.0 4407.179487179487 4094.358974358975 4367.6923076923085 4529.2307692307695 4482.564102564103 4720.000000000001 4456.923076923077 4385.128205128206 4727.6923076923085 4071.2820512820517 3934.8717948717954 4302.564102564103 4616.923076923077 4405.128205128206 1612.0 1712.0 7.888 7.7566657066345215 0.0 0.0 0.0 0.0  1  0  0  0  0  0  0  0  0  0  0  0  0  0 
7895 18.0 0.0 0.0 4407.179487179487 4109.2307692307695 4372.307692307693 4550.769230769231 4486.153846153847 4722.051282051282 4465.128205128206 4384.102564102564 4729.2307692307695 4071.7948717948725 3924.615384615385 4252.307692307693 4615.384615384616 4393.846153846154 1613.0 1710.0 7.895 7.7566657066345215 0.0 0.0 0.0 0.0  1  0  0  0  0  0  0  0  0  0  0  0  0  0 
7903 19.0 0.0 0.0 4404.615384615385 4112.820512820514 4397.948717948719 4551.282051282052 4486.666666666667 4715.384615384616 4467.179487179487 4382.051282051282 4728.717948717949 4070.2564102564106 3923.589743589744 4240.512820512821 4616.923076923077 4388.717948717949 1612.0 1710.0 7.903 7.7566657066345215 0.0 0.0 0.0 0.0  1  0  0  0  0  0  0  0  0  0  0  0  0  0 
7911 20.0 0.0 0.0 4390.769230769231 4098.974358974359 4388.205128205129 4531.282051282052 4487.6923076923085 4713.333333333334 4464.102564102564 4382.564102564103 4727.6923076923085 4066.666666666667 3931.2820512820517 4264.615384615385 4615.384615384616 4389.2307692307695 1612.0 1709.0 7.911 7.7566657066345215 0.0 0.0 0.0 0.0  1  0  0  0  0  0  0  0  0  0  0  0  0  0 
7919 21.0 0.0 0.0 4370.256410256411 4077.9487179487187 4404.615384615385 4513.333333333334 4482.051282051282 4715.384615384616 4455.384615384616 4382.051282051282 4727.6923076923085 4065.6410256410263 3941.538461538462 4312.820512820514 4618.974358974359 4387.179487179487 1612.0 1710.0 7.919 7.881773471832275 0.0 0.0 0.0 0.0  1  0  0  0  0  0  0  0  0  0  0  0  0  0 
7927 22.0 0.0 0.0 4321.538461538462 4055.8974358974365 4432.820512820514 4491.282051282052 4479.48717948718 4726.666666666667 4458.461538461539 4384.615384615385 4729.2307692307695 4069.23076923077 3946.1538461538466 4356.410256410257 4612.307692307693 4378.461538461539 1614.0 1711.0 7.927 7.881773471832275 0.0 0.0 0.0 0.0  1  0  0  0  0  0  0  0  0  0  0  0  0  0 
7934 23.0 0.0 0.0 4309.743589743591 4050.7692307692314 4410.769230769231 4469.2307692307695 4478.461538461539 4726.666666666667 4466.666666666667 4384.102564102564 4727.6923076923085 4072.820512820513 3957.9487179487182 4406.153846153847 4613.846153846154 4390.769230769231 1613.0 1712.0 7.934 7.881773471832275 0.0 0.0 0.0 0.0  1  0  0  0  0  0  0  0  0  0  0  0  0  0 
7942 24.0 0.0 0.0 4327.179487179487 4050.7692307692314 4359.48717948718 4466.153846153847 4483.076923076924 4726.153846153847 4460.512820512821 4387.6923076923085 4727.6923076923085 4070.2564102564106 3961.538461538462 4423.076923076924 4616.410256410257 4403.076923076924 1613.0 1713.0 7.942 7.881773471832275 0.0 0.0 0.0 0.0  1  0  0  0  0  0  0  0  0  0  0  0  0  0 
7950 25.0 0.0 0.0 4345.641025641026 4051.2820512820517 4384.102564102564 4476.923076923077 4480.000000000001 4722.564102564103 4451.282051282052 4386.666666666667 4731.282051282052 4070.7692307692314 3950.2564102564106 4413.333333333334 4619.48717948718 4405.128205128206 1612.0 1712.0 7.95 7.881773471832275 0.0 0.0 0.0 0.0  1  0  0  0  0  0  0  0  0  0  0  0  0  0 
7958 26.0 0.0 0.0 4332.307692307693 4054.8717948717954 4401.025641025642 4482.564102564103 4482.564102564103 4725.641025641026 4465.641025641026 4385.128205128206 4733.333333333334 4071.2820512820517 3938.9743589743593 4387.6923076923085 4612.820512820514 4398.974358974359 1614.0 1714.0 7.958 7.881773471832275 0.0 0.0 0.0 0.0  1  0  0  0  0  0  0  0  0  0  0  0  0  0 
7966 27.0 0.0 0.0 4334.871794871796 4060.0000000000005 4375.384615384616 4483.076923076924 4486.666666666667 4723.589743589744 4478.974358974359 4388.205128205129 4731.282051282052 4068.205128205129 3944.1025641025644 4378.974358974359 4613.846153846154 4401.538461538462 1613.0 1712.0 7.966 7.881773471832275 0.0 0.0 0.0 0.0  1  0  0  0  0  0  0  0  0  0  0  0  0  0 
7974 28.0 0.0 0.0 4324.102564102564 4051.7948717948725 4356.410256410257 4476.923076923077 4490.256410256411 4724.615384615386 4465.641025641026 4392.820512820514 4732.307692307693 4068.717948717949 3945.6410256410263 4369.743589743591 4615.384615384616 4400.000000000001 1612.0 1713.0 7.974 7.881773471832275 0.0 0.0 0.0 0.0  1  0  0  0  0  0  0  0  0  0  0  0  0  0 
7981 29.0 0.0 0.0 4310.769230769231 4041.0256410256416 4365.128205128206 4467.179487179487 4490.256410256411 4721.538461538462 4448.717948717949 4393.846153846154 4736.410256410257 4074.358974358975 3941.538461538462 4346.666666666667 4615.384615384616 4390.256410256411 1615.0 1711.0 7.981 7.881773471832275 0.0 0.0 0.0 0.0  1  0  0  0  0  0  0  0  0  0  0  0  0  0 
7989 30.0 0.0 0.0 4304.102564102564 4034.358974358975 4338.974358974359 4464.102564102564 4496.410256410257 4717.435897435898 4452.820512820514 4395.8974358974365 4741.025641025642 4074.358974358975 3940.0000000000005 4315.8974358974365 4612.307692307693 4377.435897435898 1614.0 1712.0 7.989 7.881773471832275 0.0 0.0 0.0 0.0  1  0  0  0  0  0  0  0  0  0  0  0  0  0 
7997 31.0 0.0 0.0 4308.717948717949 4027.692307692308 4297.435897435898 4465.128205128206 4504.102564102564 4712.307692307693 4460.512820512821 4402.051282051282 4743.589743589744 4071.7948717948725 3940.0000000000005 4286.666666666667 4610.769230769231 4372.820512820514 1614.0 1711.0 7.997 7.881773471832275 0.0 0.0 0.0 0.0  1  0  0  0  0  0  0  0  0  0  0  0  0  0 
8005 32.0 0.0 0.0 4313.846153846154 4027.692307692308 4279.48717948718 4468.717948717949 4503.589743589744 4704.102564102564 4450.769230769231 4404.615384615385 4743.589743589744 4073.333333333334 3941.538461538462 4266.153846153847 4612.820512820514 4376.923076923077 1613.0 1711.0 8.005 7.881773471832275 0.0 0.0 0.0 0.0  1  0  0  0  0  0  0  0  0  0  0  0  0  0 
8013 33.0 0.0 0.0 4308.717948717949 4031.2820512820517 4281.025641025642 4465.128205128206 4500.512820512821 4695.8974358974365 4443.076923076924 4406.153846153847 4742.051282051282 4072.820512820513 3938.9743589743593 4263.076923076924 4611.282051282052 4376.410256410257 1613.0 1711.0 8.013 7.881773471832275 0.0 0.0 0.0 0.0  1  0  0  0  0  0  0  0  0  0  0  0  0  0 
8020 34.0 0.0 0.0 4305.128205128206 4029.7435897435903 4307.6923076923085 4458.461538461539 4497.435897435898 4691.282051282052 4458.461538461539 4406.153846153847 4740.512820512821 4071.2820512820517 3938.461538461539 4286.666666666667 4611.794871794872 4374.358974358975 1613.0 1711.0 8.02 7.881773471832275 0.0 0.0 0.0 0.0  1  0  0  0  0  0  0  0  0  0  0  0  0  0 
8028 35.0 0.0 0.0 4290.256410256411 4023.589743589744 4332.307692307693 4455.8974358974365 4500.512820512821 4694.871794871796 4475.384615384616 4404.102564102564 4738.974358974359 4071.7948717948725 3938.461538461539 4303.076923076924 4607.6923076923085 4372.820512820514 1613.0 1711.0 8.028 7.881773471832275 0.0 0.0 0.0 0.0  1  0  0  0  0  0  0  0  0  0  0  0  0  0 
8036 36.0 0.0 0.0 4296.923076923077 4027.692307692308 4356.410256410257 4454.871794871796 4495.8974358974365 4692.820512820514 4473.333333333334 4396.923076923077 4737.948717948719 4072.307692307693 3943.076923076924 4326.153846153847 4609.743589743591 4382.051282051282 1613.0 1711.0 8.036 7.881773471832275 0.0 0.0 0.0 0.0  1  0  0  0  0  0  0  0  0  0  0  0  0  0 
8044 37.0 0.0 0.0 4303.076923076924 4033.333333333334 4340.000000000001 4453.846153846154 4495.384615384616 4697.948717948719 4465.128205128206 4396.923076923077 4736.410256410257 4068.717948717949 3943.589743589744 4348.717948717949 4607.179487179488 4389.743589743591 1611.0 1712.0 8.044 8.006880760192871 0.0 0.0 0.0 0.0  1  0  0  0  0  0  0  0  0  0  0  0  0  0 
8052 38.0 0.0 0.0 4327.6923076923085 4036.9230769230776 4329.743589743591 4460.512820512821 4493.846153846154 4698.974358974359 4462.051282051282 4397.435897435898 4732.820512820514 4067.1794871794878 3944.1025641025644 4366.153846153847 4610.769230769231 4394.358974358975 1612.0 1712.0 8.052 8.006880760192871 0.0 0.0 0.0 0.0  1  0  0  0  0  0  0  0  0  0  0  0  0  0 
8060 39.0 0.0 0.0 4337.948717948719 4043.589743589744 4331.794871794872 4469.2307692307695 4492.820512820514 4703.589743589744 4467.6923076923085 4395.384615384616 4731.794871794872 4067.692307692308 3938.9743589743593 4356.410256410257 4609.2307692307695 4390.256410256411 1613.0 1712.0 8.06 8.006880760192871 0.0 0.0 0.0 0.0  1  0  0  0  0  0  0  0  0  0  0  0  0  0 
8067 40.0 0.0 0.0 4357.948717948719 4058.461538461539 4347.6923076923085 4474.871794871796 4491.794871794872 4703.589743589744 4477.435897435898 4390.256410256411 4731.794871794872 4067.1794871794878 3938.9743589743593 4344.102564102564 4612.307692307693 4391.794871794872 1613.0 1711.0 8.067 8.006880760192871 0.0 0.0 0.0 0.0  1  0  0  0  0  0  0  0  0  0  0  0  0  0 
8074 41.0 0.0 0.0 4378.461538461539 4062.564102564103 4340.512820512821 4486.666666666667 4495.8974358974365 4706.666666666667 4480.000000000001 4389.743589743591 4730.769230769231 4066.666666666667 3936.410256410257 4327.6923076923085 4610.256410256411 4389.743589743591 1613.0 1711.0 8.075 8.03815746307373 0.0 0.0 0.0 0.0  1  0  0  0  0  0  0  0  0  0  0  0  0  0 
8083 42.0 0.0 0.0 4400.512820512821 4065.1282051282055 4336.410256410257 4500.512820512821 4491.282051282052 4703.076923076924 4474.358974358975 4387.6923076923085 4729.2307692307695 4067.692307692308 3931.7948717948725 4318.974358974359 4613.846153846154 4390.256410256411 1613.0 1711.0 8.083 8.03815746307373 0.0 0.0 0.0 0.0  1  0  0  0  0  0  0  0  0  0  0  0  0  0 
8090 43.0 0.0 0.0 4394.871794871796 4074.358974358975 4336.923076923077 4506.666666666667 4490.769230769231 4706.666666666667 4475.8974358974365 4386.153846153847 4728.717948717949 4067.692307692308 3929.7435897435903 4305.128205128206 4613.333333333334 4390.769230769231 1615.0 1711.0 8.091 8.03815746307373 0.0 0.0 0.0 0.0  1  0  0  0  0  0  0  0  0  0  0  0  0  0 
8099 44.0 0.0 0.0 4384.102564102564 4081.538461538462 4348.205128205129 4509.743589743591 4495.8974358974365 4710.256410256411 4479.48717948718 4384.102564102564 4728.205128205129 4066.666666666667 3934.8717948717954 4303.076923076924 4611.794871794872 4391.282051282052 1614.0 1712.0 8.099 8.03815746307373 0.0 0.0 0.0 0.0  1  0  0  0  0  0  0  0  0  0  0  0  0  0 
8106 45.0 0.0 0.0 4381.025641025642 4077.435897435898 4351.794871794872 4512.307692307693 4496.410256410257 4712.307692307693 4473.846153846154 4383.589743589744 4729.2307692307695 4067.1794871794878 3934.358974358975 4309.743589743591 4606.153846153847 4389.2307692307695 1614.0 1712.0 8.106 8.03815746307373 0.0 0.0 0.0 0.0  1  0  0  0  0  0  0  0  0  0  0  0  0  0 
8114 46.0 0.0 0.0 4382.051282051282 4078.461538461539 4360.000000000001 4509.743589743591 4490.256410256411 4711.794871794872 4463.076923076924 4384.615384615385 4728.717948717949 4068.205128205129 3931.2820512820517 4311.282051282052 4608.205128205129 4387.179487179487 1612.0 1711.0 8.114 8.03815746307373 0.0 0.0 0.0 0.0  1  0  0  0  0  0  0  0  0  0  0  0  0  0 
8122 47.0 0.0 0.0 4391.282051282052 4088.205128205129 4381.025641025642 4511.794871794872 4488.205128205129 4711.282051282052 4452.307692307693 4383.076923076924 4727.179487179488 4069.23076923077 3929.7435897435903 4299.48717948718 4615.384615384616 4388.717948717949 1612.0 1712.0 8.122 8.03815746307373 0.0 0.0 0.0 0.0  1  0  0  0  0  0  0  0  0  0  0  0  0  0 
8130 48.0 0.0 0.0 4408.205128205129 4095.8974358974365 4393.846153846154 4523.076923076924 4488.205128205129 4712.307692307693 4447.179487179487 4381.025641025642 4727.179487179488 4069.7435897435903 3927.692307692308 4290.769230769231 4614.871794871796 4394.358974358975 1614.0 1711.0 8.13 8.03815746307373 0.0 0.0 0.0 0.0  1  0  0  0  0  0  0  0  0  0  0  0  0  0 
8138 49.0 0.0 0.0 4418.461538461539 4100.000000000001 4398.461538461539 4532.307692307693 4486.666666666667 4714.358974358975 4454.871794871796 4377.435897435898 4724.102564102564 4068.717948717949 3928.717948717949 4307.6923076923085 4613.333333333334 4400.000000000001 1612.0 1711.0 8.138 8.03815746307373 0.0 0.0 0.0 0.0  1  0  0  0  0  0  0  0  0  0  0  0  0  0 
8146 50.0 0.0 0.0 4412.820512820514 4104.615384615385 4417.435897435898 4527.6923076923085 4485.641025641026 4719.48717948718 4469.2307692307695 4374.871794871796 4718.974358974359 4065.1282051282055 3932.307692307693 4336.410256410257 4614.358974358975 4402.564102564103 1614.0 1711.0 8.146 8.03815746307373 0.0 0.0 0.0 0.0  1  0  0  0  0  0  0  0  0  0  0  0  0  0 
8153 51.0 0.0 0.0 4413.333333333334 4108.717948717949 4464.615384615385 4521.538461538462 4478.461538461539 4723.589743589744 4474.358974358975 4368.205128205129 4716.410256410257 4064.615384615385 3941.538461538462 4372.307692307693 4616.923076923077 4407.179487179487 1613.0 1711.0 8.153 8.03815746307373 0.0 0.0 0.0 0.0  1  0  0  0  0  0  0  0  0  0  0  0  0  0 
8161 52.0 0.0 0.0 4408.205128205129 4108.205128205129 4483.076923076924 4526.153846153847 4474.871794871796 4735.384615384616 4465.641025641026 4361.025641025642 4713.333333333334 4065.6410256410263 3947.1794871794878 4397.948717948719 4610.769230769231 4403.076923076924 1613.0 1712.0 8.161 8.03815746307373 0.0 0.0 0.0 0.0  1  0  0  0  0  0  0  0  0  0  0  0  0  0 
8169 53.0 0.0 0.0 4425.641025641026 4117.948717948719 4473.333333333334 4538.974358974359 4472.820512820514 4741.025641025642 4453.333333333334 4355.8974358974365 4708.717948717949 4063.589743589744 3954.8717948717954 4422.051282051282 4613.333333333334 4407.179487179487 1613.0 1711.0 8.169 8.131988525390625 0.0 0.0 0.0 0.0  1  0  0  0  0  0  0  0  0  0  0  0  0  0 
8177 54.0 0.0 0.0 4441.538461538462 4140.512820512821 4461.025641025642 4551.282051282052 4476.923076923077 4750.769230769231 4449.2307692307695 4355.384615384616 4706.666666666667 4061.0256410256416 3953.333333333334 4426.666666666667 4612.307692307693 4412.820512820514 1615.0 1712.0 8.177 8.131988525390625 0.0 0.0 0.0 0.0  1  0  0  0  0  0  0  0  0  0  0  0  0  0 
8185 55.0 0.0 0.0 4464.615384615385 4166.666666666667 4485.641025641026 4566.666666666667 4471.794871794872 4753.846153846154 4445.128205128206 4348.717948717949 4703.589743589744 4062.564102564103 3950.2564102564106 4427.179487179487 4615.384615384616 4417.948717948719 1613.0 1712.0 8.185 8.131988525390625 0.0 0.0 0.0 0.0  1  0  0  0  0  0  0  0  0  0  0  0  0  0 
8192 56.0 0.0 0.0 4484.102564102564 4171.794871794872 4502.564102564103 4581.538461538462 4470.769230769231 4761.538461538462 4435.384615384616 4343.076923076924 4698.461538461539 4062.564102564103 3946.1538461538466 4416.923076923077 4610.769230769231 4413.333333333334 1612.0 1712.0 8.192 8.131988525390625 0.0 0.0 0.0 0.0  1  0  0  0  0  0  0  0  0  0  0  0  0  0 
8200 57.0 0.0 0.0 4501.025641025642 4169.2307692307695 4524.102564102564 4586.153846153847 4464.615384615385 4766.153846153847 4428.205128205129 4338.461538461539 4693.333333333334 4060.5128205128212 3948.205128205129 4420.000000000001 4609.2307692307695 4416.923076923077 1613.0 1710.0 8.2 8.131988525390625 0.0 0.0 0.0 0.0  1  0  0  0  0  0  0  0  0  0  0  0  0  0 
8208 58.0 0.0 0.0 4495.8974358974365 4174.358974358975 4525.641025641026 4590.256410256411 4463.589743589744 4777.435897435898 4427.6923076923085 4339.48717948718 4693.333333333334 4058.461538461539 3941.538461538462 4406.666666666667 4606.666666666667 4417.435897435898 1612.0 1712.0 8.208 8.131988525390625 0.0 0.0 0.0 0.0  1  0  0  0  0  0  0  0  0  0  0  0  0  0 
8216 59.0 0.0 0.0 4490.256410256411 4171.794871794872 4503.076923076924 4596.923076923077 4470.769230769231 4782.564102564103 4425.641025641026 4346.666666666667 4698.461538461539 4058.461538461539 3929.7435897435903 4369.743589743591 4608.717948717949 4414.871794871796 1613.0 1710.0 8.216 8.131988525390625 0.0 0.0 0.0 0.0  1  0  0  0  0  0  0  0  0  0  0  0  0  0 
8224 60.0 0.0 0.0 4435.384615384616 4140.000000000001 4462.564102564103 4580.512820512821 4488.717948717949 4789.2307692307695 4420.512820512821 4360.512820512821 4704.102564102564 4059.48717948718 3919.48717948718 4324.102564102564 4598.974358974359 4402.564102564103 1611.0 1710.0 8.224 8.131988525390625 0.0 0.0 0.0 0.0  1  0  0  0  0  0  0  0  0  0  0  0  0  0 
8232 61.0 0.0 0.0 4388.205128205129 4117.948717948719 4447.6923076923085 4550.256410256411 4497.435897435898 4789.2307692307695 4416.923076923077 4370.256410256411 4708.205128205129 4061.0256410256416 3917.435897435898 4305.641025641026 4591.794871794872 4391.282051282052 1613.0 1711.0 8.232 8.131988525390625 0.0 0.0 0.0 0.0  1  0  0  0  0  0  0  0  0  0  0  0  0  0 
8239 62.0 0.0 0.0 4393.846153846154 4121.538461538462 4437.948717948719 4547.179487179488 4499.48717948718 4785.128205128206 4417.435897435898 4371.282051282052 4710.769230769231 4059.48717948718 3915.8974358974365 4293.846153846154 4594.358974358975 4386.153846153847 1613.0 1711.0 8.239 8.131988525390625 0.0 0.0 0.0 0.0  1  0  0  0  0  0  0  0  0  0  0  0  0  0 
8247 63.0 0.0 0.0 4413.333333333334 4127.179487179487 4427.6923076923085 4564.102564102564 4503.589743589744 4781.025641025642 4416.410256410257 4369.743589743591 4710.256410256411 4057.9487179487182 3912.307692307693 4282.564102564103 4593.333333333334 4380.512820512821 1613.0 1712.0 8.247 8.131988525390625 0.0 0.0 0.0 0.0  1  0  0  0  0  0  0  0  0  0  0  0  0  0 
8255 64.0 0.0 0.0 4410.769230769231 4126.153846153847 4423.076923076924 4565.128205128206 4507.6923076923085 4780.512820512821 4417.435897435898 4372.307692307693 4707.6923076923085 4058.9743589743593 3910.7692307692314 4277.948717948719 4585.641025641026 4376.923076923077 1613.0 1711.0 8.255 8.131988525390625 0.0 0.0 0.0 0.0  1  0  0  0  0  0  0  0  0  0  0  0  0  0 
8263 65.0 0.0 0.0 4420.000000000001 4128.205128205129 4416.923076923077 4555.384615384616 4508.205128205129 4782.564102564103 4425.641025641026 4374.871794871796 4706.666666666667 4056.9230769230776 3907.1794871794878 4268.717948717949 4581.538461538462 4377.948717948719 1613.0 1712.0 8.263 8.131988525390625 0.0 0.0 0.0 0.0  1  0  0  0  0  0  0  0  0  0  0  0  0  0 
8271 66.0 0.0 0.0 4427.6923076923085 4126.666666666667 4409.743589743591 4558.461538461539 4510.769230769231 4780.512820512821 4431.282051282052 4374.871794871796 4706.666666666667 4053.8461538461543 3900.5128205128212 4255.8974358974365 4582.051282051282 4378.461538461539 1613.0 1711.0 8.271 8.131988525390625 0.0 0.0 0.0 0.0  1  0  0  0  0  0  0  0  0  0  0  0  0  0 
8279 67.0 0.0 0.0 4407.6923076923085 4117.948717948719 4398.461538461539 4563.076923076924 4522.051282051282 4787.6923076923085 4423.589743589744 4380.512820512821 4706.153846153847 4054.358974358975 3893.333333333334 4235.384615384616 4568.717948717949 4367.6923076923085 1613.0 1712.0 8.279 8.131988525390625 0.0 0.0 0.0 0.0  1  0  0  0  0  0  0  0  0  0  0  0  0  0 
8286 68.0 0.0 0.0 4374.871794871796 4109.74358974359 4393.333333333334 4550.769230769231 4529.743589743591 4792.820512820514 4412.307692307693 4385.641025641026 4706.666666666667 4055.8974358974365 3895.3846153846157 4233.333333333334 4561.025641025642 4363.076923076924 1615.0 1711.0 8.286 8.131988525390625 0.0 0.0 0.0 0.0  1  0  0  0  0  0  0  0  0  0  0  0  0  0 
8294 69.0 0.0 0.0 4320.512820512821 4092.307692307693 4376.410256410257 4524.102564102564 4535.8974358974365 4795.384615384616 4403.589743589744 4389.743589743591 4709.743589743591 4054.358974358975 3895.8974358974365 4244.102564102564 4557.435897435898 4358.974358974359 1613.0 1712.0 8.294 8.257096290588379 0.0 0.0 0.0 0.0  1  0  0  0  0  0  0  0  0  0  0  0  0  0 
8302 70.0 0.0 0.0 4298.461538461539 4075.3846153846157 4379.48717948718 4506.153846153847 4534.871794871796 4790.256410256411 4391.282051282052 4392.307692307693 4710.256410256411 4055.3846153846157 3898.9743589743593 4265.641025641026 4557.435897435898 4354.871794871796 1614.0 1711.0 8.302 8.257096290588379 0.0 0.0 0.0 0.0  1  0  0  0  0  0  0  0  0  0  0  0  0  0 
8310 71.0 0.0 0.0 4279.48717948718 4066.666666666667 4375.384615384616 4497.435897435898 4534.871794871796 4787.6923076923085 4384.102564102564 4395.8974358974365 4714.871794871796 4056.410256410257 3904.615384615385 4272.820512820514 4552.820512820514 4351.282051282052 1612.0 1712.0 8.31 8.257096290588379 0.0 0.0 0.0 0.0  1  0  0  0  0  0  0  0  0  0  0  0  0  0 
8318 72.0 0.0 0.0 4284.615384615385 4068.717948717949 4367.6923076923085 4488.717948717949 4528.717948717949 4772.820512820514 4392.820512820514 4393.846153846154 4718.461538461539 4058.461538461539 3913.8461538461543 4285.128205128206 4563.589743589744 4361.025641025642 1614.0 1713.0 8.318 8.257096290588379 0.0 0.0 0.0 0.0  1  0  0  0  0  0  0  0  0  0  0  0  0  0 
8325 73.0 0.0 0.0 4310.256410256411 4071.7948717948725 4354.871794871796 4492.820512820514 4525.641025641026 4766.666666666667 4400.000000000001 4392.307692307693 4714.871794871796 4058.9743589743593 3915.3846153846157 4280.000000000001 4569.2307692307695 4362.051282051282 1613.0 1711.0 8.325 8.257096290588379 0.0 0.0 0.0 0.0  1  0  0  0  0  0  0  0  0  0  0  0  0  0 
8333 74.0 0.0 0.0 4355.8974358974365 4079.48717948718 4371.794871794872 4511.794871794872 4521.025641025642 4761.538461538462 4394.871794871796 4390.256410256411 4711.794871794872 4057.9487179487182 3912.307692307693 4271.794871794872 4573.846153846154 4362.051282051282 1612.0 1712.0 8.333 8.257096290588379 0.0 0.0 0.0 0.0  1  0  0  0  0  0  0  0  0  0  0  0  0  0 
8341 75.0 0.0 0.0 4369.743589743591 4082.0512820512827 4373.333333333334 4515.384615384616 4515.384615384616 4753.333333333334 4393.333333333334 4389.743589743591 4717.435897435898 4059.48717948718 3908.205128205129 4263.076923076924 4578.461538461539 4368.717948717949 1613.0 1711.0 8.341 8.257096290588379 0.0 0.0 0.0 0.0  1  0  0  0  0  0  0  0  0  0  0  0  0  0 
8349 76.0 0.0 0.0 4374.358974358975 4078.9743589743593 4361.025641025642 4504.615384615385 4504.615384615385 4737.435897435898 4394.871794871796 4387.179487179487 4723.076923076924 4064.1025641025644 3917.435897435898 4267.6923076923085 4593.846153846154 4380.512820512821 1613.0 1711.0 8.349 8.257096290588379 0.0 0.0 0.0 0.0  1  0  0  0  0  0  0  0  0  0  0  0  0  0 
8357 77.0 0.0 0.0 4352.820512820514 4067.1794871794878 4350.769230769231 4503.589743589744 4496.410256410257 4729.743589743591 4381.538461538462 4388.205128205129 4729.743589743591 4065.1282051282055 3927.692307692308 4274.358974358975 4606.153846153847 4383.076923076924 1613.0 1711.0 8.357 8.257096290588379 0.0 0.0 0.0 0.0  1  0  0  0  0  0  0  0  0  0  0  0  0  0 
8364 78.0 0.0 0.0 4334.358974358975 4060.5128205128212 4360.512820512821 4502.564102564103 4492.307692307693 4722.051282051282 4369.743589743591 4390.769230769231 4737.435897435898 4065.6410256410263 3933.8461538461543 4290.769230769231 4616.410256410257 4389.743589743591 1612.0 1712.0 8.364 8.257096290588379 0.0 0.0 0.0 0.0  1  0  0  0  0  0  0  0  0  0  0  0  0  0 
8372 79.0 0.0 0.0 4330.769230769231 4060.0000000000005 4367.6923076923085 4489.2307692307695 4487.6923076923085 4714.358974358975 4378.461538461539 4391.794871794872 4737.948717948719 4069.23076923077 3937.435897435898 4307.179487179487 4622.564102564103 4397.948717948719 1613.0 1711.0 8.372 8.257096290588379 0.0 0.0 0.0 0.0  1  0  0  0  0  0  0  0  0  0  0  0  0  0 
8380 80.0 0.0 0.0 4328.205128205129 4055.8974358974365 4370.256410256411 4483.076923076924 4481.025641025642 4707.179487179488 4389.2307692307695 4389.2307692307695 4737.435897435898 4070.7692307692314 3940.5128205128212 4314.358974358975 4623.589743589744 4394.358974358975 1613.0 1712.0 8.38 8.257096290588379 0.0 0.0 0.0 0.0  1  0  0  0  0  0  0  0  0  0  0  0  0  0 
8388 81.0 0.0 0.0 4335.8974358974365 4051.7948717948725 4375.384615384616 4491.282051282052 4480.000000000001 4705.128205128206 4386.153846153847 4387.6923076923085 4740.512820512821 4068.205128205129 3943.589743589744 4324.615384615385 4623.589743589744 4390.769230769231 1614.0 1711.0 8.388 8.257096290588379 0.0 0.0 0.0 0.0  1  0  0  0  0  0  0  0  0  0  0  0  0  0 
8396 82.0 0.0 0.0 4345.128205128206 4053.333333333334 4377.948717948719 4488.717948717949 4484.615384615385 4706.153846153847 4375.384615384616 4389.2307692307695 4737.948717948719 4069.23076923077 3942.0512820512827 4328.205128205129 4623.076923076924 4394.358974358975 1612.0 1712.0 8.396 8.257096290588379 0.0 0.0 0.0 0.0  1  0  0  0  0  0  0  0  0  0  0  0  0  0 
8404 83.0 0.0 0.0 4361.538461538462 4053.8461538461543 4385.128205128206 4481.538461538462 4481.025641025642 4701.538461538462 4375.384615384616 4386.153846153847 4733.846153846154 4072.820512820513 3942.564102564103 4328.205128205129 4625.641025641026 4400.000000000001 1614.0 1712.0 8.404 8.257096290588379 0.0 0.0 0.0 0.0  1  0  0  0  0  0  0  0  0  0  0  0  0  0 
8411 84.0 0.0 0.0 4375.8974358974365 4047.692307692308 4372.307692307693 4488.717948717949 4478.974358974359 4700.000000000001 4382.051282051282 4387.179487179487 4737.435897435898 4072.307692307693 3940.5128205128212 4317.948717948719 4623.589743589744 4398.461538461539 1613.0 1712.0 8.411 8.257096290588379 0.0 0.0 0.0 0.0  1  0  0  0  0  0  0  0  0  0  0  0  0  0 
8419 85.0 0.0 0.0 4381.025641025642 4052.307692307693 4367.6923076923085 4495.8974358974365 4478.461538461539 4696.923076923077 4384.102564102564 4389.743589743591 4737.435897435898 4072.307692307693 3943.076923076924 4321.538461538462 4629.2307692307695 4403.076923076924 1613.0 1713.0 8.419 8.382203102111816 0.0 0.0 0.0 0.0  1  0  0  0  0  0  0  0  0  0  0  0  0  0 
8427 86.0 0.0 0.0 4349.743589743591 4059.48717948718 4368.205128205129 4489.2307692307695 4481.538461538462 4703.076923076924 4391.794871794872 4389.743589743591 4734.358974358975 4075.3846153846157 3942.0512820512827 4323.589743589744 4628.205128205129 4402.564102564103 1614.0 1711.0 8.427 8.382203102111816 0.0 0.0 0.0 0.0  1  0  0  0  0  0  0  0  0  0  0  0  0  0 
8435 87.0 0.0 0.0 4344.615384615385 4062.564102564103 4381.538461538462 4491.794871794872 4478.974358974359 4704.615384615386 4401.025641025642 4384.102564102564 4734.871794871796 4074.358974358975 3942.564102564103 4329.743589743591 4627.179487179488 4402.051282051282 1613.0 1711.0 8.435 8.382203102111816 0.0 0.0 0.0 0.0  1  0  0  0  0  0  0  0  0  0  0  0  0  0 
8443 88.0 0.0 0.0 4346.666666666667 4062.564102564103 4375.384615384616 4502.051282051282 4485.641025641026 4710.256410256411 4402.051282051282 4384.615384615385 4733.846153846154 4069.7435897435903 3940.0000000000005 4325.128205128206 4620.512820512821 4394.358974358975 1613.0 1711.0 8.443 8.382203102111816 0.0 0.0 0.0 0.0  1  0  0  0  0  0  0  0  0  0  0  0  0  0 
8451 89.0 0.0 0.0 4357.435897435898 4074.8717948717954 4391.282051282052 4503.076923076924 4485.641025641026 4710.256410256411 4401.025641025642 4382.564102564103 4729.2307692307695 4068.717948717949 3938.461538461539 4332.307692307693 4621.538461538462 4391.282051282052 1613.0 1711.0 8.451 8.382203102111816 0.0 0.0 0.0 0.0  1  0  0  0  0  0  0  0  0  0  0  0  0  0 
8458 90.0 0.0 0.0 4359.48717948718 4087.1794871794878 4410.256410256411 4500.000000000001 4483.589743589744 4717.948717948719 4407.6923076923085 4380.000000000001 4725.128205128206 4068.717948717949 3938.9743589743593 4338.461538461539 4616.923076923077 4389.2307692307695 1614.0 1711.0 8.458 8.382203102111816 0.0 0.0 0.0 0.0  1  0  0  0  0  0  0  0  0  0  0  0  0  0 
8466 91.0 0.0 0.0 4383.589743589744 4090.7692307692314 4429.2307692307695 4508.205128205129 4477.948717948719 4718.974358974359 4405.641025641026 4372.820512820514 4722.051282051282 4068.717948717949 3946.1538461538466 4352.307692307693 4616.410256410257 4395.8974358974365 1614.0 1712.0 8.466 8.382203102111816 0.0 0.0 0.0 0.0  1  0  0  0  0  0  0  0  0  0  0  0  0  0 
8474 92.0 0.0 0.0 4408.717948717949 4094.358974358975 4443.076923076924 4522.564102564103 4476.410256410257 4724.102564102564 4402.051282051282 4366.666666666667 4718.974358974359 4066.666666666667 3947.1794871794878 4365.128205128206 4614.871794871796 4401.025641025642 1614.0 1712.0 8.474 8.382203102111816 0.0 0.0 0.0 0.0  1  0  0  0  0  0  0  0  0  0  0  0  0  0 
8482 93.0 0.0 0.0 4430.769230769231 4114.871794871796 4477.435897435898 4536.923076923077 4472.820512820514 4730.256410256411 4413.846153846154 4359.48717948718 4713.846153846154 4064.615384615385 3946.1538461538466 4383.589743589744 4617.435897435898 4406.153846153847 1613.0 1711.0 8.482 8.382203102111816 0.0 0.0 0.0 0.0  1  0  0  0  0  0  0  0  0  0  0  0  0  0 
8490 94.0 0.0 0.0 4454.358974358975 4142.564102564103 4515.384615384616 4558.974358974359 4471.282051282052 4738.974358974359 4429.2307692307695 4351.282051282052 4705.641025641026 4063.076923076924 3944.615384615385 4393.846153846154 4616.923076923077 4415.384615384616 1613.0 1712.0 8.49 8.382203102111816 0.0 0.0 0.0 0.0  1  0  0  0  0  0  0  0  0  0  0  0  0  0 
8497 95.0 0.0 0.0 4477.948717948719 4165.128205128206 4533.846153846154 4584.615384615385 4468.205128205129 4748.717948717949 4433.333333333334 4343.076923076924 4697.435897435898 4059.48717948718 3943.589743589744 4403.076923076924 4615.8974358974365 4426.153846153847 1612.0 1712.0 8.497 8.382203102111816 0.0 0.0 0.0 0.0  1  0  0  0  0  0  0  0  0  0  0  0  0  0 
8505 96.0 0.0 0.0 4492.820512820514 4182.051282051282 4568.205128205129 4603.076923076924 4463.076923076924 4763.076923076924 4432.307692307693 4335.8974358974365 4693.846153846154 4056.9230769230776 3942.0512820512827 4425.128205128206 4613.846153846154 4429.2307692307695 1612.0 1710.0 8.505 8.382203102111816 0.0 0.0 0.0 0.0  1  0  0  0  0  0  0  0  0  0  0  0  0  0 
8513 97.0 0.0 0.0 4509.743589743591 4205.641025641026 4638.461538461539 4616.923076923077 4454.358974358975 4777.435897435898 4433.333333333334 4322.051282051282 4686.153846153847 4056.9230769230776 3947.1794871794878 4461.025641025642 4613.846153846154 4432.307692307693 1613.0 1712.0 8.513 8.382203102111816 0.0 0.0 0.0 0.0  1  0  0  0  0  0  0  0  0  0  0  0  0  0 
8521 98.0 0.0 0.0 4497.435897435898 4209.74358974359 4649.2307692307695 4618.461538461539 4452.820512820514 4794.871794871796 4430.256410256411 4316.410256410257 4681.538461538462 4056.9230769230776 3952.820512820513 4472.820512820514 4615.8974358974365 4435.8974358974365 1614.0 1711.0 8.521 8.382203102111816 0.0 0.0 0.0 0.0  1  0  0  0  0  0  0  0  0  0  0  0  0  0 
8529 99.0 0.0 0.0 4427.179487179487 4164.615384615385 4548.717948717949 4587.6923076923085 4472.307692307693 4817.948717948719 4425.128205128206 4338.974358974359 4691.282051282052 4055.8974358974365 3940.5128205128212 4419.48717948718 4603.076923076924 4413.846153846154 1612.0 1712.0 8.529 8.382203102111816 0.0 0.0 0.0 0.0  1  0  0  0  0  0  0  0  0  0  0  0  0  0 
8537 100.0 0.0 0.0 4381.025641025642 4113.846153846154 4452.307692307693 4547.6923076923085 4493.846153846154 4818.974358974359 4427.6923076923085 4362.564102564103 4705.641025641026 4058.9743589743593 3926.666666666667 4351.282051282052 4593.846153846154 4387.6923076923085 1613.0 1712.0 8.537 8.382203102111816 0.0 0.0 0.0 0.0  1  0  0  0  0  0  0  0  0  0  0  0  0  0 
8544 101.0 0.0 0.0 4390.769230769231 4109.74358974359 4410.256410256411 4538.461538461539 4501.538461538462 4798.974358974359 4435.8974358974365 4371.282051282052 4713.846153846154 4060.0000000000005 3920.0000000000005 4304.615384615385 4594.871794871796 4386.153846153847 1613.0 1712.0 8.544 8.50731086730957 0.0 0.0 0.0 0.0  1  0  0  0  0  0  0  0  0  0  0  0  0  0 
8552 102.0 0.0 0.0 4422.564102564103 4130.256410256411 4393.846153846154 4557.435897435898 4498.974358974359 4778.974358974359 4431.282051282052 4371.282051282052 4713.846153846154 4058.9743589743593 3917.9487179487182 4280.000000000001 4603.589743589744 4397.435897435898 1614.0 1712.0 8.552 8.50731086730957 0.0 0.0 0.0 0.0  1  0  0  0  0  0  0  0  0  0  0  0  0  0 
8560 103.0 0.0 0.0 4427.179487179487 4132.820512820514 4382.051282051282 4574.358974358975 4509.2307692307695 4776.923076923077 4420.512820512821 4375.8974358974365 4714.871794871796 4058.9743589743593 3905.1282051282055 4233.846153846154 4595.8974358974365 4388.205128205129 1612.0 1710.0 8.56 8.50731086730957 0.0 0.0 0.0 0.0  1  0  0  0  0  0  0  0  0  0  0  0  0  0 
8568 104.0 0.0 0.0 4426.153846153847 4132.307692307693 4412.820512820514 4579.48717948718 4509.2307692307695 4765.128205128206 4422.051282051282 4375.384615384616 4717.948717948719 4061.0256410256416 3897.435897435898 4199.48717948718 4593.333333333334 4383.076923076924 1612.0 1712.0 8.568 8.50731086730957 0.0 0.0 0.0 0.0  1  0  0  0  0  0  0  0  0  0  0  0  0  0 
8576 105.0 0.0 0.0 4414.358974358975 4129.2307692307695 4434.358974358975 4572.307692307693 4501.025641025642 4757.948717948719 4433.846153846154 4374.358974358975 4720.512820512821 4063.076923076924 3895.3846153846157 4190.769230769231 4596.923076923077 4384.102564102564 1614.0 1710.0 8.576 8.53858757019043 0.0 0.0 0.0 0.0  1  0  0  0  0  0  0  0  0  0  0  0  0  0 
8583 106.0 0.0 0.0 4407.179487179487 4118.461538461539 4440.000000000001 4561.025641025642 4495.384615384616 4759.48717948718 4433.846153846154 4374.358974358975 4718.974358974359 4063.589743589744 3901.538461538462 4221.538461538462 4605.641025641026 4385.641025641026 1613.0 1711.0 8.583 8.53858757019043 0.0 0.0 0.0 0.0  1  0  0  0  0  0  0  0  0  0  0  0  0  0 
8591 107.0 0.0 0.0 4353.333333333334 4102.051282051282 4416.923076923077 4543.076923076924 4504.102564102564 4770.256410256411 4428.205128205129 4378.461538461539 4721.538461538462 4063.589743589744 3909.2307692307695 4252.820512820514 4598.461538461539 4376.923076923077 1614.0 1711.0 8.591 8.53858757019043 0.0 0.0 0.0 0.0  1  0  0  0  0  0  0  0  0  0  0  0  0  0 
8599 108.0 0.0 0.0 4309.2307692307695 4087.692307692308 4404.102564102564 4511.794871794872 4505.641025641026 4769.2307692307695 4430.256410256411 4383.589743589744 4727.179487179488 4064.1025641025644 3918.9743589743593 4281.025641025642 4593.846153846154 4374.871794871796 1613.0 1712.0 8.599 8.53858757019043 0.0 0.0 0.0 0.0  1  0  0  0  0  0  0  0  0  0  0  0  0  0 
8607 109.0 0.0 0.0 4277.948717948719 4060.5128205128212 4371.794871794872 4478.974358974359 4504.615384615385 4766.666666666667 4430.256410256411 4392.307692307693 4728.717948717949 4064.1025641025644 3921.0256410256416 4291.794871794872 4591.282051282052 4371.282051282052 1613.0 1712.0 8.607 8.569865226745605 0.0 0.0 0.0 0.0  1  0  0  0  0  0  0  0  0  0  0  0  0  0 
8615 110.0 0.0 0.0 4267.179487179487 4031.7948717948725 4332.307692307693 4462.051282051282 4509.2307692307695 4760.512820512821 4419.48717948718 4403.076923076924 4732.307692307693 4065.6410256410263 3917.435897435898 4291.282051282052 4590.256410256411 4365.128205128206 1613.0 1713.0 8.615 8.569865226745605 0.0 0.0 0.0 0.0  1  0  0  0  0  0  0  0  0  0  0  0  0  0 
8623 111.0 0.0 0.0 4249.74358974359 4023.076923076924 4293.846153846154 4458.461538461539 4520.512820512821 4755.384615384616 4417.948717948719 4409.2307692307695 4738.461538461539 4066.1538461538466 3913.8461538461543 4278.974358974359 4584.615384615385 4361.538461538462 1614.0 1712.0 8.623 8.569865226745605 0.0 0.0 0.0 0.0  1  0  0  0  0  0  0  0  0  0  0  0  0  0 
8630 112.0 0.0 0.0 4243.589743589744 4025.6410256410263 4276.923076923077 4448.717948717949 4523.076923076924 4743.076923076924 4429.2307692307695 4410.256410256411 4740.512820512821 4066.1538461538466 3916.410256410257 4270.769230769231 4584.102564102564 4365.641025641026 1612.0 1712.0 8.63 8.569865226745605 0.0 0.0 0.0 0.0  1  0  0  0  0  0  0  0  0  0  0  0  0  0 
8638 113.0 0.0 0.0 4241.025641025642 4017.435897435898 4288.717948717949 4435.8974358974365 4517.435897435898 4730.769230769231 4424.615384615385 4408.717948717949 4740.000000000001 4067.1794871794878 3922.0512820512827 4286.666666666667 4589.2307692307695 4368.205128205129 1613.0 1712.0 8.638 8.569865226745605 0.0 0.0 0.0 0.0  1  0  0  0  0  0  0  0  0  0  0  0  0  0 
8646 114.0 0.0 0.0 4241.025641025642 4015.8974358974365 4304.102564102564 4436.923076923077 4514.358974358975 4728.205128205129 4408.717948717949 4406.153846153847 4740.512820512821 4069.7435897435903 3924.1025641025644 4305.128205128206 4590.256410256411 4364.102564102564 1613.0 1711.0 8.646 8.569865226745605 0.0 0.0 0.0 0.0  1  0  0  0  0  0  0  0  0  0  0  0  0  0 
8654 115.0 0.0 0.0 4270.769230769231 4041.538461538462 4323.076923076924 4456.410256410257 4509.743589743591 4721.538461538462 4404.615384615385 4398.461538461539 4736.923076923077 4071.2820512820517 3928.717948717949 4306.666666666667 4597.435897435898 4366.153846153847 1612.0 1712.0 8.654 8.569865226745605 0.0 0.0 0.0 0.0  1  0  0  0  0  0  0  0  0  0  0  0  0  0 
8662 116.0 0.0 0.0 4305.641025641026 4070.7692307692314 4347.179487179487 4478.461538461539 4502.051282051282 4710.256410256411 4395.384615384616 4390.256410256411 4731.282051282052 4069.7435897435903 3932.307692307693 4296.410256410257 4606.153846153847 4375.8974358974365 1614.0 1710.0 8.662 8.569865226745605 0.0 0.0 0.0 0.0  1  0  0  0  0  0  0  0  0  0  0  0  0  0 
8670 117.0 0.0 0.0 