5582 90.0 0.0 0.0 4312.307692307693 4076.9230769230776 4389.2307692307695 4503.076923076924 4485.641025641026 4716.410256410257 4393.333333333334 4381.025641025642 4727.179487179488 4071.2820512820517 3940.0000000000005 4326.153846153847 4608.717948717949 4394.358974358975 1613.0 1712.0 5.582 5.536007404327393 0.0 0.0 0.0 0.0  1  0  0  0  0  0  0  0  0  0  0  0  0  0 
5590 91.0 0.0 0.0 4309.2307692307695 4077.435897435898 4389.2307692307695 4503.589743589744 4487.179487179488 4716.923076923077 4386.153846153847 4383.076923076924 4724.102564102564 4069.23076923077 3942.0512820512827 4329.2307692307695 4610.769230769231 4396.410256410257 1613.0 1712.0 5.59 5.536007404327393 0.0 0.0 0.0 0.0  1  0  0  0  0  0  0  0  0  0  0  0  0  0 
5598 92.0 0.0 0.0 4293.333333333334 4077.9487179487187 4375.384615384616 4497.948717948719 4494.358974358975 4724.102564102564 4389.2307692307695 4386.153846153847 4720.000000000001 4068.205128205129 3933.8461538461543 4316.410256410257 4602.051282051282 4392.307692307693 1614.0 1713.0 5.598 5.536007404327393 0.0 0.0 0.0 0.0  1  0  0  0  0  0  0  0  0  0  0  0  0  0 
5606 93.0 0.0 0.0 4340.512820512821 4084.615384615385 4400.000000000001 4500.512820512821 4470.256410256411 4696.923076923077 4389.743589743591 4378.974358974359 4734.358974358975 4074.358974358975 3947.692307692308 4341.025641025642 4634.871794871796 4412.820512820514 1613.0 1712.0 5.606 5.536007404327393 0.0 0.0 0.0 0.0  1  0  0  0  0  0  0  0  0  0  0  0  0  0 
5614 94.0 0.0 0.0 4323.589743589744 4075.8974358974365 4380.512820512821 4510.256410256411 4484.615384615385 4713.333333333334 4401.025641025642 4381.538461538462 4728.205128205129 4071.2820512820517 3942.0512820512827 4329.2307692307695 4614.358974358975 4396.410256410257 1614.0 1713.0 5.614 5.536007404327393 0.0 0.0 0.0 0.0  1  0  0  0  0  0  0  0  0  0  0  0  0  0 
5621 95.0 0.0 0.0 4282.564102564103 4070.2564102564106 4344.615384615385 4504.102564102564 4512.820512820514 4753.333333333334 4398.461538461539 4389.743589743591 4709.743589743591 4062.564102564103 3920.0000000000005 4290.769230769231 4567.6923076923085 4365.128205128206 1613.0 1712.0 5.621 5.536007404327393 0.0 0.0 0.0 0.0  1  0  0  0  0  0  0  0  0  0  0  0  0  0 
5629 96.0 0.0 0.0 4469.2307692307695 4101.025641025642 4487.6923076923085 4498.974358974359 4413.333333333334 4614.358974358975 4335.8974358974365 4366.666666666667 4770.769230769231 4091.2820512820517 3995.8974358974365 4411.794871794872 4736.410256410257 4472.307692307693 1613.0 1713.0 5.629 5.536007404327393 0.0 0.0 0.0 0.0  1  0  0  0  0  0  0  0  0  0  0  0  0  0 
5637 97.0 0.0 0.0 4569.2307692307695 4097.435897435898 4532.307692307693 4515.8974358974365 4394.871794871796 4576.923076923077 4328.717948717949 4360.000000000001 4786.666666666667 4094.8717948717954 4014.358974358975 4448.205128205129 4779.48717948718 4496.410256410257 1615.0 1711.0 5.637 5.536007404327393 0.0 0.0 0.0 0.0  1  0  0  0  0  0  0  0  0  0  0  0  0  0 
5645 98.0 0.0 0.0 4491.282051282052 4066.666666666667 4418.461538461539 4522.051282051282 4487.6923076923085 4714.871794871796 4368.717948717949 4379.48717948718 4726.153846153847 4065.6410256410263 3938.461538461539 4338.461538461539 4622.564102564103 4394.358974358975 1612.0 1711.0 5.645 5.536007404327393 0.0 0.0 0.0 0.0  1  0  0  0  0  0  0  0  0  0  0  0  0  0 
5653 99.0 0.0 0.0 4444.615384615385 4060.0000000000005 4369.743589743591 4512.820512820514 4518.461538461539 4777.435897435898 4372.307692307693 4389.2307692307695 4702.564102564103 4057.9487179487182 3906.1538461538466 4289.2307692307695 4554.871794871796 4355.384615384616 1614.0 1712.0 5.653 5.536007404327393 0.0 0.0 0.0 0.0  1  0  0  0  0  0  0  0  0  0  0  0  0  0 
5661 100.0 0.0 0.0 4524.102564102564 4075.8974358974365 4455.384615384616 4509.743589743591 4458.461538461539 4694.871794871796 4342.051282051282 4377.948717948719 4741.025641025642 4076.9230769230776 3953.333333333334 4365.641025641026 4649.743589743591 4421.025641025642 1613.0 1711.0 5.661 5.536007404327393 0.0 0.0 0.0 0.0  1  0  0  0  0  0  0  0  0  0  0  0  0  0 
5668 101.0 0.0 0.0 4474.358974358975 4067.1794871794878 4423.589743589744 4514.358974358975 4483.076923076924 4720.000000000001 4368.205128205129 4384.102564102564 4731.282051282052 4066.666666666667 3936.9230769230776 4339.48717948718 4615.8974358974365 4396.923076923077 1614.0 1712.0 5.668 5.536007404327393 0.0 0.0 0.0 0.0  1  0  0  0  0  0  0  0  0  0  0  0  0  0 
5676 102.0 0.0 0.0 4457.948717948719 4066.1538461538466 4392.820512820514 4512.307692307693 4504.102564102564 4750.256410256411 4376.410256410257 4386.153846153847 4714.358974358975 4059.48717948718 3920.0000000000005 4311.794871794872 4583.589743589744 4375.8974358974365 1613.0 1711.0 5.676 5.629837989807129 0.0 0.0 0.0 0.0  1  0  0  0  0  0  0  0  0  0  0  0  0  0 
5684 103.0 0.0 0.0 4495.384615384616 4067.1794871794878 4422.564102564103 4513.846153846154 4482.051282051282 4714.358974358975 4361.538461538462 4380.000000000001 4727.179487179488 4071.7948717948725 3939.48717948718 4340.512820512821 4624.102564102564 4402.564102564103 1613.0 1712.0 5.684 5.629837989807129 0.0 0.0 0.0 0.0  1  0  0  0  0  0  0  0  0  0  0  0  0  0 
5692 104.0 0.0 0.0 4497.435897435898 4066.1538461538466 4418.974358974359 4514.358974358975 4486.666666666667 4724.102564102564 4367.179487179487 4381.025641025642 4721.538461538462 4068.717948717949 3933.8461538461543 4334.871794871796 4608.717948717949 4393.333333333334 1613.0 1712.0 5.692 5.629837989807129 0.0 0.0 0.0 0.0  1  0  0  0  0  0  0  0  0  0  0  0  0  0 
5700 105.0 0.0 0.0 4509.743589743591 4073.8461538461543 4409.743589743591 4512.307692307693 4483.589743589744 4721.538461538462 4368.717948717949 4379.48717948718 4728.205128205129 4064.1025641025644 3935.3846153846157 4330.256410256411 4614.871794871796 4394.358974358975 1613.0 1712.0 5.7 5.629837989807129 0.0 0.0 0.0 0.0  1  0  0  0  0  0  0  0  0  0  0  0  0  0 
5707 106.0 0.0 0.0 4513.333333333334 4072.820512820513 4399.48717948718 4518.974358974359 4487.179487179488 4719.48717948718 4369.2307692307695 4377.435897435898 4727.179487179488 4064.615384615385 3933.8461538461543 4328.717948717949 4615.384615384616 4394.358974358975 1613.0 1711.0 5.707 5.629837989807129 0.0 0.0 0.0 0.0  1  0  0  0  0  0  0  0  0  0  0  0  0  0 
5715 107.0 0.0 0.0 4514.358974358975 4070.2564102564106 4401.538461538462 4522.051282051282 4487.6923076923085 4718.974358974359 4368.205128205129 4380.000000000001 4724.615384615386 4069.23076923077 3934.358974358975 4330.256410256411 4615.384615384616 4396.410256410257 1613.0 1712.0 5.715 5.629837989807129 0.0 0.0 0.0 0.0  1  0  0  0  0  0  0  0  0  0  0  0  0  0 
5723 108.0 0.0 0.0 4513.333333333334 4075.8974358974365 4411.282051282052 4514.871794871796 4486.666666666667 4721.025641025642 4370.256410256411 4384.102564102564 4721.025641025642 4067.692307692308 3936.410256410257 4332.307692307693 4614.358974358975 4397.948717948719 1614.0 1711.0 5.723 5.629837989807129 0.0 0.0 0.0 0.0  1  0  0  0  0  0  0  0  0  0  0  0  0  0 
5731 109.0 0.0 0.0 4495.384615384616 4073.333333333334 4411.794871794872 4507.6923076923085 4486.666666666667 4725.128205128206 4373.846153846154 4385.128205128206 4724.102564102564 4065.6410256410263 3934.358974358975 4329.2307692307695 4614.358974358975 4396.923076923077 1612.0 1711.0 5.731 5.629837989807129 0.0 0.0 0.0 0.0  1  0  0  0  0  0  0  0  0  0  0  0  0  0 
5739 110.0 0.0 0.0 4486.666666666667 4067.1794871794878 4417.948717948719 4510.769230769231 4484.102564102564 4723.076923076924 4372.307692307693 4381.025641025642 4728.205128205129 4066.1538461538466 3935.8974358974365 4334.358974358975 4615.8974358974365 4397.435897435898 1614.0 1712.0 5.739 5.629837989807129 0.0 0.0 0.0 0.0  1  0  0  0  0  0  0  0  0  0  0  0  0  0 
5747 111.0 0.0 0.0 4485.128205128206 4070.7692307692314 4414.358974358975 4514.358974358975 4487.6923076923085 4726.153846153847 4371.794871794872 4380.000000000001 4727.6923076923085 4067.1794871794878 3934.8717948717954 4332.820512820514 4611.282051282052 4395.8974358974365 1613.0 1711.0 5.747 5.629837989807129 0.0 0.0 0.0 0.0  1  0  0  0  0  0  0  0  0  0  0  0  0  0 
5754 112.0 0.0 0.0 4484.102564102564 4077.435897435898 4408.717948717949 4514.358974358975 4487.179487179488 4726.666666666667 4374.871794871796 4381.025641025642 4725.128205128206 4068.717948717949 3933.333333333334 4329.743589743591 4610.769230769231 4396.410256410257 1613.0 1712.0 5.754 5.629837989807129 0.0 0.0 0.0 0.0  1  0  0  0  0  0  0  0  0  0  0  0  0  0 
5762 113.0 0.0 0.0 4486.666666666667 4071.7948717948725 4408.717948717949 4515.384615384616 4484.102564102564 4726.153846153847 4381.025641025642 4381.538461538462 4723.589743589744 4066.666666666667 3933.8461538461543 4330.769230769231 4612.307692307693 4395.384615384616 1614.0 1711.0 5.762 5.629837989807129 0.0 0.0 0.0 0.0  1  0  0  0  0  0  0  0  0  0  0  0  0  0 
5770 114.0 0.0 0.0 4495.8974358974365 4065.6410256410263 4410.256410256411 4513.846153846154 4487.6923076923085 4725.641025641026 4385.128205128206 4381.538461538462 4725.128205128206 4063.589743589744 3934.8717948717954 4330.256410256411 4611.794871794872 4392.820512820514 1613.0 1712.0 5.77 5.629837989807129 0.0 0.0 0.0 0.0  1  0  0  0  0  0  0  0  0  0  0  0  0  0 
5778 115.0 0.0 0.0 4507.6923076923085 4072.820512820513 4412.820512820514 4512.820512820514 4489.2307692307695 4725.128205128206 4383.589743589744 4380.000000000001 4724.102564102564 4065.6410256410263 3935.8974358974365 4330.256410256411 4611.282051282052 4392.307692307693 1614.0 1712.0 5.778 5.629837989807129 0.0 0.0 0.0 0.0  1  0  0  0  0  0  0  0  0  0  0  0  0  0 
5786 116.0 0.0 0.0 4509.2307692307695 4073.8461538461543 4405.641025641026 4513.846153846154 4488.717948717949 4723.589743589744 4383.589743589744 4383.076923076924 4724.102564102564 4067.692307692308 3933.8461538461543 4324.615384615385 4611.794871794872 4392.307692307693 1613.0 1712.0 5.786 5.629837989807129 0.0 0.0 0.0 0.0  1  0  0  0  0  0  0  0  0  0  0  0  0  0 
5794 117.0 0.0 0.0 4513.333333333334 4070.2564102564106 4408.205128205129 4514.358974358975 4488.205128205129 4720.000000000001 4384.102564102564 4383.589743589744 4723.589743589744 4067.1794871794878 3933.8461538461543 4330.769230769231 4614.358974358975 4393.846153846154 1614.0 1712.0 5.794 5.629837989807129 0.0 0.0 0.0 0.0  1  0  0  0  0  0  0  0  0  0  0  0  0  0 
5801 118.0 0.0 0.0 4499.48717948718 4070.2564102564106 4404.615384615385 4513.333333333334 4492.307692307693 4725.641025641026 4383.076923076924 4382.564102564103 4724.102564102564 4068.205128205129 3933.333333333334 4330.769230769231 4608.205128205129 4393.846153846154 1613.0 1712.0 5.801 5.754945755004883 0.0 0.0 0.0 0.0  1  0  0  0  0  0  0  0  0  0  0  0  0  0 
5809 119.0 0.0 0.0 4496.410256410257 4074.8717948717954 4412.307692307693 4516.923076923077 4488.205128205129 4725.128205128206 4380.000000000001 4378.974358974359 4723.076923076924 4070.7692307692314 3938.461538461539 4334.871794871796 4613.333333333334 4401.025641025642 1614.0 1712.0 5.809 5.754945755004883 0.0 0.0 0.0 0.0  1  0  0  0  0  0  0  0  0  0  0  0  0  0 
5817 120.0 0.0 0.0 4487.6923076923085 4070.7692307692314 4414.358974358975 4515.8974358974365 4486.666666666667 4725.641025641026 4382.564102564103 4382.564102564103 4725.641025641026 4069.23076923077 3937.435897435898 4330.256410256411 4617.435897435898 4400.000000000001 1613.0 1712.0 5.817 5.754945755004883 0.0 0.0 0.0 0.0  1  0  0  0  0  0  0  0  0  0  0  0  0  0 
5825 121.0 0.0 0.0 4489.743589743591 4070.2564102564106 4422.564102564103 4512.307692307693 4485.128205128206 4722.564102564103 4381.025641025642 4382.051282051282 4724.615384615386 4067.1794871794878 3937.9487179487182 4331.282051282052 4616.410256410257 4398.461538461539 1614.0 1712.0 5.825 5.754945755004883 0.0 0.0 0.0 0.0  1  0  0  0  0  0  0  0  0  0  0  0  0  0 
5833 122.0 0.0 0.0 4486.153846153847 4072.307692307693 4410.256410256411 4513.333333333334 4488.205128205129 4726.153846153847 4378.974358974359 4381.538461538462 4723.076923076924 4068.205128205129 3936.410256410257 4327.179487179487 4610.256410256411 4394.358974358975 1613.0 1710.0 5.833 5.754945755004883 0.0 0.0 0.0 0.0  1  0  0  0  0  0  0  0  0  0  0  0  0  0 
5840 123.0 0.0 0.0 4497.948717948719 4073.8461538461543 4407.6923076923085 4517.435897435898 4487.179487179488 4723.076923076924 4374.871794871796 4381.025641025642 4724.102564102564 4068.717948717949 3935.8974358974365 4330.769230769231 4614.358974358975 4393.846153846154 1613.0 1713.0 5.84 5.754945755004883 0.0 0.0 0.0 0.0  1  0  0  0  0  0  0  0  0  0  0  0  0  0 
5848 124.0 0.0 0.0 4498.974358974359 4073.333333333334 4406.666666666667 4515.8974358974365 4487.6923076923085 4723.589743589744 4370.769230769231 4382.564102564103 4726.153846153847 4066.1538461538466 3934.8717948717954 4325.641025641026 4612.820512820514 4391.282051282052 1614.0 1711.0 5.848 5.754945755004883 0.0 0.0 0.0 0.0  1  0  0  0  0  0  0  0  0  0  0  0  0  0 
5856 125.0 0.0 0.0 4503.589743589744 4075.3846153846157 4411.282051282052 4512.820512820514 4487.6923076923085 4722.564102564103 4369.2307692307695 4382.051282051282 4725.128205128206 4064.615384615385 3936.410256410257 4325.641025641026 4611.282051282052 4391.794871794872 1613.0 1712.0 5.856 5.754945755004883 0.0 0.0 0.0 0.0  1  0  0  0  0  0  0  0  0  0  0  0  0  0 
5864 126.0 0.0 0.0 4502.564102564103 4071.2820512820517 4407.179487179487 4515.8974358974365 4490.769230769231 4724.102564102564 4373.846153846154 4383.589743589744 4725.641025641026 4066.666666666667 3934.8717948717954 4326.153846153847 4612.820512820514 4391.794871794872 1614.0 1711.0 5.864 5.754945755004883 0.0 0.0 0.0 0.0  1  0  0  0  0  0  0  0  0  0  0  0  0  0 
5872 127.0 0.0 0.0 4501.538461538462 4068.205128205129 4405.641025641026 4516.923076923077 4487.179487179488 4724.615384615386 4380.512820512821 4384.102564102564 4726.153846153847 4067.1794871794878 3932.820512820513 4326.153846153847 4611.794871794872 4391.794871794872 1613.0 1712.0 5.872 5.754945755004883 0.0 0.0 0.0 0.0  1  0  0  0  0  0  0  0  0  0  0  0  0  0 
5880 128.0 0.0 0.0 4496.410256410257 4069.23076923077 4405.641025641026 4513.333333333334 4484.102564102564 4725.641025641026 4389.2307692307695 4383.589743589744 4726.153846153847 4065.6410256410263 3934.358974358975 4329.2307692307695 4609.2307692307695 4395.8974358974365 1614.0 1712.0 5.88 5.754945755004883 0.0 0.0 0.0 0.0  1  0  0  0  0  0  0  0  0  0  0  0  0  0 
5887 0.0 0.0 0.0 4491.794871794872 4072.820512820513 4404.615384615385 4513.333333333334 4488.717948717949 4724.615384615386 4397.948717948719 4385.641025641026 4726.153846153847 4066.1538461538466 3935.3846153846157 4332.307692307693 4611.794871794872 4398.974358974359 1613.0 1712.0 5.887 5.754945755004883 0.0 0.0 0.0 0.0  1  0  0  0  0  0  0  0  0  0  0  0  0  0 
5895 1.0 0.0 0.0 4489.743589743591 4074.8717948717954 4402.051282051282 4515.384615384616 4494.871794871796 4727.179487179488 4401.025641025642 4385.641025641026 4724.102564102564 4066.666666666667 3931.2820512820517 4327.6923076923085 4610.769230769231 4396.410256410257 1614.0 1712.0 5.895 5.754945755004883 0.0 0.0 0.0 0.0  1  0  0  0  0  0  0  0  0  0  0  0  0  0 
5903 2.0 0.0 0.0 4489.743589743591 4075.3846153846157 4402.564102564103 4510.769230769231 4491.794871794872 4730.256410256411 4398.461538461539 4383.076923076924 4725.641025641026 4065.6410256410263 3931.2820512820517 4325.641025641026 4608.205128205129 4393.333333333334 1612.0 1712.0 5.903 5.754945755004883 0.0 0.0 0.0 0.0  1  0  0  0  0  0  0  0  0  0  0  0  0  0 
5911 3.0 0.0 0.0 4501.538461538462 4074.358974358975 4410.256410256411 4510.769230769231 4485.128205128206 4725.128205128206 4392.820512820514 4380.000000000001 4726.153846153847 4066.1538461538466 3936.410256410257 4336.410256410257 4613.333333333334 4393.846153846154 1614.0 1713.0 5.911 5.754945755004883 0.0 0.0 0.0 0.0  1  0  0  0  0  0  0  0  0  0  0  0  0  0 
5919 4.0 0.0 0.0 4503.589743589744 4070.7692307692314 4404.102564102564 4514.358974358975 4485.641025641026 4722.564102564103 4389.2307692307695 4383.076923076924 4726.153846153847 4066.666666666667 3933.8461538461543 4331.282051282052 4612.820512820514 4392.307692307693 1613.0 1711.0 5.919 5.754945755004883 0.0 0.0 0.0 0.0  1  0  0  0  0  0  0  0  0  0  0  0  0  0 
5926 5.0 0.0 0.0 4507.6923076923085 4073.333333333334 4408.717948717949 4513.846153846154 4485.128205128206 4723.589743589744 4386.666666666667 4383.076923076924 4725.128205128206 4066.666666666667 3931.2820512820517 4327.179487179487 4611.794871794872 4393.333333333334 1613.0 1712.0 5.926 5.8800530433654785 0.0 0.0 0.0 0.0  1  0  0  0  0  0  0  0  0  0  0  0  0  0 
5934 6.0 0.0 0.0 4498.974358974359 4073.333333333334 4411.282051282052 4512.307692307693 4486.153846153847 4726.666666666667 4389.2307692307695 4382.051282051282 4727.6923076923085 4068.717948717949 3931.7948717948725 4326.666666666667 4612.307692307693 4392.820512820514 1614.0 1710.0 5.934 5.8800530433654785 0.0 0.0 0.0 0.0  1  0  0  0  0  0  0  0  0  0  0  0  0  0 
5942 7.0 0.0 0.0 4498.974358974359 4070.7692307692314 4416.923076923077 4514.358974358975 4485.128205128206 4720.512820512821 4389.2307692307695 4381.538461538462 4726.666666666667 4069.23076923077 3934.8717948717954 4335.8974358974365 4616.410256410257 4396.923076923077 1613.0 1712.0 5.942 5.8800530433654785 0.0 0.0 0.0 0.0  1  0  0  0  0  0  0  0  0  0  0  0  0  0 
5950 8.0 0.0 0.0 4486.153846153847 4067.692307692308 4409.743589743591 4513.333333333334 4489.2307692307695 4723.589743589744 4392.307692307693 4384.615384615385 4726.153846153847 4066.1538461538466 3933.8461538461543 4328.205128205129 4614.358974358975 4398.461538461539 1614.0 1711.0 5.95 5.8800530433654785 0.0 0.0 0.0 0.0  1  0  0  0  0  0  0  0  0  0  0  0  0  0 
5958 9.0 0.0 0.0 4488.717948717949 4072.820512820513 4416.410256410257 4512.820512820514 4489.2307692307695 4726.153846153847 4394.871794871796 4382.564102564103 4727.179487179488 4065.6410256410263 3936.410256410257 4332.307692307693 4619.48717948718 4401.538461538462 1613.0 1711.0 5.958 5.8800530433654785 0.0 0.0 0.0 0.0  1  0  0  0  0  0  0  0  0  0  0  0  0  0 
5966 10.0 0.0 0.0 4485.128205128206 4072.820512820513 4409.2307692307695 4514.358974358975 4490.769230769231 4730.769230769231 4395.8974358974365 4382.564102564103 4728.205128205129 4065.6410256410263 3933.333333333334 4330.769230769231 4614.358974358975 4394.871794871796 1614.0 1712.0 5.966 5.8800530433654785 0.0 0.0 0.0 0.0  1  0  0  0  0  0  0  0  0  0  0  0  0  0 
5973 11.0 0.0 0.0 4492.820512820514 4071.7948717948725 4409.743589743591 4513.846153846154 4487.179487179488 4725.128205128206 4389.743589743591 4382.051282051282 4725.641025641026 4064.615384615385 3936.410256410257 4333.333333333334 4613.846153846154 4396.410256410257 1613.0 1711.0 5.973 5.8800530433654785 0.0 0.0 0.0 0.0  1  0  0  0  0  0  0  0  0  0  0  0  0  0 
5981 12.0 0.0 0.0 4494.358974358975 4072.307692307693 4404.615384615385 4513.333333333334 4487.179487179488 4723.076923076924 4387.6923076923085 4382.564102564103 4725.641025641026 4065.6410256410263 3936.410256410257 4332.307692307693 4615.8974358974365 4396.410256410257 1613.0 1712.0 5.981 5.8800530433654785 0.0 0.0 0.0 0.0  1  0  0  0  0  0  0  0  0  0  0  0  0  0 
5989 13.0 0.0 0.0 4503.589743589744 4073.333333333334 4404.615384615385 4514.358974358975 4485.641025641026 4720.512820512821 4388.717948717949 4382.564102564103 4727.6923076923085 4069.7435897435903 3934.8717948717954 4332.307692307693 4617.948717948719 4392.820512820514 1613.0 1711.0 5.989 5.8800530433654785 0.0 0.0 0.0 0.0  1  0  0  0  0  0  0  0  0  0  0  0  0  0 
5997 14.0 0.0 0.0 4506.666666666667 4071.7948717948725 4405.128205128206 4514.358974358975 4484.615384615385 4720.000000000001 4391.282051282052 4383.076923076924 4726.666666666667 4070.7692307692314 3933.333333333334 4328.205128205129 4614.871794871796 4390.256410256411 1614.0 1712.0 5.997 5.8800530433654785 0.0 0.0 0.0 0.0  1  0  0  0  0  0  0  0  0  0  0  0  0  0 
6005 15.0 0.0 0.0 4507.179487179488 4072.307692307693 4407.6923076923085 4513.846153846154 4486.153846153847 4720.512820512821 4394.871794871796 4380.000000000001 4724.615384615386 4067.692307692308 3933.333333333334 4328.205128205129 4613.333333333334 4392.820512820514 1613.0 1712.0 6.005 5.8800530433654785 0.0 0.0 0.0 0.0  1  0  0  0  0  0  0  0  0  0  0  0  0  0 
6012 16.0 0.0 0.0 4504.615384615385 4072.307692307693 4409.2307692307695 4515.8974358974365 4487.6923076923085 4723.076923076924 4396.410256410257 4377.435897435898 4725.128205128206 4065.1282051282055 3934.8717948717954 4331.282051282052 4612.307692307693 4395.384615384616 1613.0 1712.0 6.012 5.8800530433654785 0.0 0.0 0.0 0.0  1  0  0  0  0  0  0  0  0  0  0  0  0  0 
6020 17.0 0.0 0.0 4498.461538461539 4072.307692307693 4409.2307692307695 4513.333333333334 4488.205128205129 4723.589743589744 4392.307692307693 4379.48717948718 4724.102564102564 4065.1282051282055 3933.333333333334 4328.717948717949 4611.282051282052 4395.384615384616 1613.0 1712.0 6.02 5.8800530433654785 0.0 0.0 0.0 0.0  1  0  0  0  0  0  0  0  0  0  0  0  0  0 
6028 18.0 0.0 0.0 4496.923076923077 4073.8461538461543 4411.282051282052 4509.743589743591 4487.179487179488 4722.051282051282 4387.179487179487 4381.025641025642 4723.076923076924 4065.6410256410263 3931.7948717948725 4329.743589743591 4614.871794871796 4397.435897435898 1614.0 1711.0 6.028 5.8800530433654785 0.0 0.0 0.0 0.0  1  0  0  0  0  0  0  0  0  0  0  0  0  0 
6036 19.0 0.0 0.0 4489.2307692307695 4071.7948717948725 4406.666666666667 4510.769230769231 4488.717948717949 4725.641025641026 4389.2307692307695 4382.051282051282 4728.205128205129 4067.1794871794878 3931.2820512820517 4328.717948717949 4611.282051282052 4394.358974358975 1613.0 1712.0 6.036 5.8800530433654785 0.0 0.0 0.0 0.0  1  0  0  0  0  0  0  0  0  0  0  0  0  0 
6044 20.0 0.0 0.0 4488.205128205129 4071.7948717948725 4410.769230769231 4513.333333333334 4487.179487179488 4726.153846153847 4390.769230769231 4381.025641025642 4728.205128205129 4069.23076923077 3935.8974358974365 4332.307692307693 4610.256410256411 4396.410256410257 1614.0 1712.0 6.044 5.8800530433654785 0.0 0.0 0.0 0.0  1  0  0  0  0  0  0  0  0  0  0  0  0  0 
6052 21.0 0.0 0.0 4488.205128205129 4072.307692307693 4405.641025641026 4512.307692307693 4487.179487179488 4724.615384615386 4390.769230769231 4382.051282051282 4723.589743589744 4065.6410256410263 3935.3846153846157 4327.179487179487 4609.743589743591 4396.923076923077 1612.0 1711.0 6.052 6.005160808563232 0.0 0.0 0.0 0.0  1  0  0  0  0  0  0  0  0  0  0  0  0  0 
6059 22.0 0.0 0.0 4505.641025641026 4074.358974358975 4407.6923076923085 4513.846153846154 4485.641025641026 4721.538461538462 4389.743589743591 4379.48717948718 4722.564102564103 4064.1025641025644 3934.8717948717954 4328.205128205129 4615.384615384616 4394.871794871796 1614.0 1712.0 6.059 6.005160808563232 0.0 0.0 0.0 0.0  1  0  0  0  0  0  0  0  0  0  0  0  0  0 
6067 23.0 0.0 0.0 4502.564102564103 4073.333333333334 4401.538461538462 4515.8974358974365 4488.717948717949 4722.564102564103 4390.769230769231 4382.051282051282 4726.153846153847 4067.692307692308 3934.358974358975 4324.102564102564 4613.333333333334 4391.794871794872 1613.0 1711.0 6.067 6.005160808563232 0.0 0.0 0.0 0.0  1  0  0  0  0  0  0  0  0  0  0  0  0  0 
6075 24.0 0.0 0.0 4510.769230769231 4075.3846153846157 4407.6923076923085 4515.384615384616 4485.641025641026 4714.358974358975 4386.666666666667 4382.564102564103 4726.153846153847 4069.23076923077 3937.435897435898 4332.820512820514 4617.435897435898 4400.000000000001 1613.0 1713.0 6.075 6.005160808563232 0.0 0.0 0.0 0.0  1  0  0  0  0  0  0  0  0  0  0  0  0  0 
6083 25.0 0.0 0.0 4517.948717948719 4072.820512820513 4408.717948717949 4516.923076923077 4482.051282051282 4713.846153846154 4386.153846153847 4381.538461538462 4727.6923076923085 4067.692307692308 3937.435897435898 4332.307692307693 4621.538461538462 4402.051282051282 1615.0 1710.0 6.083 6.036437511444092 0.0 0.0 0.0 0.0  1  0  0  0  0  0  0  0  0  0  0  0  0  0 
6091 26.0 0.0 0.0 4493.333333333334 4067.1794871794878 4392.820512820514 4518.974358974359 4497.435897435898 4740.512820512821 4395.384615384616 4384.102564102564 4718.461538461539 4061.0256410256416 3925.1282051282055 4313.333333333334 4594.358974358975 4381.025641025642 1612.0 1712.0 6.091 6.036437511444092 0.0 0.0 0.0 0.0  1  0  0  0  0  0  0  0  0  0  0  0  0  0 
6098 27.0 0.0 0.0 4513.333333333334 4073.333333333334 4418.974358974359 4512.307692307693 4479.48717948718 4713.846153846154 4388.205128205129 4384.102564102564 4733.846153846154 4066.666666666667 3942.564102564103 4337.435897435898 4627.179487179488 4404.102564102564 1613.0 1712.0 6.098 6.036437511444092 0.0 0.0 0.0 0.0  1  0  0  0  0  0  0  0  0  0  0  0  0  0 
6106 28.0 0.0 0.0 4519.48717948718 4073.333333333334 4429.743589743591 4516.410256410257 4474.358974358975 4700.000000000001 4393.333333333334 4381.025641025642 4736.410256410257 4069.23076923077 3949.2307692307695 4352.307692307693 4641.025641025642 4418.974358974359 1613.0 1711.0 6.106 6.036437511444092 0.0 0.0 0.0 0.0  1  0  0  0  0  0  0  0  0  0  0  0  0  0 
6114 29.0 0.0 0.0 4373.333333333334 4051.2820512820517 4312.307692307693 4517.435897435898 4555.384615384616 4818.974358974359 4431.282051282052 4395.384615384616 4684.102564102564 4045.1282051282055 3883.076923076924 4251.282051282052 4501.538461538462 4328.717948717949 1614.0 1712.0 6.114 6.036437511444092 0.0 0.0 0.0 0.0  1  0  0  0  0  0  0  0  0  0  0  0  0  0 
6122 30.0 0.0 0.0 4321.025641025642 4066.1538461538466 4326.666666666667 4501.538461538462 4536.923076923077 4799.48717948718 4415.8974358974365 4391.794871794872 4693.846153846154 4051.7948717948725 3896.9230769230776 4264.615384615385 4522.051282051282 4338.461538461539 1613.0 1711.0 6.122 6.036437511444092 0.0 0.0 0.0 0.0  1  0  0  0  0  0  0  0  0  0  0  0  0  0 
6130 31.0 0.0 0.0 4348.717948717949 4089.23076923077 4415.8974358974365 4496.923076923077 4466.666666666667 4692.820512820514 4387.179487179487 4377.948717948719 4738.461538461539 4073.333333333334 3955.8974358974365 4345.641025641026 4643.076923076924 4413.333333333334 1614.0 1712.0 6.13 6.036437511444092 0.0 0.0 0.0 0.0  1  0  0  0  0  0  0  0  0  0  0  0  0  0 
6138 32.0 0.0 0.0 4343.076923076924 4082.564102564103 4417.948717948719 4505.128205128206 4468.205128205129 4684.615384615386 4393.333333333334 4378.461538461539 4736.923076923077 4075.3846153846157 3955.8974358974365 4346.666666666667 4649.2307692307695 4416.410256410257 1613.0 1711.0 6.138 6.036437511444092 0.0 0.0 0.0 0.0  1  0  0  0  0  0  0  0  0  0  0  0  0  0 
6145 33.0 0.0 0.0 4292.307692307693 4068.205128205129 4357.435897435898 4505.128205128206 4511.794871794872 4746.153846153847 4413.846153846154 4386.666666666667 4709.2307692307695 4062.564102564103 3920.5128205128212 4297.435897435898 4575.8974358974365 4368.717948717949 1613.0 1712.0 6.145 6.036437511444092 0.0 0.0 0.0 0.0  1  0  0  0  0  0  0  0  0  0  0  0  0  0 
6153 34.0 0.0 0.0 4334.871794871796 4078.9743589743593 4395.8974358974365 4498.974358974359 4478.974358974359 4706.153846153847 4400.512820512821 4380.000000000001 4731.282051282052 4067.1794871794878 3944.1025641025644 4333.333333333334 4625.641025641026 4401.025641025642 1613.0 1711.0 6.153 6.036437511444092 0.0 0.0 0.0 0.0  1  0  0  0  0  0  0  0  0  0  0  0  0  0 
6161 35.0 0.0 0.0 4330.256410256411 4075.8974358974365 4402.051282051282 4504.102564102564 4476.923076923077 4705.128205128206 4407.179487179487 4378.974358974359 4732.307692307693 4065.6410256410263 3945.6410256410263 4334.358974358975 4626.666666666667 4405.128205128206 1613.0 1712.0 6.161 6.036437511444092 0.0 0.0 0.0 0.0  1  0  0  0  0  0  0  0  0  0  0  0  0  0 
6169 36.0 0.0 0.0 4311.794871794872 4073.333333333334 4382.051282051282 4501.538461538462 4491.794871794872 4728.205128205129 4410.256410256411 4386.153846153847 4722.051282051282 4066.1538461538466 3931.2820512820517 4314.358974358975 4600.000000000001 4388.717948717949 1614.0 1711.0 6.169 6.036437511444092 0.0 0.0 0.0 0.0  1  0  0  0  0  0  0  0  0  0  0  0  0  0 
6177 37.0 0.0 0.0 4321.025641025642 4078.9743589743593 4400.000000000001 4500.000000000001 4481.025641025642 4711.282051282052 4403.589743589744 4382.051282051282 4726.666666666667 4069.7435897435903 3941.0256410256416 4332.820512820514 4618.974358974359 4400.512820512821 1613.0 1712.0 6.177 6.130268096923828 0.0 0.0 0.0 0.0  1  0  0  0  0  0  0  0  0  0  0  0  0  0 
6184 38.0 0.0 0.0 4307.6923076923085 4072.307692307693 4389.2307692307695 4498.974358974359 4487.179487179488 4721.025641025642 4412.820512820514 4383.076923076924 4726.666666666667 4065.1282051282055 3937.9487179487182 4320.512820512821 4606.666666666667 4391.794871794872 1614.0 1712.0 6.184 6.130268096923828 0.0 0.0 0.0 0.0  1  0  0  0  0  0  0  0  0  0  0  0  0  0 
6192 39.0 0.0 0.0 4326.153846153847 4073.333333333334 4401.538461538462 4497.435897435898 4481.025641025642 4713.846153846154 4411.794871794872 4382.564102564103 4727.6923076923085 4069.23076923077 3945.1282051282055 4328.205128205129 4616.923076923077 4397.948717948719 1613.0 1711.0 6.192 6.130268096923828 0.0 0.0 0.0 0.0  1  0  0  0  0  0  0  0  0  0  0  0  0  0 
6200 40.0 0.0 0.0 4317.435897435898 4076.410256410257 4388.717948717949 4497.435897435898 4486.153846153847 4719.48717948718 4410.769230769231 4384.102564102564 4724.102564102564 4068.205128205129 3940.5128205128212 4323.589743589744 4610.769230769231 4394.871794871796 1613.0 1712.0 6.2 6.130268096923828 0.0 0.0 0.0 0.0  1  0  0  0  0  0  0  0  0  0  0  0  0  0 
6208 41.0 0.0 0.0 4327.179487179487 4082.0512820512827 4390.769230769231 4502.051282051282 4483.589743589744 4717.948717948719 4402.051282051282 4383.076923076924 4725.641025641026 4064.615384615385 3938.461538461539 4327.179487179487 4612.307692307693 4397.435897435898 1613.0 1711.0 6.208 6.130268096923828 0.0 0.0 0.0 0.0  1  0  0  0  0  0  0  0  0  0  0  0  0  0 
6216 42.0 0.0 0.0 4329.2307692307695 4079.48717948718 4385.128205128206 4504.102564102564 4484.615384615385 4718.461538461539 4398.974358974359 4383.076923076924 4728.205128205129 4065.1282051282055 3938.461538461539 4323.589743589744 4611.794871794872 4394.358974358975 1614.0 1712.0 6.216 6.130268096923828 0.0 0.0 0.0 0.0  1  0  0  0  0  0  0  0  0  0  0  0  0  0 
6224 43.0 0.0 0.0 4338.461538461539 4077.9487179487187 4385.128205128206 4506.153846153847 4482.564102564103 4714.358974358975 4395.8974358974365 4381.025641025642 4726.153846153847 4067.692307692308 3942.0512820512827 4326.153846153847 4615.8974358974365 4391.794871794872 1613.0 1712.0 6.224 6.130268096923828 0.0 0.0 0.0 0.0  1  0  0  0  0  0  0  0  0  0  0  0  0  0 
6231 44.0 0.0 0.0 4331.794871794872 4076.9230769230776 4379.48717948718 4506.153846153847 4484.102564102564 4715.8974358974365 4394.358974358975 4381.538461538462 4725.641025641026 4066.1538461538466 3939.48717948718 4321.025641025642 4614.358974358975 4392.307692307693 1613.0 1712.0 6.231 6.130268096923828 0.0 0.0 0.0 0.0  1  0  0  0  0  0  0  0  0  0  0  0  0  0 
6239 45.0 0.0 0.0 4331.794871794872 4078.9743589743593 4385.641025641026 4504.102564102564 4485.641025641026 4713.333333333334 4392.820512820514 4381.025641025642 4726.666666666667 4064.1025641025644 3939.48717948718 4324.615384615385 4615.8974358974365 4397.435897435898 1614.0 1711.0 6.239 6.130268096923828 0.0 0.0 0.0 0.0  1  0  0  0  0  0  0  0  0  0  0  0  0  0 
6247 46.0 0.0 0.0 4325.128205128206 4077.435897435898 4389.743589743591 4503.076923076924 4485.641025641026 4713.333333333334 4394.871794871796 4381.538461538462 4728.205128205129 4066.1538461538466 3941.0256410256416 4326.666666666667 4615.8974358974365 4396.410256410257 1613.0 1712.0 6.247 6.130268096923828 0.0 0.0 0.0 0.0  1  0  0  0  0  0  0  0  0  0  0  0  0  0 
6255 47.0 0.0 0.0 4319.48717948718 4076.410256410257 4391.794871794872 4501.538461538462 4483.076923076924 4716.923076923077 4400.000000000001 4381.025641025642 4727.6923076923085 4068.717948717949 3940.0000000000005 4326.153846153847 4614.871794871796 4396.923076923077 1614.0 1711.0 6.255 6.130268096923828 0.0 0.0 0.0 0.0  1  0  0  0  0  0  0  0  0  0  0  0  0  0 
6263 48.0 0.0 0.0 4313.333333333334 4076.410256410257 4393.333333333334 4499.48717948718 4484.615384615385 4718.461538461539 4405.128205128206 4378.974358974359 4726.153846153847 4067.1794871794878 3940.5128205128212 4328.205128205129 4613.846153846154 4398.974358974359 1613.0 1711.0 6.263 6.130268096923828 0.0 0.0 0.0 0.0  1  0  0  0  0  0  0  0  0  0  0  0  0  0 
6271 49.0 0.0 0.0 4306.153846153847 4075.8974358974365 4397.435897435898 4497.435897435898 4487.6923076923085 4716.410256410257 4407.179487179487 4378.974358974359 4725.641025641026 4065.6410256410263 3941.538461538462 4328.205128205129 4613.846153846154 4395.8974358974365 1614.0 1711.0 6.271 6.130268096923828 0.0 0.0 0.0 0.0  1  0  0  0  0  0  0  0  0  0  0  0  0  0 
6278 50.0 0.0 0.0 4311.282051282052 4076.9230769230776 4402.564102564103 4499.48717948718 4484.615384615385 4714.871794871796 4404.102564102564 4378.461538461539 4726.153846153847 4068.205128205129 3941.538461538462 4327.179487179487 4616.410256410257 4393.333333333334 1613.0 1711.0 6.278 6.130268096923828 0.0 0.0 0.0 0.0  1  0  0  0  0  0  0  0  0  0  0  0  0  0 
6286 51.0 0.0 0.0 4313.846153846154 4076.410256410257 4397.435897435898 4500.512820512821 4484.102564102564 4720.000000000001 4399.48717948718 4380.000000000001 4724.615384615386 4066.666666666667 3938.461538461539 4322.564102564103 4610.256410256411 4391.794871794872 1613.0 1712.0 6.286 6.130268096923828 0.0 0.0 0.0 0.0  1  0  0  0  0  0  0  0  0  0  0  0  0  0 
6294 52.0 0.0 0.0 4322.051282051282 4077.435897435898 4394.358974358975 4502.051282051282 4484.102564102564 4717.948717948719 4394.871794871796 4381.025641025642 4725.641025641026 4065.1282051282055 3941.538461538462 4327.6923076923085 4611.282051282052 4393.846153846154 1614.0 1711.0 6.294 6.130268096923828 0.0 0.0 0.0 0.0  1  0  0  0  0  0  0  0  0  0  0  0  0  0 
6302 53.0 0.0 0.0 4321.538461538462 4075.8974358974365 4383.589743589744 4504.102564102564 4485.641025641026 4717.435897435898 4401.538461538462 4382.051282051282 4728.205128205129 4066.1538461538466 3941.0256410256416 4323.076923076924 4611.794871794872 4391.282051282052 1613.0 1712.0 6.302 6.255375862121582 0.0 0.0 0.0 0.0  1  0  0  0  0  0  0  0  0  0  0  0  0  0 
6310 54.0 0.0 0.0 4332.307692307693 4076.9230769230776 4390.256410256411 4504.615384615385 4483.589743589744 4714.358974358975 4410.769230769231 4378.461538461539 4726.666666666667 4067.692307692308 3939.48717948718 4329.2307692307695 4616.410256410257 4395.8974358974365 1613.0 1711.0 6.31 6.255375862121582 0.0 0.0 0.0 0.0  1  0  0  0  0  0  0  0  0  0  0  0  0  0 
6317 55.0 0.0 0.0 4326.153846153847 4074.8717948717954 4388.717948717949 4502.051282051282 4486.153846153847 4717.435897435898 4414.871794871796 4380.000000000001 4724.615384615386 4067.692307692308 3937.435897435898 4325.641025641026 4613.333333333334 4395.8974358974365 1613.0 1712.0 6.317 6.255375862121582 0.0 0.0 0.0 0.0  1  0  0  0  0  0  0  0  0  0  0  0  0  0 
6325 56.0 0.0 0.0 4328.205128205129 4074.8717948717954 4394.358974358975 4499.48717948718 4482.051282051282 4712.820512820514 4414.358974358975 4380.000000000001 4726.153846153847 4069.23076923077 3943.076923076924 4327.179487179487 4617.948717948719 4400.000000000001 1614.0 1712.0 6.325 6.255375862121582 0.0 0.0 0.0 0.0  1  0  0  0  0  0  0  0  0  0  0  0  0  0 
6333 57.0 0.0 0.0 4318.461538461539 4073.333333333334 4384.615384615385 4500.512820512821 4484.615384615385 4716.410256410257 4422.564102564103 4381.538461538462 4728.717948717949 4068.717948717949 3939.48717948718 4321.538461538462 4614.358974358975 4399.48717948718 1613.0 1712.0 6.333 6.255375862121582 0.0 0.0 0.0 0.0  1  0  0  0  0  0  0  0  0  0  0  0  0  0 
6341 58.0 0.0 0.0 4323.076923076924 4077.435897435898 4387.6923076923085 4503.589743589744 4486.666666666667 4714.871794871796 4429.743589743591 4383.076923076924 4726.666666666667 4067.1794871794878 3937.435897435898 4327.6923076923085 4615.384615384616 4401.538461538462 1614.0 1711.0 6.341 6.255375862121582 0.0 0.0 0.0 0.0  1  0  0  0  0  0  0  0  0  0  0  0  0  0 
6349 59.0 0.0 0.0 4313.333333333334 4078.461538461539 4383.589743589744 4502.564102564103 4488.205128205129 4716.410256410257 4433.333333333334 4384.615384615385 4725.641025641026 4066.666666666667 3938.9743589743593 4325.641025641026 4612.820512820514 4395.384615384616 1612.0 1711.0 6.349 6.255375862121582 0.0 0.0 0.0 0.0  1  0  0  0  0  0  0  0  0  0  0  0  0  0 
6357 60.0 0.0 0.0 4318.461538461539 4078.9743589743593 4392.307692307693 4502.051282051282 4483.076923076924 4715.384615384616 4430.769230769231 4382.564102564103 4725.641025641026 4066.666666666667 3942.564102564103 4328.205128205129 4612.820512820514 4393.846153846154 1614.0 1712.0 6.357 6.255375862121582 0.0 0.0 0.0 0.0  1  0  0  0  0  0  0  0  0  0  0  0  0  0 
6364 61.0 0.0 0.0 4323.076923076924 4077.435897435898 4391.282051282052 4503.076923076924 4484.102564102564 4718.461538461539 4431.282051282052 4382.564102564103 4725.641025641026 4066.1538461538466 3937.9487179487182 4324.102564102564 4610.256410256411 4393.846153846154 1614.0 1711.0 6.364 6.255375862121582 0.0 0.0 0.0 0.0  1  0  0  0  0  0  0  0  0  0  0  0  0  0 
6372 62.0 0.0 0.0 4329.743589743591 4077.435897435898 4390.256410256411 4502.564102564103 4484.102564102564 4713.333333333334 4430.769230769231 4381.538461538462 4726.666666666667 4066.666666666667 3936.410256410257 4323.076923076924 4613.333333333334 4395.384615384616 1613.0 1712.0 6.372 6.255375862121582 0.0 0.0 0.0 0.0  1  0  0  0  0  0  0  0  0  0  0  0  0  0 
6380 63.0 0.0 0.0 4326.153846153847 4076.410256410257 4389.2307692307695 4501.538461538462 4484.102564102564 4712.820512820514 4432.307692307693 4381.538461538462 4727.6923076923085 4066.1538461538466 3937.9487179487182 4322.051282051282 4614.358974358975 4394.358974358975 1613.0 1711.0 6.38 6.255375862121582 0.0 0.0 0.0 0.0  1  0  0  0  0  0  0  0  0  0  0  0  0  0 
6388 64.0 0.0 1.0 4330.769230769231 4076.9230769230776 4390.769230769231 4502.564102564103 4483.589743589744 4714.871794871796 4431.282051282052 4382.564102564103 4728.205128205129 4067.1794871794878 3941.538461538462 4321.538461538462 4613.846153846154 4394.871794871796 1612.0 1712.0 6.388 6.255375862121582 0.0 0.0 0.0 0.0  1  0  0  0  0  0  0  0  0  0  0  0  0  0 
6396 65.0 0.0 0.0 4329.2307692307695 4078.461538461539 4394.358974358975 4502.564102564103 4482.051282051282 4714.358974358975 4426.666666666667 4382.051282051282 4727.6923076923085 4067.692307692308 3942.0512820512827 4322.564102564103 4615.384615384616 4397.948717948719 1614.0 1711.0 6.396 6.255375862121582 0.0 0.0 0.0 0.0  1  0  0  0  0  0  0  0  0  0  0  0  0  0 
6403 66.0 0.0 0.0 4314.871794871796 4078.461538461539 4390.769230769231 4499.48717948718 4485.641025641026 4715.384615384616 4427.179487179487 4382.051282051282 4727.179487179488 4065.6410256410263 3937.435897435898 4323.076923076924 4611.282051282052 4399.48717948718 1613.0 1712.0 6.403 6.255375862121582 0.0 0.0 0.0 0.0  1  0  0  0  0  0  0  0  0  0  0  0  0  0 
6411 67.0 0.0 0.0 4314.871794871796 4077.435897435898 4390.769230769231 4501.538461538462 4486.153846153847 4714.358974358975 4428.205128205129 4381.538461538462 4726.666666666667 4067.1794871794878 3938.461538461539 4328.717948717949 4611.794871794872 4399.48717948718 1613.0 1712.0 6.411 6.255375862121582 0.0 0.0 0.0 0.0  1  0  0  0  0  0  0  0  0  0  0  0  0  0 
6419 68.0 0.0 0.0 4312.307692307693 4076.410256410257 4390.769230769231 4501.538461538462 4486.153846153847 4717.948717948719 4423.589743589744 4382.051282051282 4727.179487179488 4069.7435897435903 3938.9743589743593 4324.102564102564 4612.820512820514 4392.307692307693 1613.0 1712.0 6.419 6.255375862121582 0.0 0.0 0.0 0.0  1  0  0  0  0  0  0  0  0  0  0  0  0  0 
6427 69.0 0.0 0.0 4321.025641025642 4080.5128205128212 4400.512820512821 4500.512820512821 4484.102564102564 4716.410256410257 4419.48717948718 4380.000000000001 4725.128205128206 4068.205128205129 3939.48717948718 4326.153846153847 4616.923076923077 4395.8974358974365 1614.0 1711.0 6.427 6.380483150482178 0.0 0.0 0.0 0.0  1  0  0  0  0  0  0  0  0  0  0  0  0  0 
6435 70.0 0.0 0.0 4319.48717948718 4079.48717948718 4389.2307692307695 4501.025641025642 4487.179487179488 4716.410256410257 4423.589743589744 4381.025641025642 4725.641025641026 4068.717948717949 3938.9743589743593 4324.615384615385 4612.820512820514 4396.410256410257 1613.0 1712.0 6.435 6.380483150482178 0.0 0.0 0.0 0.0  1  0  0  0  0  0  0  0  0  0  0  0  0  0 
6443 71.0 0.0 0.0 4325.641025641026 4080.0000000000005 4388.205128205129 4503.589743589744 4482.051282051282 4710.256410256411 4423.076923076924 4379.48717948718 4726.666666666667 4073.333333333334 3942.0512820512827 4332.307692307693 4615.8974358974365 4394.358974358975 1614.0 1711.0 6.443 6.380483150482178 0.0 0.0 0.0 0.0  1  0  0  0  0  0  0  0  0  0  0  0  0  0 
6450 72.0 0.0 0.0 4318.461538461539 4078.461538461539 4385.641025641026 4502.051282051282 4484.615384615385 4713.333333333334 4423.076923076924 4380.000000000001 4726.666666666667 4068.717948717949 3937.435897435898 4323.589743589744 4614.358974358975 4390.769230769231 1613.0 1712.0 6.45 6.380483150482178 0.0 0.0 0.0 0.0  1  0  0  0  0  0  0  0  0  0  0  0  0  0 
6458 73.0 0.0 0.0 4327.6923076923085 4078.461538461539 4394.358974358975 4501.538461538462 4483.589743589744 4710.256410256411 4425.641025641026 4378.974358974359 4726.666666666667 4064.615384615385 3938.9743589743593 4323.076923076924 4615.8974358974365 4397.435897435898 1613.0 1711.0 6.458 6.380483150482178 0.0 0.0 0.0 0.0  1  0  0  0  0  0  0  0  0  0  0  0  0  0 
6466 74.0 0.0 0.0 4318.461538461539 4074.8717948717954 4391.282051282052 4503.076923076924 4485.128205128206 4713.333333333334 4433.846153846154 4383.076923076924 4727.179487179488 4067.692307692308 3940.5128205128212 4320.512820512821 4611.282051282052 4394.358974358975 1613.0 1712.0 6.466 6.380483150482178 0.0 0.0 0.0 0.0  1  0  0  0  0  0  0  0  0  0  0  0  0  0 
6474 75.0 0.0 0.0 4316.923076923077 4076.9230769230776 4397.435897435898 4502.051282051282 4483.076923076924 4714.871794871796 4433.846153846154 4382.564102564103 4725.641025641026 4069.23076923077 3941.0256410256416 4328.205128205129 4615.384615384616 4396.410256410257 1614.0 1711.0 6.474 6.380483150482178 0.0 0.0 0.0 0.0  1  0  0  0  0  0  0  0  0  0  0  0  0  0 
6482 76.0 0.0 0.0 4308.205128205129 4076.410256410257 4390.256410256411 4499.48717948718 4485.128205128206 4718.461538461539 4427.179487179487 4381.025641025642 4725.641025641026 4067.692307692308 3937.9487179487182 4325.128205128206 4614.358974358975 4397.948717948719 1612.0 1712.0 6.482 6.380483150482178 0.0 0.0 0.0 0.0  1  0  0  0  0  0  0  0  0  0  0  0  0  0 
6489 77.0 0.0 0.0 4311.794871794872 4077.435897435898 4390.769230769231 4500.512820512821 4483.589743589744 4714.358974358975 4420.512820512821 4380.000000000001 4727.179487179488 4069.7435897435903 3941.538461538462 4324.615384615385 4613.846153846154 4398.461538461539 1614.0 1711.0 6.489 6.380483150482178 0.0 0.0 0.0 0.0  1  0  0  0  0  0  0  0  0  0  0  0  0  0 
6497 78.0 0.0 0.0 4310.256410256411 4078.9743589743593 4386.153846153847 4503.076923076924 4485.128205128206 4715.8974358974365 4419.48717948718 4380.512820512821 4727.179487179488 4070.2564102564106 3941.0256410256416 4321.538461538462 4613.333333333334 4395.8974358974365 1612.0 1712.0 6.497 6.380483150482178 0.0 0.0 0.0 0.0  1  0  0  0  0  0  0  0  0  0  0  0  0  0 
6505 79.0 0.0 0.0 4316.410256410257 4080.0000000000005 4387.179487179487 4502.051282051282 4484.615384615385 4714.358974358975 4415.384615384616 4380.000000000001 4723.589743589744 4067.692307692308 3937.435897435898 4323.589743589744 4616.410256410257 4395.8974358974365 1614.0 1713.0 6.505 6.380483150482178 0.0 0.0 0.0 0.0  1  0  0  0  0  0  0  0  0  0  0  0  0  0 
6513 80.0 0.0 0.0 4321.025641025642 4076.9230769230776 4388.205128205129 4501.538461538462 4483.589743589744 4712.820512820514 4412.307692307693 4382.564102564103 4725.128205128206 4067.1794871794878 3940.0000000000005 4324.102564102564 4615.384615384616 4392.820512820514 1613.0 1711.0 6.513 6.380483150482178 0.0 0.0 0.0 0.0  1  0  0  0  0  0  0  0  0  0  0  0  0  0 
6521 81.0 0.0 0.0 4327.6923076923085 4075.8974358974365 4389.743589743591 4500.512820512821 4485.128205128206 4711.282051282052 4416.923076923077 4383.076923076924 4728.205128205129 4068.717948717949 3941.0256410256416 4320.000000000001 4613.846153846154 4391.282051282052 1613.0 1713.0 6.521 6.380483150482178 0.0 0.0 0.0 0.0  1  0  0  0  0  0  0  0  0  0  0  0  0  0 
6529 82.0 0.0 0.0 4329.743589743591 4076.410256410257 4392.307692307693 4500.512820512821 4485.641025641026 4709.2307692307695 4421.025641025642 4378.974358974359 4726.153846153847 4069.23076923077 3938.9743589743593 4323.076923076924 4616.410256410257 4395.8974358974365 1614.0 1711.0 6.529 6.380483150482178 0.0 0.0 0.0 0.0  1  0  0  0  0  0  0  0  0  0  0  0  0  0 
6536 83.0 0.0 0.0 4323.589743589744 4076.410256410257 4386.666666666667 4501.538461538462 4485.128205128206 4712.307692307693 4417.435897435898 4381.025641025642 4723.076923076924 4068.205128205129 3938.9743589743593 4323.076923076924 4612.307692307693 4396.923076923077 1613.0 1712.0 6.536 6.380483150482178 0.0 0.0 0.0 0.0  1  0  0  0  0  0  0  0  0  0  0  0  0  0 
6544 84.0 0.0 0.0 4325.641025641026 4076.9230769230776 4391.794871794872 4502.051282051282 4482.051282051282 4713.846153846154 4413.333333333334 4383.076923076924 4724.615384615386 4067.1794871794878 3942.564102564103 4326.666666666667 4615.384615384616 4400.000000000001 1614.0 1712.0 6.544 6.380483150482178 0.0 0.0 0.0 0.0  1  0  0  0  0  0  0  0  0  0  0  0  0  0 
6552 85.0 0.0 0.0 4317.435897435898 4076.410256410257 4392.820512820514 4500.000000000001 4486.666666666667 4716.923076923077 4417.435897435898 4382.564102564103 4726.153846153847 4067.1794871794878 3940.0000000000005 4323.589743589744 4613.846153846154 4397.435897435898 1614.0 1711.0 6.552 6.505590915679932 0.0 0.0 0.0 0.0  1  0  0  0  0  0  0  0  0  0  0  0  0  0 
6560 86.0 0.0 0.0 4321.025641025642 4079.48717948718 4400.512820512821 4502.051282051282 4487.179487179488 4712.307692307693 4418.461538461539 4382.564102564103 4725.128205128206 4068.717948717949 3941.0256410256416 4327.179487179487 4614.358974358975 4398.974358974359 1614.0 1711.0 6.56 6.505590915679932 0.0 0.0 0.0 0.0  1  0  0  0  0  0  0  0  0  0  0  0  0  0 
6568 87.0 0.0 0.0 4311.282051282052 4079.48717948718 4393.846153846154 4502.051282051282 4487.179487179488 4715.8974358974365 4421.538461538462 4384.102564102564 4726.666666666667 4068.717948717949 3939.48717948718 4321.025641025642 4610.769230769231 4395.384615384616 1612.0 1711.0 6.568 6.505590915679932 0.0 0.0 0.0 0.0  1  0  0  0  0  0  0  0  0  0  0  0  0  0 
6575 88.0 0.0 0.0 4316.923076923077 4080.0000000000005 4398.974358974359 4500.000000000001 4482.564102564103 4712.820512820514 4426.153846153847 4380.000000000001 4728.205128205129 4068.205128205129 3940.0000000000005 4327.6923076923085 4615.8974358974365 4393.333333333334 1614.0 1711.0 6.575 6.505590915679932 0.0 0.0 0.0 0.0  1  0  0  0  0  0  0  0  0  0  0  0  0  0 
6583 89.0 0.0 0.0 4315.8974358974365 4077.9487179487187 4390.256410256411 4500.000000000001 4487.179487179488 4716.410256410257 4430.256410256411 4381.025641025642 4726.153846153847 4067.692307692308 3938.461538461539 4325.641025641026 4610.769230769231 4390.256410256411 1613.0 1712.0 6.583 6.536867618560791 0.0 0.0 0.0 0.0  1  0  0  0  0  0  0  0  0  0  0  0  0  0 
6591 90.0 0.0 0.0 4327.179487179487 4078.461538461539 4391.282051282052 4502.564102564103 4485.128205128206 4713.846153846154 4426.666666666667 4381.025641025642 4725.128205128206 4070.2564102564106 3942.0512820512827 4328.205128205129 4612.820512820514 4395.384615384616 1614.0 1712.0 6.591 6.536867618560791 0.0 0.0 0.0 0.0  1  0  0  0  0  0  0  0  0  0  0  0  0  0 
6599 91.0 0.0 0.0 4320.512820512821 4075.8974358974365 4386.153846153847 4500.512820512821 4483.589743589744 4713.846153846154 4429.743589743591 4381.025641025642 4727.179487179488 4071.2820512820517 3940.5128205128212 4321.025641025642 4611.794871794872 4393.333333333334 1613.0 1711.0 6.599 6.536867618560791 0.0 0.0 0.0 0.0  1  0  0  0  0  0  0  0  0  0  0  0  0  0 
6607 92.0 0.0 0.0 4322.051282051282 4078.9743589743593 4391.794871794872 4501.025641025642 4481.025641025642 4708.717948717949 4432.307692307693 4380.000000000001 4726.666666666667 4070.2564102564106 3938.461538461539 4324.615384615385 4615.384615384616 4394.871794871796 1613.0 1713.0 6.607 6.536867618560791 0.0 0.0 0.0 0.0  1  0  0  0  0  0  0  0  0  0  0  0  0  0 
6615 93.0 0.0 0.0 4313.333333333334 4077.435897435898 4389.2307692307695 4504.102564102564 4484.102564102564 4711.282051282052 4433.333333333334 4382.051282051282 4725.128205128206 4070.2564102564106 3937.9487179487182 4324.102564102564 4614.358974358975 4394.358974358975 1614.0 1711.0 6.615 6.536867618560791 0.0 0.0 0.0 0.0  1  0  0  0  0  0  0  0  0  0  0  0  0  0 
6622 94.0 0.0 0.0 4312.820512820514 4073.8461538461543 4392.820512820514 4502.051282051282 4484.102564102564 4710.769230769231 4429.2307692307695 4382.564102564103 4725.641025641026 4071.7948717948725 3941.538461538462 4326.153846153847 4614.871794871796 4394.871794871796 1613.0 1712.0 6.622 6.536867618560791 0.0 0.0 0.0 0.0  1  0  0  0  0  0  0  0  0  0  0  0  0  0 
6630 95.0 0.0 0.0 4312.820512820514 4073.333333333334 4388.717948717949 4500.000000000001 4485.128205128206 4711.282051282052 4429.2307692307695 4382.051282051282 4727.6923076923085 4068.717948717949 3938.461538461539 4322.564102564103 4612.820512820514 4395.8974358974365 1614.0 1711.0 6.63 6.536867618560791 0.0 0.0 0.0 0.0  1  0  0  0  0  0  0  0  0  0  0  0  0  0 
6638 96.0 0.0 0.0 4316.410256410257 4077.435897435898 4389.2307692307695 4502.051282051282 4485.128205128206 4714.358974358975 4427.6923076923085 4380.512820512821 4727.6923076923085 4065.1282051282055 3934.8717948717954 4323.076923076924 4613.846153846154 4396.923076923077 1612.0 1712.0 6.638 6.536867618560791 0.0 0.0 0.0 0.0  1  0  0  0  0  0  0  0  0  0  0  0  0  0 
6646 97.0 0.0 0.0 4320.000000000001 4078.9743589743593 4394.871794871796 4504.102564102564 4485.641025641026 4716.923076923077 4420.000000000001 4381.025641025642 4725.641025641026 4067.1794871794878 3939.48717948718 4327.179487179487 4614.871794871796 4394.358974358975 1614.0 1711.0 6.646 6.536867618560791 0.0 0.0 0.0 0.0  1  0  0  0  0  0  0  0  0  0  0  0  0  0 
6654 98.0 0.0 0.0 4322.051282051282 4078.461538461539 4394.358974358975 4500.000000000001 4486.153846153847 4713.846153846154 4415.8974358974365 4384.615384615385 4726.153846153847 4070.7692307692314 3940.5128205128212 4325.641025641026 4613.846153846154 4389.743589743591 1613.0 1711.0 6.654 6.536867618560791 0.0 0.0 0.0 0.0  1  0  0  0  0  0  0  0  0  0  0  0  0  0 
6661 99.0 0.0 0.0 4324.102564102564 4078.461538461539 4395.384615384616 4497.948717948719 4485.641025641026 4711.794871794872 4419.48717948718 4383.076923076924 4728.205128205129 4070.2564102564106 3938.461538461539 4326.153846153847 4616.923076923077 4393.333333333334 1613.0 1712.0 6.661 6.536867618560791 0.0 0.0 0.0 0.0  1  0  0  0  0  0  0  0  0  0  0  0  0  0 
6669 100.0 0.0 0.0 4318.974358974359 4075.3846153846157 4391.282051282052 4500.512820512821 4486.666666666667 4716.410256410257 4424.102564102564 4380.512820512821 4728.205128205129 4067.1794871794878 3939.48717948718 4321.025641025642 4614.358974358975 4395.384615384616 1613.0 1712.0 6.669 6.536867618560791 0.0 0.0 0.0 0.0  1  0  0  0  0  0  0  0  0  0  0  0  0  0 
6677 101.0 0.0 0.0 4324.102564102564 4075.8974358974365 4394.358974358975 4504.615384615385 4483.076923076924 4714.871794871796 4423.076923076924 4378.461538461539 4726.153846153847 4067.692307692308 3944.1025641025644 4326.153846153847 4615.384615384616 4398.974358974359 1614.0 1712.0 6.677 6.630698204040527 0.0 0.0 0.0 0.0  1  0  0  0  0  0  0  0  0  0  0  0  0  0 
6685 102.0 0.0 0.0 4317.948717948719 4077.435897435898 4388.717948717949 4502.564102564103 4484.102564102564 4715.8974358974365 4425.128205128206 4380.512820512821 4726.666666666667 4067.692307692308 3938.9743589743593 4323.076923076924 4612.307692307693 4396.410256410257 1614.0 1711.0 6.685 6.630698204040527 0.0 0.0 0.0 0.0  1  0  0  0  0  0  0  0  0  0  0  0  0  0 
6693 103.0 0.0 0.0 4321.025641025642 4077.9487179487187 4397.435897435898 4500.000000000001 4482.564102564103 4713.333333333334 4423.076923076924 4378.974358974359 4726.153846153847 4066.1538461538466 3940.5128205128212 4329.743589743591 4615.8974358974365 4400.000000000001 1613.0 1712.0 6.693 6.630698204040527 0.0 0.0 0.0 0.0  1  0  0  0  0  0  0  0  0  0  0  0  0  0 
6701 104.0 0.0 0.0 4313.333333333334 4074.8717948717954 4392.307692307693 4500.512820512821 4486.666666666667 4715.8974358974365 4417.435897435898 4381.538461538462 4728.205128205129 4066.666666666667 3942.564102564103 4326.153846153847 4611.282051282052 4397.435897435898 1614.0 1711.0 6.701 6.630698204040527 0.0 0.0 0.0 0.0  1  0  0  0  0  0  0  0  0  0  0  0  0  0 
6708 105.0 0.0 0.0 4323.076923076924 4077.435897435898 4396.410256410257 4502.051282051282 4481.538461538462 4710.769230769231 4413.846153846154 4382.051282051282 4728.717948717949 4068.717948717949 3942.0512820512827 4326.666666666667 4615.384615384616 4397.435897435898 1613.0 1712.0 6.708 6.630698204040527 0.0 0.0 0.0 0.0  1  0  0  0  0  0  0  0  0  0  0  0  0  0 
6716 106.0 0.0 0.0 4318.974358974359 4076.410256410257 4390.256410256411 4501.025641025642 4484.102564102564 4715.384615384616 4421.025641025642 4383.589743589744 4726.153846153847 4068.205128205129 3937.435897435898 4322.051282051282 4613.333333333334 4395.8974358974365 1614.0 1712.0 6.716 6.630698204040527 0.0 0.0 0.0 0.0  1  0  0  0  0  0  0  0  0  0  0  0  0  0 
6724 107.0 0.0 0.0 4324.615384615385 4078.461538461539 4394.871794871796 4500.000000000001 4486.666666666667 4714.358974358975 4424.102564102564 4381.025641025642 4725.128205128206 4069.7435897435903 3941.0256410256416 4329.2307692307695 4614.871794871796 4398.974358974359 1613.0 1712.0 6.724 6.630698204040527 0.0 0.0 0.0 0.0  1  0  0  0  0  0  0  0  0  0  0  0  0  0 
6732 108.0 0.0 0.0 4318.974358974359 4078.461538461539 4387.179487179487 4500.512820512821 4489.743589743591 4715.384615384616 4426.666666666667 4381.025641025642 4725.641025641026 4068.717948717949 3940.0000000000005 4324.102564102564 4613.333333333334 4395.384615384616 1614.0 1712.0 6.732 6.630698204040527 0.0 0.0 0.0 0.0  1  0  0  0  0  0  0  0  0  0  0  0  0  0 
6740 109.0 0.0 0.0 4328.205128205129 4080.0000000000005 4387.179487179487 4502.051282051282 4485.128205128206 4712.307692307693 4427.6923076923085 4381.025641025642 4727.179487179488 4065.6410256410263 3940.5128205128212 4324.615384615385 4614.358974358975 4395.384615384616 1613.0 1712.0 6.74 6.630698204040527 0.0 0.0 0.0 0.0  1  0  0  0  0  0  0  0  0  0  0  0  0  0 
6748 110.0 0.0 0.0 4325.641025641026 4078.9743589743593 4385.641025641026 4502.564102564103 4484.615384615385 4713.846153846154 4425.641025641026 4382.051282051282 4728.717948717949 4066.1538461538466 3938.461538461539 4324.102564102564 4610.256410256411 4395.384615384616 1613.0 1712.0 6.748 6.630698204040527 0.0 0.0 0.0 0.0  1  0  0  0  0  0  0  0  0  0  0  0  0  0 
6755 111.0 0.0 0.0 4322.564102564103 4078.9743589743593 4392.820512820514 4503.076923076924 4484.615384615385 4710.256410256411 4420.000000000001 4381.538461538462 4727.6923076923085 4067.692307692308 3939.48717948718 4325.641025641026 4613.333333333334 4397.948717948719 1613.0 1711.0 6.755 6.630698204040527 0.0 0.0 0.0 0.0  1  0  0  0  0  0  0  0  0  0  0  0  0  0 
6763 112.0 0.0 0.0 4315.384615384616 4075.8974358974365 4393.846153846154 4502.051282051282 4484.615384615385 4711.282051282052 4422.051282051282 4382.051282051282 4725.128205128206 4069.7435897435903 3942.0512820512827 4325.641025641026 4615.384615384616 4396.410256410257 1613.0 1711.0 6.763 6.630698204040527 0.0 0.0 0.0 0.0  1  0  0  0  0  0  0  0  0  0  0  0  0  0 
6771 113.0 0.0 0.0 4311.282051282052 4074.8717948717954 4393.846153846154 4499.48717948718 4484.102564102564 4713.846153846154 4427.179487179487 4382.564102564103 4725.128205128206 4072.307692307693 3941.538461538462 4326.666666666667 4612.820512820514 4393.333333333334 1613.0 1711.0 6.771 6.630698204040527 0.0 0.0 0.0 0.0  1  0  0  0  0  0  0  0  0  0  0  0  0  0 
6779 114.0 0.0 0.0 4312.820512820514 4077.435897435898 4397.435897435898 4501.025641025642 4484.102564102564 4712.307692307693 4424.615384615385 4381.538461538462 4726.153846153847 4069.23076923077 3939.48717948718 4325.641025641026 4613.333333333334 4394.871794871796 1613.0 1712.0 6.779 6.630698204040527 0.0 0.0 0.0 0.0  1  0  0  0  0  0  0  0  0  0  0  0  0  0 
6787 115.0 0.0 0.0 4312.307692307693 4078.461538461539 4392.307692307693 4504.615384615385 4486.153846153847 4713.333333333334 4423.589743589744 4384.615384615385 4727.179487179488 4066.1538461538466 3940.0000000000005 4321.025641025642 4612.820512820514 4396.410256410257 1614.0 1711.0 6.787 6.630698204040527 0.0 0.0 0.0 0.0  1  0  0  0  0  0  0  0  0  0  0  0  0  0 
6794 116.0 0.0 0.0 4317.948717948719 4080.0000000000005 4392.820512820514 4506.666666666667 4485.128205128206 4712.307692307693 4427.6923076923085 4383.589743589744 4727.6923076923085 4069.23076923077 3943.589743589744 4325.641025641026 4612.820512820514 4395.384615384616 1612.0 1712.0 6.794 6.630698204040527 0.0 0.0 0.0 0.0  1  0  0  0  0  0  0  0  0  0  0  0  0  0 
6802 117.0 0.0 0.0 4314.871794871796 4079.48717948718 4390.769230769231 4501.025641025642 4487.6923076923085 4711.794871794872 4431.794871794872 4380.512820512821 4727.179487179488 4070.7692307692314 3938.9743589743593 4323.076923076924 4611.282051282052 4391.794871794872 1614.0 1712.0 6.802 6.755805969238281 0.0 0.0 0.0 0.0  1  0  0  0  0  0  0  0  0  0  0  0  0  0 
6810 118.0 0.0 0.0 4323.589743589744 4077.435897435898 4395.8974358974365 4498.974358974359 4486.666666666667 4708.717948717949 4426.153846153847 4380.000000000001 4726.666666666667 4068.717948717949 3939.48717948718 4326.666666666667 4616.923076923077 4396.410256410257 1613.0 1711.0 6.81 6.755805969238281 0.0 0.0 0.0 0.0  1  0  0  0  0  0  0  0  0  0  0  0  0  0 
6818 119.0 0.0 0.0 4321.025641025642 4073.8461538461543 4388.205128205129 4502.051282051282 4486.666666666667 4713.846153846154 4424.102564102564 4382.051282051282 4727.6923076923085 4067.1794871794878 3940.0000000000005 4322.564102564103 4612.820512820514 4394.871794871796 1614.0 1712.0 6.818 6.755805969238281 0.0 0.0 0.0 0.0  1  0  0  0  0  0  0  0  0  0  0  0  0  0 
6826 120.0 0.0 0.0 4325.128205128206 4077.9487179487187 4396.410256410257 4501.538461538462 4485.128205128206 4710.256410256411 4420.512820512821 4377.435897435898 4726.666666666667 4067.1794871794878 3942.0512820512827 4328.717948717949 4616.410256410257 4400.000000000001 1613.0 1711.0 6.826 6.755805969238281 0.0 0.0 0.0 0.0  1  0  0  0  0  0  0  0  0  0  0  0  0  0 
6834 121.0 0.0 0.0 4312.307692307693 4076.410256410257 4391.794871794872 4496.410256410257 4489.2307692307695 4712.820512820514 4418.461538461539 4380.000000000001 4727.179487179488 4067.1794871794878 3938.461538461539 4322.564102564103 4613.846153846154 4398.974358974359 1614.0 1712.0 6.834 6.755805969238281 0.0 0.0 0.0 0.0  1  0  0  0  0  0  0  0  0  0  0  0  0  0 
6841 122.0 0.0 0.0 4319.48717948718 4075.8974358974365 4394.871794871796 4497.948717948719 4482.564102564103 4711.282051282052 4419.48717948718 4382.564102564103 4727.6923076923085 4068.205128205129 3940.0000000000005 4325.128205128206 4615.8974358974365 4398.974358974359 1613.0 1711.0 6.841 6.755805969238281 0.0 0.0 0.0 0.0  1  0  0  0  0  0  0  0  0  0  0  0  0  0 
6849 123.0 0.0 0.0 4317.948717948719 4075.3846153846157 4389.743589743591 4503.589743589744 4482.564102564103 4713.333333333334 4426.666666666667 4382.051282051282 4728.205128205129 4068.205128205129 3939.48717948718 4322.564102564103 4614.358974358975 4395.8974358974365 1614.0 1712.0 6.849 6.755805969238281 0.0 0.0 0.0 0.0  1  0  0  0  0  0  0  0  0  0  0  0  0  0 
6857 124.0 0.0 0.0 4320.512820512821 4080.0000000000005 4394.358974358975 4501.538461538462 4482.564102564103 4709.743589743591 4424.102564102564 4378.974358974359 4727.179487179488 4069.7435897435903 3940.0000000000005 4326.666666666667 4615.8974358974365 4398.974358974359 1614.0 1711.0 6.857 6.755805969238281 0.0 0.0 0.0 0.0  1  0  0  0  0  0  0  0  0  0  0  0  0  0 
6865 125.0 0.0 0.0 4313.333333333334 4080.5128205128212 4389.2307692307695 4498.461538461539 4485.128205128206 4711.794871794872 4418.461538461539 4382.564102564103 4726.666666666667 4068.717948717949 3937.9487179487182 4321.538461538462 4611.794871794872 4395.384615384616 1613.0 1712.0 6.865 6.755805969238281 0.0 0.0 0.0 0.0  1  0  0  0  0  0  0  0  0  0  0  0  0  0 
6873 126.0 0.0 0.0 4325.128205128206 4080.0000000000005 4394.358974358975 4502.564102564103 4483.589743589744 4710.769230769231 4418.461538461539 4383.076923076924 4727.179487179488 4067.692307692308 3940.0000000000005 4323.076923076924 4613.846153846154 4392.820512820514 1613.0 1711.0 6.873 6.755805969238281 0.0 0.0 0.0 0.0  1  0  0  0  0  0  0  0  0  0  0  0  0  0 
6880 127.0 0.0 0.0 4328.717948717949 4076.410256410257 4392.820512820514 4504.102564102564 4484.615384615385 4713.333333333334 4427.179487179487 4380.000000000001 4727.6923076923085 4069.23076923077 3941.0256410256416 4324.615384615385 4614.871794871796 4393.333333333334 1614.0 1712.0 6.88 6.755805969238281 0.0 0.0 0.0 0.0  1  0  0  0  0  0  0  0  0  0  0  0  0  0 
6888 128.0 0.0 0.0 4328.205128205129 4076.9230769230776 4390.769230769231 4498.974358974359 4485.128205128206 4712.307692307693 4426.153846153847 4380.512820512821 4727.179487179488 4070.2564102564106 3940.5128205128212 4322.564102564103 4612.820512820514 4395.8974358974365 1614.0 1712.0 6.888 6.755805969238281 0.0 0.0 0.0 0.0  1  0  0  0  0  0  0  0  0  0  0  0  0  0 
6896 0.0 0.0 0.0 4323.589743589744 4078.461538461539 4391.282051282052 4501.025641025642 4487.179487179488 4711.282051282052 4422.051282051282 4384.615384615385 4726.666666666667 4068.717948717949 3939.48717948718 4321.538461538462 4613.846153846154 4395.384615384616 1613.0 1712.0 6.896 6.755805969238281 0.0 0.0 0.0 0.0  1  0  0  0  0  0  0  0  0  0  0  0  0  0 
6904 1.0 0.0 0.0 4320.000000000001 4077.435897435898 4393.333333333334 4505.128205128206 4485.641025641026 4714.358974358975 4429.743589743591 4383.589743589744 4727.179487179488 4069.23076923077 3941.0256410256416 4322.051282051282 4616.923076923077 4394.871794871796 1614.0 1711.0 6.904 6.755805969238281 0.0 0.0 0.0 0.0  1  0  0  0  0  0  0  0  0  0  0  0  0  0 
6912 2.0 0.0 0.0 4321.538461538462 4077.9487179487187 4397.435897435898 4500.512820512821 4480.512820512821 4713.846153846154 4436.410256410257 4379.48717948718 4726.153846153847 4071.2820512820517 3941.538461538462 4326.666666666667 4617.435897435898 4400.512820512821 1613.0 1712.0 6.912 6.755805969238281 0.0 0.0 0.0 0.0  1  0  0  0  0  0  0  0  0  0  0  0  0  0 
6920 3.0 0.0 0.0 4315.8974358974365 4077.9487179487187 4393.333333333334 4497.948717948719 4484.615384615385 4714.358974358975 4431.282051282052 4382.051282051282 4725.128205128206 4070.2564102564106 3937.9487179487182 4326.153846153847 4610.769230769231 4397.948717948719 1613.0 1711.0 6.92 6.755805969238281 0.0 0.0 0.0 0.0  1  0  0  0  0  0  0  0  0  0  0  0  0  0 
6927 4.0 0.0 0.0 4317.435897435898 4079.48717948718 4394.871794871796 4502.051282051282 4485.128205128206 4712.307692307693 4423.076923076924 4381.538461538462 4726.666666666667 4069.7435897435903 3940.5128205128212 4328.717948717949 4613.333333333334 4394.358974358975 1612.0 1712.0 6.927 6.755805969238281 0.0 0.0 0.0 0.0  1  0  0  0  0  0  0  0  0  0  0  0  0  0 
6935 5.0 0.0 0.0 4314.871794871796 4077.9487179487187 4387.179487179487 4501.025641025642 4485.641025641026 4714.358974358975 4426.666666666667 4381.538461538462 4727.6923076923085 4069.7435897435903 3940.0000000000005 4322.051282051282 4614.358974358975 4391.282051282052 1614.0 1711.0 6.935 6.755805969238281 0.0 0.0 0.0 0.0  1  0  0  0  0  0  0  0  0  0  0  0  0  0 
6943 6.0 0.0 0.0 4324.102564102564 4078.9743589743593 4393.333333333334 4500.000000000001 4484.615384615385 4712.307692307693 4426.153846153847 4382.564102564103 4726.153846153847 4068.205128205129 3940.5128205128212 4326.666666666667 4616.923076923077 4394.871794871796 1612.0 1713.0 6.943 6.755805969238281 0.0 0.0 0.0 0.0  1  0  0  0  0  0  0  0  0  0  0  0  0  0 
6951 7.0 0.0 0.0 4317.948717948719 4077.435897435898 4388.717948717949 4501.538461538462 4487.179487179488 4715.8974358974365 4423.076923076924 4384.102564102564 4726.666666666667 4066.666666666667 3939.48717948718 4322.051282051282 4611.282051282052 4390.256410256411 1614.0 1712.0 6.951 6.755805969238281 0.0 0.0 0.0 0.0  1  0  0  0  0  0  0  0  0  0  0  0  0  0 
6959 8.0 0.0 0.0 4324.615384615385 4077.435897435898 4392.307692307693 4502.564102564103 4482.051282051282 4709.743589743591 4417.948717948719 4378.461538461539 4726.666666666667 4069.23076923077 3941.538461538462 4326.153846153847 4616.923076923077 4392.820512820514 1613.0 1711.0 6.959 6.755805969238281 0.0 0.0 0.0 0.0  1  0  0  0  0  0  0  0  0  0  0  0  0  0 
6966 9.0 0.0 0.0 4317.948717948719 4073.8461538461543 4386.666666666667 4502.564102564103 4484.102564102564 4710.256410256411 4418.974358974359 4380.512820512821 4725.128205128206 4068.205128205129 3937.9487179487182 4322.564102564103 4615.384615384616 4394.871794871796 1613.0 1713.0 6.966 6.755805969238281 0.0 0.0 0.0 0.0  1  0  0  0  0  0  0  0  0  0  0  0  0  0 
6974 10.0 0.0 0.0 4324.615384615385 4075.3846153846157 4396.410256410257 4504.615384615385 4483.076923076924 4709.743589743591 4416.410256410257 4383.076923076924 4724.615384615386 4067.1794871794878 3940.0000000000005 4329.2307692307695 4614.871794871796 4400.000000000001 1613.0 1711.0 6.974 6.755805969238281 0.0 0.0 0.0 0.0  1  0  0  0  0  0  0  0  0  0  0  0  0  0 
6982 11.0 0.0 0.0 4316.410256410257 4073.8461538461543 4393.846153846154 4502.564102564103 4484.102564102564 4713.846153846154 4416.410256410257 4383.076923076924 4726.153846153847 4069.23076923077 3940.0000000000005 4324.615384615385 4611.282051282052 4397.948717948719 1613.0 1712.0 6.982 6.755805969238281 0.0 0.0 0.0 0.0  1  0  0  0  0  0  0  0  0  0  0  0  0  0 
6990 12.0 0.0 0.0 4315.8974358974365 4074.358974358975 4397.435897435898 4500.000000000001 4482.564102564103 4711.794871794872 4418.461538461539 4380.000000000001 4727.6923076923085 4069.23076923077 3941.0256410256416 4326.666666666667 4614.871794871796 4400.000000000001 1613.0 1712.0 6.99 6.755805969238281 0.0 0.0 0.0 0.0  1  0  0  0  0  0  0  0  0  0  0  0  0  0 
6998 13.0 0.0 1.0 4313.846153846154 4074.8717948717954 4392.820512820514 4502.051282051282 4485.641025641026 4714.358974358975 4423.589743589744 4382.564102564103 4727.6923076923085 4067.692307692308 3940.5128205128212 4323.076923076924 4611.794871794872 4395.384615384616 1613.0 1712.0 6.998 6.755805969238281 0.0 0.0 0.0 0.0  1  0  0  0  0  0  0  0  0  0  0  0  0  0 
7006 14.0 0.0 0.0 4323.589743589744 4076.410256410257 4392.307692307693 4502.564102564103 4484.102564102564 4711.794871794872 4421.025641025642 4385.128205128206 4726.153846153847 4068.205128205129 3942.0512820512827 4322.051282051282 4614.358974358975 4393.846153846154 1614.0 1711.0 7.006 6.755805969238281 0.0 0.0 0.0 0.0  1  0  0  0  0  0  0  0  0  0  0  0  0  0 
7013 15.0 0.0 0.0 4322.564102564103 4076.9230769230776 4389.2307692307695 4501.538461538462 4481.538461538462 4712.820512820514 4414.358974358975 4383.076923076924 4727.179487179488 4068.717948717949 3941.538461538462 4318.974358974359 4617.435897435898 4396.410256410257 1613.0 1712.0 7.013 6.755805969238281 0.0 0.0 0.0 0.0  1  0  0  0  0  0  0  0  0  0  0  0  0  0 
7021 16.0 0.0 0.0 4324.102564102564 4079.48717948718 4390.769230769231 4500.512820512821 4480.512820512821 4713.333333333334 4410.256410256411 4379.48717948718 4727.179487179488 4069.23076923077 3938.9743589743593 4320.000000000001 4615.384615384616 4396.410256410257 1614.0 1712.0 7.021 6.755805969238281 0.0 0.0 0.0 0.0  1  0  0  0  0  0  0  0  0  0  0  0  0  0 
7029 17.0 0.0 0.0 4325.641025641026 4077.9487179487187 4393.846153846154 4501.025641025642 4483.076923076924 4712.307692307693 4417.435897435898 4380.512820512821 4726.666666666667 4068.717948717949 3936.9230769230776 4325.128205128206 4613.333333333334 4391.794871794872 1613.0 1712.0 7.029 6.755805969238281 0.0 0.0 0.0 0.0  1  0  0  0  0  0  0  0  0  0  0  0  0  0 
7037 18.0 0.0 0.0 4323.589743589744 4074.8717948717954 4394.871794871796 4500.512820512821 4485.128205128206 4712.307692307693 4427.6923076923085 4381.538461538462 4727.6923076923085 4066.666666666667 3937.435897435898 4324.615384615385 4615.384615384616 4391.282051282052 1615.0 1712.0 7.037 6.755805969238281 0.0 0.0 0.0 0.0  1  0  0  0  0  0  0  0  0  0  0  0  0  0 
7045 19.0 0.0 0.0 4324.615384615385 4076.410256410257 4400.000000000001 4501.538461538462 4481.538461538462 4711.794871794872 4427.6923076923085 4380.000000000001 4727.6923076923085 4068.205128205129 3938.9743589743593 4327.179487179487 4618.461538461539 4398.974358974359 1613.0 1712.0 7.045 6.755805969238281 0.0 0.0 0.0 0.0  1  0  0  0  0  0  0  0  0  0  0  0  0  0 
7052 20.0 0.0 0.0 4317.435897435898 4075.3846153846157 4392.820512820514 4501.025641025642 4483.076923076924 4713.846153846154 4424.615384615385 4382.051282051282 4727.6923076923085 4069.23076923077 3936.9230769230776 4320.512820512821 4612.307692307693 4400.000000000001 1614.0 1712.0 7.052 7.006021022796631 0.0 0.0 0.0 0.0  1  0  0  0  0  0  0  0  0  0  0  0  0  0 
7060 21.0 0.0 0.0 4322.564102564103 4073.333333333334 4395.384615384616 4499.48717948718 4482.051282051282 4709.2307692307695 4420.512820512821 4383.076923076924 4725.641025641026 4069.23076923077 3940.5128205128212 4322.051282051282 4614.358974358975 4400.000000000001 1614.0 1711.0 7.06 7.006021022796631 0.0 0.0 0.0 0.0  1  0  0  0  0  0  0  0  0  0  0  0  0  0 
7068 22.0 0.0 0.0 4316.410256410257 4073.333333333334 4391.794871794872 4499.48717948718 4486.153846153847 4712.820512820514 4418.461538461539 4383.076923076924 4724.615384615386 4070.7692307692314 3941.0256410256416 4321.538461538462 4611.794871794872 4395.384615384616 1613.0 1712.0 7.068 7.006021022796631 0.0 0.0 0.0 0.0  1  0  0  0  0  0  0  0  0  0  0  0  0  0 
7076 23.0 0.0 0.0 4321.025641025642 4080.0000000000005 4396.410256410257 4502.051282051282 4485.128205128206 4712.820512820514 4417.435897435898 4380.512820512821 4725.128205128206 4073.333333333334 3940.5128205128212 4328.205128205129 4614.358974358975 4397.948717948719 1613.0 1711.0 7.076 7.006021022796631 0.0 0.0 0.0 0.0  1  0  0  0  0  0  0  0  0  0  0  0  0  0 
7084 24.0 0.0 0.0 4316.410256410257 4079.48717948718 4388.205128205129 4501.025641025642 4487.179487179488 4715.8974358974365 4425.128205128206 4382.564102564103 4727.6923076923085 4071.7948717948725 3937.9487179487182 4321.025641025642 4611.794871794872 4394.871794871796 1614.0 1712.0 7.084 7.03729772567749 0.0 0.0 0.0 0.0  1  0  0  0  0  0  0  0  0  0  0  0  0  0 
7092 25.0 0.0 0.0 4328.717948717949 4077.435897435898 4394.358974358975 4500.512820512821 4485.641025641026 4710.769230769231 4425.641025641026 4381.025641025642 4727.179487179488 4070.2564102564106 3940.5128205128212 4324.102564102564 4615.8974358974365 4393.846153846154 1614.0 1711.0 7.092 7.03729772567749 0.0 0.0 0.0 0.0  1  0  0  0  0  0  0  0  0  0  0  0  0  0 
7099 26.0 0.0 0.0 4323.589743589744 4075.3846153846157 4390.769230769231 4500.512820512821 4487.6923076923085 4714.871794871796 4418.974358974359 4380.512820512821 4725.128205128206 4069.7435897435903 3938.461538461539 4322.051282051282 4610.769230769231 4392.307692307693 1613.0 1713.0 7.099 7.03729772567749 0.0 0.0 0.0 0.0  1  0  0  0  0  0  0  0  0  0  0  0  0  0 
7107 27.0 0.0 0.0 4327.6923076923085 4077.9487179487187 4394.358974358975 4501.538461538462 4482.564102564103 4713.333333333334 4410.256410256411 4380.512820512821 4725.128205128206 4068.717948717949 3940.0000000000005 4326.153846153847 4613.333333333334 4396.410256410257 1614.0 1711.0 7.107 7.03729772567749 0.0 0.0 0.0 0.0  1  0  0  0  0  0  0  0  0  0  0  0  0  0 
7115 28.0 0.0 0.0 4316.410256410257 4075.8974358974365 4386.153846153847 4500.512820512821 4483.589743589744 4715.384615384616 4412.820512820514 4381.538461538462 4727.179487179488 4066.1538461538466 3936.9230769230776 4320.512820512821 4612.820512820514 4393.846153846154 1613.0 1712.0 7.115 7.03729772567749 0.0 0.0 0.0 0.0  1  0  0  0  0  0  0  0  0  0  0  0  0  0 
7123 29.0 0.0 0.0 4314.871794871796 4075.8974358974365 4390.769230769231 4500.512820512821 4484.615384615385 4714.358974358975 4415.384615384616 4378.461538461539 4727.6923076923085 4067.692307692308 3936.410256410257 4324.615384615385 4613.333333333334 4396.410256410257 1613.0 1712.0 7.123 7.03729772567749 0.0 0.0 0.0 0.0  1  0  0  0  0  0  0  0  0  0  0  0  0  0 
7131 30.0 0.0 0.0 4311.282051282052 4076.410256410257 4392.307692307693 4502.051282051282 4485.128205128206 4715.8974358974365 4416.923076923077 4378.974358974359 4728.205128205129 4068.717948717949 3939.48717948718 4325.128205128206 4610.256410256411 4395.8974358974365 1613.0 1711.0 7.131 7.03729772567749 0.0 0.0 0.0 0.0  1  0  0  0  0  0  0  0  0  0  0  0  0  0 
7138 31.0 0.0 0.0 4314.358974358975 4077.9487179487187 4394.871794871796 4503.076923076924 4482.564102564103 4712.307692307693 4418.974358974359 4381.538461538462 4728.205128205129 4068.205128205129 3941.0256410256416 4326.153846153847 4613.846153846154 4395.8974358974365 1613.0 1712.0 7.138 7.03729772567749 0.0 0.0 0.0 0.0  1  0  0  0  0  0  0  0  0  0  0  0  0  0 
7146 32.0 0.0 0.0 4314.871794871796 4076.410256410257 4393.333333333334 4503.076923076924 4486.153846153847 4712.307692307693 4419.48717948718 4381.538461538462 4729.2307692307695 4067.692307692308 3938.461538461539 4326.153846153847 4615.384615384616 4394.358974358975 1613.0 1711.0 7.146 7.03729772567749 0.0 0.0 0.0 0.0  1  0  0  0  0  0  0  0  0  0  0  0  0  0 
7154 33.0 0.0 0.0 4317.948717948719 4078.461538461539 4392.820512820514 4502.051282051282 4487.179487179488 4713.846153846154 4418.974358974359 4379.48717948718 4727.6923076923085 4069.7435897435903 3940.5128205128212 4325.128205128206 4613.333333333334 4392.820512820514 1613.0 1712.0 7.154 7.03729772567749 0.0 0.0 0.0 0.0  1  0  0  0  0  0  0  0  0  0  0  0  0  0 
7162 34.0 0.0 0.0 4323.076923076924 4082.0512820512827 4391.282051282052 4503.589743589744 4483.589743589744 4712.307692307693 4423.076923076924 4378.974358974359 4725.128205128206 4069.23076923077 3944.1025641025644 4325.128205128206 4615.8974358974365 4394.871794871796 1614.0 1711.0 7.162 7.03729772567749 0.0 0.0 0.0 0.0  1  0  0  0  0  0  0  0  0  0  0  0  0  0 
7170 35.0 0.0 0.0 4325.128205128206 4077.9487179487187 4385.641025641026 4503.076923076924 4484.102564102564 4710.769230769231 4428.205128205129 4384.615384615385 4724.102564102564 4067.692307692308 3940.0000000000005 4324.615384615385 4615.384615384616 4394.871794871796 1613.0 1712.0 7.17 7.03729772567749 0.0 0.0 0.0 0.0  1  0  0  0  0  0  0  0  0  0  0  0  0  0 
7178 36.0 0.0 0.0 4329.743589743591 4074.8717948717954 4391.794871794872 4502.051282051282 4483.076923076924 4710.256410256411 4425.641025641026 4384.102564102564 4726.153846153847 4069.23076923077 3940.5128205128212 4329.743589743591 4614.871794871796 4395.8974358974365 1614.0 1712.0 7.178 7.131128311157227 0.0 0.0 0.0 0.0  1  0  0  0  0  0  0  0  0  0  0  0  0  0 
7185 37.0 0.0 0.0 4320.000000000001 4077.9487179487187 4388.717948717949 4500.000000000001 4483.589743589744 4714.871794871796 4424.615384615385 4383.589743589744 4728.205128205129 4068.205128205129 3940.5128205128212 4323.076923076924 4611.794871794872 4393.846153846154 1613.0 1712.0 7.185 7.131128311157227 0.0 0.0 0.0 0.0  1  0  0  0  0  0  0  0  0  0  0  0  0  0 
7193 38.0 0.0 0.0 4321.025641025642 4078.9743589743593 4393.846153846154 4500.512820512821 4480.512820512821 4711.794871794872 4418.974358974359 4381.538461538462 4726.153846153847 4067.1794871794878 3941.0256410256416 4326.153846153847 4616.923076923077 4398.461538461539 1614.0 1711.0 7.193 7.131128311157227 0.0 0.0 0.0 0.0  1  0  0  0  0  0  0  0  0  0  0  0  0  0 
7201 39.0 0.0 0.0 4313.846153846154 4071.7948717948725 4390.256410256411 4501.025641025642 4485.128205128206 4715.384615384616 4413.846153846154 4382.564102564103 4727.179487179488 4068.717948717949 3939.48717948718 4323.076923076924 4612.820512820514 4394.871794871796 1613.0 1712.0 7.201 7.131128311157227 0.0 0.0 0.0 0.0  1  0  0  0  0  0  0  0  0  0  0  0  0  0 
7209 40.0 0.0 0.0 4319.48717948718 4074.8717948717954 4397.948717948719 4501.025641025642 4484.102564102564 4713.846153846154 4410.769230769231 4382.051282051282 4728.205128205129 4069.7435897435903 3942.0512820512827 4327.179487179487 4614.871794871796 4395.384615384616 1614.0 1712.0 7.209 7.131128311157227 0.0 0.0 0.0 0.0  1  0  0  0  0  0  0  0  0  0  0  0  0  0 
7217 41.0 0.0 0.0 4312.307692307693 4076.9230769230776 4391.794871794872 4499.48717948718 4486.153846153847 4715.8974358974365 4415.8974358974365 4383.589743589744 4727.6923076923085 4067.1794871794878 3940.0000000000005 4321.025641025642 4611.282051282052 4393.333333333334 1614.0 1711.0 7.217 7.131128311157227 0.0 0.0 0.0 0.0  1  0  0  0  0  0  0  0  0  0  0  0  0  0 
7225 42.0 0.0 0.0 4319.48717948718 4074.8717948717954 4399.48717948718 4499.48717948718 4481.538461538462 4711.794871794872 4414.358974358975 4380.512820512821 4727.179487179488 4068.205128205129 3943.076923076924 4322.564102564103 4614.358974358975 4395.8974358974365 1613.0 1712.0 7.225 7.131128311157227 0.0 0.0 0.0 0.0  1  0  0  0  0  0  0  0  0  0  0  0  0  0 
7232 43.0 0.0 0.0 4314.358974358975 4072.307692307693 4392.820512820514 4498.974358974359 4482.564102564103 4713.846153846154 4414.358974358975 4381.538461538462 4728.205128205129 4070.2564102564106 3941.538461538462 4318.461538461539 4612.820512820514 4390.256410256411 1614.0 1711.0 7.232 7.131128311157227 0.0 0.0 0.0 0.0  1  0  0  0  0  0  0  0  0  0  0  0  0  0 
7240 44.0 0.0 0.0 4324.615384615385 4077.9487179487187 4392.820512820514 4500.512820512821 4483.076923076924 4710.256410256411 4418.974358974359 4382.564102564103 4727.179487179488 4068.205128205129 3942.0512820512827 4326.153846153847 4614.358974358975 4389.743589743591 1612.0 1712.0 7.24 7.131128311157227 0.0 0.0 0.0 0.0  1  0  0  0  0  0  0  0  0  0  0  0  0  0 
7248 45.0 0.0 0.0 4324.615384615385 4078.461538461539 4389.2307692307695 4500.512820512821 4486.153846153847 4712.307692307693 4421.538461538462 4382.051282051282 4727.179487179488 4066.1538461538466 3940.5128205128212 4324.102564102564 4611.794871794872 4393.333333333334 1614.0 1712.0 7.248 7.131128311157227 0.0 0.0 0.0 0.0  1  0  0  0  0  0  0  0  0  0  0  0  0  0 
7256 46.0 0.0 0.0 4328.205128205129 4078.461538461539 4393.333333333334 4501.025641025642 4483.076923076924 4710.769230769231 4412.820512820514 4380.000000000001 4726.666666666667 4071.2820512820517 3939.48717948718 4325.128205128206 4616.410256410257 4397.435897435898 1613.0 1712.0 7.256 7.131128311157227 0.0 0.0 0.0 0.0  1  0  0  0  0  0  0  0  0  0  0  0  0  0 
7264 47.0 0.0 0.0 4320.512820512821 4078.461538461539 4387.6923076923085 4501.538461538462 4481.538461538462 4713.333333333334 4405.641025641026 4380.512820512821 4726.153846153847 4072.307692307693 3937.9487179487182 4325.641025641026 4616.923076923077 4395.8974358974365 1613.0 1712.0 7.264 7.131128311157227 0.0 0.0 0.0 0.0  1  0  0  0  0  0  0  0  0  0  0  0  0  0 
7271 48.0 0.0 0.0 4317.435897435898 4078.9743589743593 4388.717948717949 4501.538461538462 4483.076923076924 4715.8974358974365 4405.641025641026 4381.538461538462 4726.153846153847 4067.692307692308 3939.48717948718 4326.666666666667 4612.307692307693 4398.461538461539 1613.0 1712.0 7.271 7.131128311157227 0.0 0.0 0.0 0.0  1  0  0  0  0  0  0  0  0  0  0  0  0  0 
7279 49.0 0.0 0.0 4315.384615384616 4077.435897435898 4391.794871794872 4501.538461538462 4483.076923076924 4714.871794871796 4407.6923076923085 4382.564102564103 4725.641025641026 4069.7435897435903 3941.538461538462 4326.666666666667 4612.307692307693 4401.538461538462 1613.0 1712.0 7.279 7.131128311157227 0.0 0.0 0.0 0.0  1  0  0  0  0  0  0  0  0  0  0  0  0  0 
7287 50.0 0.0 0.0 4310.256410256411 4076.410256410257 4388.717948717949 4502.564102564103 4483.076923076924 4712.820512820514 4410.256410256411 4382.051282051282 4727.179487179488 4074.358974358975 3940.5128205128212 4325.641025641026 4614.871794871796 4397.948717948719 1613.0 1711.0 7.287 7.131128311157227 0.0 0.0 0.0 0.0  1  0  0  0  0  0  0  0  0  0  0  0  0  0 
7295 51.0 0.0 0.0 4314.871794871796 4077.435897435898 4390.769230769231 4503.589743589744 4483.589743589744 4710.256410256411 4412.307692307693 4377.948717948719 4728.205128205129 4070.7692307692314 3942.0512820512827 4326.666666666667 4616.410256410257 4394.871794871796 1613.0 1712.0 7.295 7.131128311157227 0.0 0.0 0.0 0.0  1  0  0  0  0  0  0  0  0  0  0  0  0  0 
7303 52.0 0.0 0.0 4316.923076923077 4077.9487179487187 4390.769230769231 4501.025641025642 4485.641025641026 4711.282051282052 4410.769230769231 4378.974358974359 4726.666666666667 4066.666666666667 3941.538461538462 4322.564102564103 4612.307692307693 4390.769230769231 1613.0 1712.0 7.303 7.2562360763549805 0.0 0.0 0.0 0.0  1  0  0  0  0  0  0  0  0  0  0  0  0  0 
7311 53.0 0.0 0.0 4325.128205128206 4080.5128205128212 4396.410256410257 4501.538461538462 4483.076923076924 4709.743589743591 4411.794871794872 4381.538461538462 4725.128205128206 4069.23076923077 3942.564102564103 4327.179487179487 4614.871794871796 4393.333333333334 1614.0 1711.0 7.311 7.2562360763549805 0.0 0.0 0.0 0.0  1  0  0  0  0  0  0  0  0  0  0  0  0  0 
7318 54.0 0.0 0.0 4321.538461538462 4078.461538461539 4391.794871794872 4502.564102564103 4484.102564102564 4714.358974358975 4420.512820512821 4382.051282051282 4725.641025641026 4068.717948717949 3938.9743589743593 4321.025641025642 4612.307692307693 4392.820512820514 1613.0 1712.0 7.318 7.2562360763549805 0.0 0.0 0.0 0.0  1  0  0  0  0  0  0  0  0  0  0  0  0  0 
7326 55.0 0.0 0.0 4328.205128205129 4075.3846153846157 4398.974358974359 4501.538461538462 4481.025641025642 4712.307692307693 4421.025641025642 4378.974358974359 4726.153846153847 4067.692307692308 3940.0000000000005 4326.666666666667 4614.358974358975 4396.410256410257 1614.0 1712.0 7.326 7.2562360763549805 0.0 0.0 0.0 0.0  1  0  0  0  0  0  0  0  0  0  0  0  0  0 
7334 56.0 0.0 0.0 4316.923076923077 4071.2820512820517 4392.820512820514 4500.512820512821 4482.564102564103 4715.8974358974365 4423.589743589744 4381.025641025642 4726.666666666667 4069.23076923077 3940.0000000000005 4324.102564102564 4611.794871794872 4396.923076923077 1612.0 1712.0 7.334 7.2562360763549805 0.0 0.0 0.0 0.0  1  0  0  0  0  0  0  0  0  0  0  0  0  0 
7342 57.0 0.0 0.0 4318.461538461539 4076.410256410257 4395.384615384616 4503.589743589744 4480.512820512821 4711.282051282052 4430.769230769231 4381.538461538462 4725.641025641026 4069.7435897435903 3942.0512820512827 4326.666666666667 4615.8974358974365 4402.051282051282 1614.0 1711.0 7.342 7.2562360763549805 0.0 0.0 0.0 0.0  1  0  0  0  0  0  0  0  0  0  0  0  0  0 
7350 58.0 0.0 0.0 4309.743589743591 4078.9743589743593 4385.641025641026 4503.589743589744 4485.128205128206 4713.333333333334 4436.410256410257 4382.051282051282 4725.641025641026 4067.692307692308 3939.48717948718 4321.025641025642 4611.794871794872 4397.435897435898 1613.0 1712.0 7.35 7.2562360763549805 0.0 0.0 0.0 0.0  1  0  0  0  0  0  0  0  0  0  0  0  0  0 
7357 59.0 0.0 0.0 4316.410256410257 4080.0000000000005 4390.769230769231 4499.48717948718 4483.589743589744 4713.333333333334 4428.717948717949 4380.512820512821 4726.153846153847 4067.692307692308 3940.0000000000005 4327.179487179487 4615.384615384616 4398.461538461539 1614.0 1712.0 7.357 7.2562360763549805 0.0 0.0 0.0 0.0  1  0  0  0  0  0  0  0  0  0  0  0  0  0 
7365 60.0 0.0 0.0 4311.282051282052 4078.9743589743593 4389.743589743591 4499.48717948718 4485.128205128206 4716.923076923077 4418.974358974359 4384.102564102564 4726.666666666667 4068.205128205129 3938.9743589743593 4322.564102564103 4613.333333333334 4396.410256410257 1613.0 1711.0 7.365 7.2562360763549805 0.0 0.0 0.0 0.0  1  0  0  0  0  0  0  0  0  0  0  0  0  0 
7373 61.0 0.0 0.0 4323.589743589744 4080.5128205128212 4397.435897435898 4503.076923076924 4484.102564102564 4713.846153846154 4413.333333333334 4382.051282051282 4727.6923076923085 4068.205128205129 3940.0000000000005 4322.051282051282 4612.820512820514 4393.846153846154 1613.0 1712.0 7.373 7.2562360763549805 0.0 0.0 0.0 0.0  1  0  0  0  0  0  0  0  0  0  0  0  0  0 
7381 62.0 0.0 0.0 4329.743589743591 4076.9230769230776 4391.282051282052 4503.589743589744 4486.153846153847 4715.384615384616 4417.948717948719 4379.48717948718 4727.6923076923085 4069.23076923077 3936.9230769230776 4322.051282051282 4613.846153846154 4390.769230769231 1614.0 1711.0 7.381 7.2562360763549805 0.0 0.0 0.0 0.0  1  0  0  0  0  0  0  0  0  0  0  0  0  0 
7389 63.0 0.0 0.0 4333.846153846154 4077.9487179487187 4387.6923076923085 4502.051282051282 4483.589743589744 4712.307692307693 4422.564102564103 4382.564102564103 4726.153846153847 4071.2820512820517 3937.435897435898 4324.102564102564 4618.461538461539 4394.871794871796 1612.0 1712.0 7.389 7.2562360763549805 0.0 0.0 0.0 0.0  1  0  0  0  0  0  0  0  0  0  0  0  0  0 
7397 64.0 0.0 2.0 4326.666666666667 4080.0000000000005 4387.179487179487 4502.564102564103 4484.102564102564 4711.282051282052 4424.102564102564 4383.589743589744 4725.641025641026 4070.7692307692314 3941.0256410256416 4321.538461538462 4615.8974358974365 4395.8974358974365 1614.0 1711.0 7.397 7.2562360763549805 0.0 0.0 0.0 0.0  1  0  0  0  0  0  0  0  0  0  0  0  0  0 
7404 65.0 0.0 0.0 4324.615384615385 4078.461538461539 4392.307692307693 4503.589743589744 4484.102564102564 4711.794871794872 4427.179487179487 4381.025641025642 4725.128205128206 4071.2820512820517 3942.564102564103 4319.48717948718 4612.820512820514 4395.8974358974365 1613.0 1711.0 7.404 7.2562360763549805 0.0 0.0 0.0 0.0  1  0  0  0  0  0  0  0  0  0  0  0  0  0 
7412 66.0 0.0 0.0 4319.48717948718 4075.8974358974365 4396.410256410257 4502.051282051282 4480.512820512821 4712.820512820514 4434.358974358975 4382.051282051282 4724.615384615386 4072.307692307693 3941.0256410256416 4322.051282051282 4614.358974358975 4400.000000000001 1613.0 1712.0 7.412 7.2562360763549805 0.0 0.0 0.0 0.0  1  0  0  0  0  0  0  0  0  0  0  0  0  0 
7420 67.0 0.0 0.0 4308.205128205129 4075.8974358974365 4397.435897435898 4500.000000000001 4483.589743589744 4714.871794871796 4439.48717948718 4385.128205128206 4725.641025641026 4070.2564102564106 3940.5128205128212 4324.615384615385 4612.820512820514 4397.435897435898 1613.0 1712.0 7.42 7.2562360763549805 0.0 0.0 0.0 0.0  1  0  0  0  0  0  0  0  0  0  0  0  0  0 
7428 68.0 0.0 0.0 4313.846153846154 4076.410256410257 4401.538461538462 4500.512820512821 4486.666666666667 4714.871794871796 4440.512820512821 4381.025641025642 4726.666666666667 4070.2564102564106 3943.076923076924 4329.743589743591 4613.333333333334 4395.8974358974365 1614.0 1711.0 7.428 7.381343364715576 0.0 0.0 0.0 0.0  1  0  0  0  0  0  0  0  0  0  0  0  0  0 
7436 69.0 0.0 0.0 4313.846153846154 4073.8461538461543 4391.794871794872 4499.48717948718 4486.153846153847 4716.410256410257 4438.974358974359 4380.512820512821 4726.666666666667 4071.7948717948725 3938.9743589743593 4323.076923076924 4609.743589743591 4393.846153846154 1612.0 1712.0 7.436 7.381343364715576 0.0 0.0 0.0 0.0  1  0  0  0  0  0  0  0  0  0  0  0  0  0 
7443 70.0 0.0 0.0 4321.025641025642 4076.9230769230776 4393.333333333334 4500.512820512821 4481.025641025642 4711.794871794872 4434.358974358975 4380.512820512821 4727.6923076923085 4073.333333333334 3939.48717948718 4325.641025641026 4613.846153846154 4395.8974358974365 1613.0 1712.0 7.443 7.381343364715576 0.0 0.0 0.0 0.0  1  0  0  0  0  0  0  0  0  0  0  0  0  0 
7451 71.0 0.0 0.0 4321.025641025642 4077.435897435898 4387.6923076923085 4501.025641025642 4485.128205128206 4714.358974358975 4434.871794871796 4381.538461538462 4727.6923076923085 4068.717948717949 3941.0256410256416 4322.564102564103 4612.820512820514 4392.820512820514 1613.0 1711.0 7.451 7.381343364715576 0.0 0.0 0.0 0.0  1  0  0  0  0  0  0  0  0  0  0  0  0  0 
7459 72.0 0.0 0.0 4328.205128205129 4078.461538461539 4392.307692307693 4502.564102564103 4482.564102564103 4710.256410256411 4432.820512820514 4380.000000000001 4726.153846153847 4067.1794871794878 3942.0512820512827 4326.666666666667 4616.410256410257 4395.8974358974365 1613.0 1713.0 7.459 7.381343364715576 0.0 0.0 0.0 0.0  1  0  0  0  0  0  0  0  0  0  0  0  0  0 
7467 73.0 0.0 0.0 4318.461538461539 4077.9487179487187 4388.205128205129 4502.564102564103 4485.128205128206 4710.769230769231 4433.846153846154 4382.051282051282 4726.666666666667 4069.23076923077 3937.435897435898 4321.025641025642 4612.307692307693 4393.333333333334 1614.0 1711.0 7.467 7.381343364715576 0.0 0.0 0.0 0.0  1  0  0  0  0  0  0  0  0  0  0  0  0  0 
7475 74.0 0.0 0.0 4324.615384615385 4078.9743589743593 4396.410256410257 4502.564102564103 4484.615384615385 4708.205128205129 4431.794871794872 4380.512820512821 4726.666666666667 4070.2564102564106 3941.0256410256416 4326.153846153847 4614.871794871796 4396.923076923077 1613.0 1712.0 7.475 7.381343364715576 0.0 0.0 0.0 0.0  1  0  0  0  0  0  0  0  0  0  0  0  0  0 
7483 75.0 0.0 0.0 4315.8974358974365 4075.3846153846157 4389.743589743591 4501.538461538462 4484.615384615385 4714.358974358975 4424.615384615385 4380.512820512821 4727.179487179488 4067.692307692308 3940.5128205128212 4322.564102564103 4611.282051282052 4397.948717948719 1614.0 1712.0 7.483 7.381343364715576 0.0 0.0 0.0 0.0  1  0  0  0  0  0  0  0  0  0  0  0  0  0 
7490 76.0 0.0 0.0 4318.974358974359 4074.8717948717954 4393.846153846154 4502.564102564103 4481.538461538462 4713.846153846154 4415.8974358974365 4378.461538461539 4729.2307692307695 4067.692307692308 3941.538461538462 4326.666666666667 4614.871794871796 4400.000000000001 1613.0 1711.0 7.49 7.381343364715576 0.0 0.0 0.0 0.0  1  0  0  0  0  0  0  0  0  0  0  0  0  0 
7498 77.0 0.0 1.0 4311.794871794872 4074.358974358975 4389.743589743591 4503.076923076924 4487.179487179488 4714.871794871796 4417.948717948719 4383.076923076924 4728.717948717949 4070.2564102564106 3941.538461538462 4324.102564102564 4613.333333333334 4395.384615384616 1614.0 1712.0 7.498 7.381343364715576 0.0 0.0 0.0 0.0  1  0  0  0  0  0  0  0  0  0  0  0  0  0 
7506 78.0 0.0 0.0 4313.846153846154 4076.410256410257 4393.846153846154 4501.025641025642 4487.6923076923085 4711.282051282052 4416.923076923077 4386.153846153847 4725.128205128206 4069.7435897435903 3942.564102564103 4327.179487179487 4613.846153846154 4396.410256410257 1614.0 1711.0 7.506 7.381343364715576 0.0 0.0 0.0 0.0  1  0  0  0  0  0  0  0  0  0  0  0  0  0 
7514 79.0 0.0 0.0 4313.333333333334 4073.8461538461543 4396.923076923077 4498.461538461539 4485.641025641026 4715.8974358974365 4416.923076923077 4384.102564102564 4726.153846153847 4067.1794871794878 3940.5128205128212 4325.128205128206 4612.820512820514 4396.923076923077 1613.0 1712.0 7.514 7.381343364715576 0.0 0.0 0.0 0.0  1  0  0  0  0  0  0  0  0  0  0  0  0  0 
7522 80.0 0.0 0.0 4318.974358974359 4075.3846153846157 4398.974358974359 4496.923076923077 4483.589743589744 4716.923076923077 4425.128205128206 4380.000000000001 4727.179487179488 4069.7435897435903 3940.0000000000005 4325.128205128206 4612.820512820514 4395.384615384616 1613.0 1711.0 7.522 7.381343364715576 0.0 0.0 0.0 0.0  1  0  0  0  0  0  0  0  0  0  0  0  0  0 
7529 81.0 0.0 1.0 4318.974358974359 4078.9743589743593 4391.282051282052 4498.974358974359 4484.102564102564 4714.871794871796 4433.333333333334 4381.025641025642 4726.153846153847 4071.7948717948725 3940.0000000000005 4326.666666666667 4610.256410256411 4394.358974358975 1613.0 1712.0 7.529 7.381343364715576 0.0 0.0 0.0 0.0  1  0  0  0  0  0  0  0  0  0  0  0  0  0 
7537 82.0 0.0 0.0 4320.512820512821 4078.9743589743593 4386.153846153847 4501.538461538462 4484.615384615385 4712.820512820514 4433.333333333334 4383.589743589744 4725.641025641026 4069.7435897435903 3940.0000000000005 4324.102564102564 4611.794871794872 4394.358974358975 1613.0 1711.0 7.537 7.381343364715576 0.0 0.0 0.0 0.0  1  0  0  0  0  0  0  0  0  0  0  0  0  0 
7546 83.0 0.0 0.0 4324.615384615385 4075.3846153846157 4391.282051282052 4502.051282051282 4483.589743589744 4713.846153846154 4433.333333333334 4380.512820512821 4723.589743589744 4070.2564102564106 3940.5128205128212 4323.076923076924 4620.000000000001 4396.410256410257 1613.0 1712.0 7.546 7.381343364715576 0.0 0.0 0.0 0.0  1  0  0  0  0  0  0  0  0  0  0  0  0  0 
7553 84.0 0.0 0.0 4320.512820512821 4074.358974358975 4388.717948717949 4500.512820512821 4484.102564102564 4717.435897435898 4432.820512820514 4380.512820512821 4725.128205128206 4072.307692307693 3938.461538461539 4321.025641025642 4616.923076923077 4397.435897435898 1614.0 1711.0 7.553 7.50645112991333 0.0 0.0 0.0 0.0  1  0  0  0  0  0  0  0  0  0  0  0  0  0 
7561 85.0 0.0 1.0 4324.102564102564 4077.435897435898 4392.307692307693 4502.051282051282 4482.051282051282 4711.794871794872 4428.717948717949 4383.076923076924 4728.717948717949 4071.2820512820517 3940.5128205128212 4325.128205128206 4614.871794871796 4398.974358974359 1612.0 1712.0 7.561 7.50645112991333 0.0 0.0 0.0 0.0  1  0  0  0  0  0  0  0  0  0  0  0  0  0 
7569 86.0 0.0 0.0 4315.8974358974365 4076.9230769230776 4389.743589743591 4502.051282051282 4485.641025641026 4712.307692307693 4425.128205128206 4384.615384615385 4727.179487179488 4069.7435897435903 3938.9743589743593 4319.48717948718 4610.769230769231 4393.333333333334 1613.0 1712.0 7.569 7.50645112991333 0.0 0.0 0.0 0.0  1  0  0  0  0  0  0  0  0  0  0  0  0  0 
7576 87.0 0.0 0.0 4319.48717948718 4080.0000000000005 4393.333333333334 4501.025641025642 4484.615384615385 4713.333333333334 4415.384615384616 4381.538461538462 4723.076923076924 4070.7692307692314 3941.538461538462 4323.076923076924 4614.358974358975 4395.384615384616 1613.0 1711.0 7.576 7.50645112991333 0.0 0.0 0.0 0.0  1  0  0  0  0  0  0  0  0  0  0  0  0  0 
7584 88.0 0.0 0.0 