6899 111.0 0.0 0.0 4130.256410256411 4073.333333333334 4214.871794871796 4491.282051282052 4478.974358974359 4701.538461538462 4508.717948717949 4382.051282051282 4727.179487179488 4059.48717948718 3938.9743589743593 4286.666666666667 4607.6923076923085 4396.410256410257 1613.0 1713.0 6.899 6.755805969238281 0.0 0.0 0.0 0.0  1  0  0  0  0  0  0  0  0  0  0  0  0  0 
6907 112.0 0.0 0.0 4155.384615384616 4065.1282051282055 4220.512820512821 4483.076923076924 4474.871794871796 4694.871794871796 4495.8974358974365 4381.025641025642 4726.153846153847 4058.9743589743593 3942.564102564103 4305.641025641026 4609.743589743591 4403.589743589744 1613.0 1712.0 6.907 6.755805969238281 0.0 0.0 0.0 0.0  1  0  0  0  0  0  0  0  0  0  0  0  0  0 
6915 113.0 0.0 0.0 4139.48717948718 4068.717948717949 4225.641025641026 4488.205128205129 4474.358974358975 4696.923076923077 4488.205128205129 4381.538461538462 4726.666666666667 4058.461538461539 3945.1282051282055 4304.615384615385 4612.307692307693 4402.564102564103 1613.0 1713.0 6.915 6.755805969238281 0.0 0.0 0.0 0.0  1  0  0  0  0  0  0  0  0  0  0  0  0  0 
6923 114.0 0.0 0.0 4133.333333333334 4077.435897435898 4234.871794871796 4494.871794871796 4475.384615384616 4695.8974358974365 4487.6923076923085 4378.974358974359 4725.641025641026 4059.48717948718 3947.692307692308 4296.410256410257 4614.871794871796 4403.076923076924 1614.0 1712.0 6.923 6.755805969238281 0.0 0.0 0.0 0.0  1  0  0  0  0  0  0  0  0  0  0  0  0  0 
6931 115.0 0.0 0.0 4114.358974358975 4079.48717948718 4225.641025641026 4497.435897435898 4482.564102564103 4702.564102564103 4500.512820512821 4380.512820512821 4725.641025641026 4059.48717948718 3943.589743589744 4292.820512820514 4610.769230769231 4396.923076923077 1613.0 1711.0 6.931 6.880913257598877 0.0 0.0 0.0 0.0  1  0  0  0  0  0  0  0  0  0  0  0  0  0 
6938 116.0 0.0 0.0 4098.461538461539 4088.205128205129 4232.307692307693 4503.076923076924 4480.512820512821 4704.102564102564 4508.717948717949 4383.589743589744 4728.717948717949 4060.0000000000005 3942.0512820512827 4296.923076923077 4612.820512820514 4393.333333333334 1614.0 1711.0 6.938 6.880913257598877 0.0 0.0 0.0 0.0  1  0  0  0  0  0  0  0  0  0  0  0  0  0 
6946 117.0 0.0 0.0 4094.358974358975 4090.7692307692314 4244.102564102564 4508.205128205129 4477.948717948719 4703.589743589744 4504.102564102564 4384.615384615385 4729.2307692307695 4058.9743589743593 3942.564102564103 4283.589743589744 4612.820512820514 4395.384615384616 1614.0 1712.0 6.946 6.880913257598877 0.0 0.0 0.0 0.0  1  0  0  0  0  0  0  0  0  0  0  0  0  0 
6954 118.0 0.0 0.0 4110.769230769231 4078.461538461539 4247.179487179487 4506.153846153847 4476.410256410257 4701.538461538462 4496.923076923077 4379.48717948718 4726.153846153847 4059.48717948718 3943.076923076924 4270.769230769231 4608.717948717949 4398.461538461539 1613.0 1711.0 6.954 6.880913257598877 0.0 0.0 0.0 0.0  1  0  0  0  0  0  0  0  0  0  0  0  0  0 
6962 119.0 0.0 0.0 4126.666666666667 4066.666666666667 4240.000000000001 4501.025641025642 4472.820512820514 4698.461538461539 4491.794871794872 4375.384615384616 4723.589743589744 4059.48717948718 3944.615384615385 4278.461538461539 4607.6923076923085 4401.025641025642 1614.0 1712.0 6.962 6.880913257598877 0.0 0.0 0.0 0.0  1  0  0  0  0  0  0  0  0  0  0  0  0  0 
6970 120.0 0.0 0.0 4127.6923076923085 4067.692307692308 4235.8974358974365 4489.743589743591 4472.820512820514 4697.948717948719 4489.2307692307695 4378.974358974359 4725.128205128206 4057.9487179487182 3943.589743589744 4288.205128205129 4606.153846153847 4400.512820512821 1613.0 1712.0 6.97 6.880913257598877 0.0 0.0 0.0 0.0  1  0  0  0  0  0  0  0  0  0  0  0  0  0 
6977 121.0 0.0 0.0 4123.076923076924 4075.3846153846157 4234.871794871796 4485.128205128206 4475.384615384616 4701.025641025642 4492.307692307693 4380.512820512821 4729.2307692307695 4057.435897435898 3942.0512820512827 4294.358974358975 4608.205128205129 4394.358974358975 1613.0 1712.0 6.977 6.880913257598877 0.0 0.0 0.0 0.0  1  0  0  0  0  0  0  0  0  0  0  0  0  0 
6985 122.0 0.0 0.0 4110.769230769231 4073.333333333334 4212.307692307693 4500.512820512821 4479.48717948718 4705.128205128206 4493.333333333334 4383.589743589744 4732.307692307693 4057.435897435898 3940.5128205128212 4296.410256410257 4607.6923076923085 4386.153846153847 1613.0 1711.0 6.985 6.880913257598877 0.0 0.0 0.0 0.0  1  0  0  0  0  0  0  0  0  0  0  0  0  0 
6993 123.0 0.0 0.0 4120.512820512821 4078.9743589743593 4217.948717948719 4509.2307692307695 4475.8974358974365 4695.384615384616 4480.000000000001 4384.615384615385 4728.205128205129 4057.9487179487182 3944.615384615385 4307.179487179487 4613.846153846154 4395.8974358974365 1613.0 1713.0 6.993 6.880913257598877 0.0 0.0 0.0 0.0  1  0  0  0  0  0  0  0  0  0  0  0  0  0 
7001 124.0 0.0 0.0 4118.974358974359 4091.2820512820517 4218.974358974359 4491.282051282052 4478.974358974359 4698.974358974359 4476.923076923077 4382.564102564103 4724.102564102564 4056.410256410257 3940.0000000000005 4301.025641025642 4612.307692307693 4400.512820512821 1615.0 1711.0 7.001 6.880913257598877 0.0 0.0 0.0 0.0  1  0  0  0  0  0  0  0  0  0  0  0  0  0 
7009 125.0 0.0 0.0 4127.179487179487 4092.307692307693 4210.256410256411 4489.743589743591 4477.435897435898 4703.076923076924 4508.205128205129 4375.8974358974365 4725.641025641026 4057.9487179487182 3935.8974358974365 4301.538461538462 4612.307692307693 4400.512820512821 1613.0 1712.0 7.009 6.880913257598877 0.0 0.0 0.0 0.0  1  0  0  0  0  0  0  0  0  0  0  0  0  0 
7016 126.0 0.0 0.0 4127.6923076923085 4070.7692307692314 4200.512820512821 4506.153846153847 4478.974358974359 4701.025641025642 4537.948717948719 4382.051282051282 4728.717948717949 4060.0000000000005 3935.3846153846157 4294.871794871796 4608.205128205129 4396.923076923077 1614.0 1712.0 7.016 6.880913257598877 0.0 0.0 0.0 0.0  1  0  0  0  0  0  0  0  0  0  0  0  0  0 
7024 127.0 0.0 0.0 4137.435897435898 4068.205128205129 4222.051282051282 4501.025641025642 4477.435897435898 4691.282051282052 4528.205128205129 4385.128205128206 4724.615384615386 4060.5128205128212 3943.076923076924 4294.871794871796 4612.307692307693 4403.589743589744 1614.0 1712.0 7.024 6.880913257598877 0.0 0.0 0.0 0.0  1  0  0  0  0  0  0  0  0  0  0  0  0  0 
7032 128.0 0.0 0.0 4122.564102564103 4076.9230769230776 4222.564102564103 4483.076923076924 4482.564102564103 4701.025641025642 4516.410256410257 4381.538461538462 4722.564102564103 4056.410256410257 3940.5128205128212 4280.000000000001 4608.205128205129 4398.461538461539 1613.0 1712.0 7.032 6.880913257598877 0.0 0.0 0.0 0.0  1  0  0  0  0  0  0  0  0  0  0  0  0  0 
7040 0.0 0.0 0.0 4116.923076923077 4080.5128205128212 4228.717948717949 4491.794871794872 4479.48717948718 4703.076923076924 4525.128205128206 4376.410256410257 4726.153846153847 4055.8974358974365 3941.538461538462 4285.128205128206 4610.256410256411 4395.8974358974365 1613.0 1711.0 7.04 6.880913257598877 0.0 0.0 0.0 0.0  1  0  0  0  0  0  0  0  0  0  0  0  0  0 
7048 1.0 0.0 0.0 4100.512820512821 4078.9743589743593 4227.6923076923085 4502.564102564103 4478.461538461539 4704.102564102564 4521.538461538462 4382.564102564103 4729.743589743591 4057.9487179487182 3944.615384615385 4291.794871794872 4609.743589743591 4393.333333333334 1614.0 1712.0 7.048 6.880913257598877 0.0 0.0 0.0 0.0  1  0  0  0  0  0  0  0  0  0  0  0  0  0 
7056 2.0 0.0 0.0 4100.000000000001 4086.1538461538466 4230.769230769231 4493.333333333334 4477.948717948719 4703.589743589744 4497.948717948719 4383.076923076924 4725.641025641026 4058.461538461539 3948.205128205129 4295.384615384616 4611.794871794872 4395.384615384616 1613.0 1711.0 7.056 7.006021022796631 0.0 0.0 0.0 0.0  1  0  0  0  0  0  0  0  0  0  0  0  0  0 
7063 3.0 0.0 0.0 4098.461538461539 4079.48717948718 4226.666666666667 4486.153846153847 4480.000000000001 4707.6923076923085 4488.717948717949 4378.461538461539 4723.589743589744 4058.461538461539 3948.205128205129 4292.307692307693 4607.179487179488 4392.820512820514 1613.0 1711.0 7.063 7.006021022796631 0.0 0.0 0.0 0.0  1  0  0  0  0  0  0  0  0  0  0  0  0  0 
7071 4.0 0.0 0.0 4113.333333333334 4070.7692307692314 4231.282051282052 4492.307692307693 4475.8974358974365 4703.076923076924 4484.615384615385 4376.923076923077 4726.153846153847 4058.9743589743593 3949.7435897435903 4296.410256410257 4609.2307692307695 4395.384615384616 1613.0 1710.0 7.071 7.006021022796631 0.0 0.0 0.0 0.0  1  0  0  0  0  0  0  0  0  0  0  0  0  0 
7079 5.0 0.0 0.0 4127.6923076923085 4069.7435897435903 4229.2307692307695 4491.794871794872 4474.871794871796 4698.974358974359 4473.333333333334 4379.48717948718 4725.641025641026 4058.461538461539 3948.717948717949 4297.435897435898 4611.282051282052 4403.589743589744 1613.0 1712.0 7.079 7.006021022796631 0.0 0.0 0.0 0.0  1  0  0  0  0  0  0  0  0  0  0  0  0  0 
7087 6.0 0.0 0.0 4135.8974358974365 4069.7435897435903 4230.769230769231 4486.666666666667 4480.000000000001 4698.974358974359 4468.205128205129 4381.538461538462 4722.051282051282 4058.461538461539 3942.564102564103 4296.410256410257 4609.2307692307695 4406.666666666667 1614.0 1710.0 7.087 7.03729772567749 0.0 0.0 0.0 0.0  1  0  0  0  0  0  0  0  0  0  0  0  0  0 
7095 7.0 0.0 0.0 4131.282051282052 4072.820512820513 4224.615384615385 4498.461538461539 4482.051282051282 4698.974358974359 4468.717948717949 4380.512820512821 4724.102564102564 4059.48717948718 3941.538461538462 4303.076923076924 4610.256410256411 4401.538461538462 1612.0 1712.0 7.095 7.03729772567749 0.0 0.0 0.0 0.0  1  0  0  0  0  0  0  0  0  0  0  0  0  0 
7102 8.0 0.0 0.0 4118.974358974359 4081.538461538462 4209.74358974359 4505.641025641026 4476.923076923077 4698.974358974359 4469.2307692307695 4382.051282051282 4727.179487179488 4058.9743589743593 3939.48717948718 4305.128205128206 4611.794871794872 4395.384615384616 1614.0 1712.0 7.102 7.03729772567749 0.0 0.0 0.0 0.0  1  0  0  0  0  0  0  0  0  0  0  0  0  0 
7110 9.0 0.0 0.0 4124.615384615385 4088.717948717949 4218.461538461539 4494.358974358975 4473.333333333334 4697.435897435898 4474.871794871796 4383.076923076924 4725.128205128206 4059.48717948718 3939.48717948718 4309.2307692307695 4614.358974358975 4398.461538461539 1613.0 1711.0 7.11 7.03729772567749 0.0 0.0 0.0 0.0  1  0  0  0  0  0  0  0  0  0  0  0  0  0 
7118 10.0 0.0 0.0 4120.000000000001 4083.076923076924 4219.48717948718 4488.205128205129 4480.512820512821 4702.564102564103 4492.820512820514 4386.153846153847 4723.076923076924 4060.5128205128212 3936.410256410257 4304.102564102564 4604.615384615385 4392.307692307693 1613.0 1713.0 7.118 7.03729772567749 0.0 0.0 0.0 0.0  1  0  0  0  0  0  0  0  0  0  0  0  0  0 
7126 11.0 0.0 0.0 4122.051282051282 4078.461538461539 4219.48717948718 4497.435897435898 4479.48717948718 4698.461538461539 4506.153846153847 4385.128205128206 4726.153846153847 4060.0000000000005 3940.0000000000005 4306.153846153847 4606.153846153847 4389.2307692307695 1613.0 1711.0 7.126 7.03729772567749 0.0 0.0 0.0 0.0  1  0  0  0  0  0  0  0  0  0  0  0  0  0 
7134 12.0 0.0 0.0 4114.358974358975 4075.8974358974365 4212.820512820514 4492.307692307693 4481.025641025642 4699.48717948718 4503.076923076924 4384.615384615385 4729.2307692307695 4061.0256410256416 3940.5128205128212 4292.820512820514 4609.743589743591 4387.6923076923085 1613.0 1712.0 7.134 7.03729772567749 0.0 0.0 0.0 0.0  1  0  0  0  0  0  0  0  0  0  0  0  0  0 
7142 13.0 0.0 0.0 4127.179487179487 4075.3846153846157 4233.333333333334 4484.102564102564 4477.948717948719 4697.435897435898 4487.179487179488 4379.48717948718 4725.128205128206 4061.0256410256416 3941.538461538462 4290.256410256411 4612.820512820514 4396.410256410257 1614.0 1711.0 7.142 7.03729772567749 0.0 0.0 0.0 0.0  1  0  0  0  0  0  0  0  0  0  0  0  0  0 
7149 14.0 0.0 0.0 4121.538461538462 4067.1794871794878 4235.384615384616 4483.076923076924 4480.512820512821 4702.564102564103 4471.794871794872 4376.410256410257 4723.076923076924 4056.410256410257 3939.48717948718 4286.666666666667 4603.076923076924 4397.435897435898 1614.0 1712.0 7.149 7.03729772567749 0.0 0.0 0.0 0.0  1  0  0  0  0  0  0  0  0  0  0  0  0  0 
7157 15.0 0.0 0.0 4123.076923076924 4074.8717948717954 4236.923076923077 4484.615384615385 4479.48717948718 4698.974358974359 4459.48717948718 4373.846153846154 4724.615384615386 4053.8461538461543 3941.538461538462 4292.820512820514 4607.6923076923085 4401.538461538462 1614.0 1711.0 7.157 7.03729772567749 0.0 0.0 0.0 0.0  1  0  0  0  0  0  0  0  0  0  0  0  0  0 
7165 16.0 0.0 0.0 4104.615384615385 4076.9230769230776 4219.48717948718 4488.205128205129 4483.076923076924 4704.102564102564 4452.307692307693 4377.948717948719 4724.102564102564 4054.8717948717954 3940.0000000000005 4290.256410256411 4608.717948717949 4401.025641025642 1613.0 1712.0 7.165 7.03729772567749 0.0 0.0 0.0 0.0  1  0  0  0  0  0  0  0  0  0  0  0  0  0 
7173 17.0 0.0 0.0 4103.076923076924 4068.205128205129 4217.948717948719 4497.435897435898 4477.948717948719 4704.102564102564 4445.641025641026 4381.025641025642 4723.589743589744 4057.435897435898 3943.589743589744 4303.076923076924 4608.205128205129 4402.564102564103 1614.0 1711.0 7.173 7.03729772567749 0.0 0.0 0.0 0.0  1  0  0  0  0  0  0  0  0  0  0  0  0  0 
7181 18.0 0.0 0.0 4097.435897435898 4068.717948717949 4220.000000000001 4495.384615384616 4480.512820512821 4706.666666666667 4445.641025641026 4381.025641025642 4727.6923076923085 4056.9230769230776 3946.1538461538466 4308.205128205129 4605.641025641026 4399.48717948718 1613.0 1712.0 7.181 7.131128311157227 0.0 0.0 0.0 0.0  1  0  0  0  0  0  0  0  0  0  0  0  0  0 
7188 19.0 0.0 0.0 4096.923076923077 4087.1794871794878 4232.307692307693 4486.666666666667 4483.076923076924 4705.641025641026 4450.769230769231 4376.923076923077 4727.179487179488 4056.9230769230776 3946.666666666667 4307.6923076923085 4610.256410256411 4395.8974358974365 1614.0 1712.0 7.188 7.131128311157227 0.0 0.0 0.0 0.0  1  0  0  0  0  0  0  0  0  0  0  0  0  0 
7196 20.0 0.0 0.0 4101.538461538462 4081.538461538462 4224.615384615385 4492.307692307693 4480.512820512821 4706.153846153847 4452.307692307693 4381.025641025642 4725.641025641026 4058.9743589743593 3945.1282051282055 4301.538461538462 4610.256410256411 4384.615384615385 1613.0 1712.0 7.196 7.131128311157227 0.0 0.0 0.0 0.0  1  0  0  0  0  0  0  0  0  0  0  0  0  0 
7204 21.0 0.0 0.0 4124.102564102564 4069.7435897435903 4212.820512820514 4504.102564102564 4474.358974358975 4699.48717948718 4446.153846153847 4386.666666666667 4730.769230769231 4060.5128205128212 3947.1794871794878 4300.512820512821 4611.794871794872 4379.48717948718 1613.0 1713.0 7.204 7.131128311157227 0.0 0.0 0.0 0.0  1  0  0  0  0  0  0  0  0  0  0  0  0  0 
7212 22.0 0.0 0.0 4137.435897435898 4083.589743589744 4208.205128205129 4502.051282051282 4473.333333333334 4690.769230769231 4445.641025641026 4384.615384615385 4730.256410256411 4060.0000000000005 3946.666666666667 4295.384615384616 4615.8974358974365 4391.282051282052 1614.0 1712.0 7.212 7.131128311157227 0.0 0.0 0.0 0.0  1  0  0  0  0  0  0  0  0  0  0  0  0  0 
7220 23.0 0.0 0.0 4142.051282051282 4094.358974358975 4211.794871794872 4491.794871794872 4478.461538461539 4690.256410256411 4451.794871794872 4381.538461538462 4725.128205128206 4056.9230769230776 3942.564102564103 4282.564102564103 4618.974358974359 4400.000000000001 1613.0 1712.0 7.22 7.131128311157227 0.0 0.0 0.0 0.0  1  0  0  0  0  0  0  0  0  0  0  0  0  0 
7228 24.0 0.0 0.0 4143.589743589744 4078.9743589743593 4220.512820512821 4495.384615384616 4478.461538461539 4691.794871794872 4450.769230769231 4381.025641025642 4726.153846153847 4058.9743589743593 3942.0512820512827 4286.666666666667 4618.461538461539 4401.538461538462 1614.0 1711.0 7.228 7.131128311157227 0.0 0.0 0.0 0.0  1  0  0  0  0  0  0  0  0  0  0  0  0  0 
7235 25.0 0.0 0.0 4124.615384615385 4062.0512820512827 4225.128205128206 4501.538461538462 4477.435897435898 4693.333333333334 4450.256410256411 4384.615384615385 4728.205128205129 4059.48717948718 3941.538461538462 4295.384615384616 4608.205128205129 4404.615384615385 1613.0 1712.0 7.235 7.131128311157227 0.0 0.0 0.0 0.0  1  0  0  0  0  0  0  0  0  0  0  0  0  0 
7243 26.0 0.0 0.0 4112.307692307693 4069.23076923077 4239.48717948718 4494.358974358975 4475.384615384616 4692.820512820514 4451.282051282052 4383.076923076924 4724.615384615386 4058.461538461539 3944.615384615385 4298.974358974359 4608.717948717949 4416.410256410257 1613.0 1711.0 7.243 7.131128311157227 0.0 0.0 0.0 0.0  1  0  0  0  0  0  0  0  0  0  0  0  0  0 
7251 27.0 0.0 0.0 4096.923076923077 4078.461538461539 4235.8974358974365 4483.589743589744 4482.564102564103 4703.589743589744 4451.282051282052 4378.461538461539 4723.076923076924 4058.461538461539 3943.076923076924 4285.641025641026 4607.179487179488 4410.769230769231 1613.0 1711.0 7.251 7.131128311157227 0.0 0.0 0.0 0.0  1  0  0  0  0  0  0  0  0  0  0  0  0  0 
7259 28.0 0.0 0.0 4101.025641025642 4082.0512820512827 4233.846153846154 4491.282051282052 4482.051282051282 4707.179487179488 4451.794871794872 4372.820512820514 4724.615384615386 4060.5128205128212 3943.076923076924 4291.282051282052 4607.179487179488 4400.000000000001 1614.0 1710.0 7.259 7.131128311157227 0.0 0.0 0.0 0.0  1  0  0  0  0  0  0  0  0  0  0  0  0  0 
7267 29.0 0.0 0.0 4108.717948717949 4081.538461538462 4224.102564102564 4504.102564102564 4482.051282051282 4708.205128205129 4461.025641025642 4375.384615384616 4725.128205128206 4059.48717948718 3939.48717948718 4278.974358974359 4602.564102564103 4389.2307692307695 1612.0 1711.0 7.267 7.131128311157227 0.0 0.0 0.0 0.0  1  0  0  0  0  0  0  0  0  0  0  0  0  0 
7275 30.0 0.0 0.0 4141.025641025642 4086.1538461538466 4238.974358974359 4509.743589743591 4477.948717948719 4699.48717948718 4470.256410256411 4375.384615384616 4724.102564102564 4057.435897435898 3935.8974358974365 4259.48717948718 4610.769230769231 4389.2307692307695 1614.0 1712.0 7.275 7.131128311157227 0.0 0.0 0.0 0.0  1  0  0  0  0  0  0  0  0  0  0  0  0  0 
7282 31.0 0.0 0.0 4143.589743589744 4082.564102564103 4226.666666666667 4504.102564102564 4482.051282051282 4703.589743589744 4473.333333333334 4379.48717948718 4725.128205128206 4058.9743589743593 3929.2307692307695 4247.179487179487 4610.769230769231 4384.102564102564 1614.0 1711.0 7.282 7.131128311157227 0.0 0.0 0.0 0.0  1  0  0  0  0  0  0  0  0  0  0  0  0  0 
7290 32.0 0.0 0.0 4146.153846153847 4080.5128205128212 4210.769230769231 4500.512820512821 4480.000000000001 4703.076923076924 4469.743589743591 4382.051282051282 4727.6923076923085 4060.0000000000005 3933.8461538461543 4277.948717948719 4612.820512820514 4383.589743589744 1613.0 1713.0 7.29 7.131128311157227 0.0 0.0 0.0 0.0  1  0  0  0  0  0  0  0  0  0  0  0  0  0 
7298 33.0 0.0 0.0 4133.333333333334 4074.358974358975 4195.384615384616 4500.512820512821 4478.974358974359 4700.512820512821 4465.641025641026 4386.153846153847 4728.717948717949 4057.435897435898 3937.9487179487182 4301.538461538462 4608.717948717949 4385.641025641026 1614.0 1711.0 7.298 7.131128311157227 0.0 0.0 0.0 0.0  1  0  0  0  0  0  0  0  0  0  0  0  0  0 
7306 34.0 0.0 0.0 4138.974358974359 4075.8974358974365 4209.2307692307695 4500.000000000001 4476.410256410257 4690.769230769231 4459.48717948718 4386.666666666667 4728.205128205129 4058.9743589743593 3940.0000000000005 4305.641025641026 4609.743589743591 4397.948717948719 1613.0 1712.0 7.306 7.2562360763549805 0.0 0.0 0.0 0.0  1  0  0  0  0  0  0  0  0  0  0  0  0  0 
7314 35.0 0.0 0.0 4130.256410256411 4083.589743589744 4212.307692307693 4494.358974358975 4480.000000000001 4693.846153846154 4453.846153846154 4386.666666666667 4729.743589743591 4061.0256410256416 3935.3846153846157 4300.512820512821 4611.282051282052 4400.512820512821 1614.0 1712.0 7.314 7.2562360763549805 0.0 0.0 0.0 0.0  1  0  0  0  0  0  0  0  0  0  0  0  0  0 
7321 36.0 0.0 0.0 4113.846153846154 4090.7692307692314 4218.461538461539 4491.282051282052 4480.512820512821 4695.8974358974365 4460.000000000001 4383.076923076924 4729.743589743591 4058.9743589743593 3934.8717948717954 4309.743589743591 4612.820512820514 4396.923076923077 1613.0 1713.0 7.321 7.2562360763549805 0.0 0.0 0.0 0.0  1  0  0  0  0  0  0  0  0  0  0  0  0  0 
7329 37.0 0.0 0.0 4102.564102564103 4082.0512820512827 4228.717948717949 4492.307692307693 4478.974358974359 4696.923076923077 4472.820512820514 4380.512820512821 4725.641025641026 4056.410256410257 3940.5128205128212 4312.820512820514 4609.2307692307695 4394.871794871796 1614.0 1712.0 7.329 7.2562360763549805 0.0 0.0 0.0 0.0  1  0  0  0  0  0  0  0  0  0  0  0  0  0 
7337 38.0 0.0 0.0 4110.256410256411 4073.8461538461543 4233.846153846154 4488.205128205129 4478.461538461539 4697.948717948719 4467.179487179487 4380.000000000001 4724.615384615386 4058.9743589743593 3943.076923076924 4303.589743589744 4606.153846153847 4396.923076923077 1614.0 1712.0 7.337 7.2562360763549805 0.0 0.0 0.0 0.0  1  0  0  0  0  0  0  0  0  0  0  0  0  0 
7345 39.0 0.0 0.0 4109.74358974359 4075.3846153846157 4233.333333333334 4484.615384615385 4479.48717948718 4700.000000000001 4455.384615384616 4377.435897435898 4726.666666666667 4058.9743589743593 3942.564102564103 4295.384615384616 4608.205128205129 4398.974358974359 1614.0 1712.0 7.345 7.2562360763549805 0.0 0.0 0.0 0.0  1  0  0  0  0  0  0  0  0  0  0  0  0  0 
7353 40.0 0.0 0.0 4103.589743589744 4076.9230769230776 4227.179487179487 4487.6923076923085 4480.512820512821 4702.051282051282 4463.076923076924 4376.410256410257 4725.641025641026 4057.435897435898 3945.6410256410263 4287.6923076923085 4608.717948717949 4400.000000000001 1613.0 1710.0 7.353 7.2562360763549805 0.0 0.0 0.0 0.0  1  0  0  0  0  0  0  0  0  0  0  0  0  0 
7361 41.0 0.0 0.0 4116.410256410257 4074.358974358975 4230.256410256411 4494.871794871796 4478.461538461539 4698.461538461539 4477.948717948719 4374.358974358975 4724.102564102564 4059.48717948718 3953.333333333334 4283.076923076924 4611.794871794872 4403.076923076924 1614.0 1711.0 7.361 7.2562360763549805 0.0 0.0 0.0 0.0  1  0  0  0  0  0  0  0  0  0  0  0  0  0 
7368 42.0 0.0 0.0 4110.769230769231 4067.692307692308 4225.128205128206 4493.333333333334 4481.025641025642 4704.102564102564 4482.051282051282 4377.435897435898 4725.128205128206 4058.9743589743593 3951.7948717948725 4274.358974358975 4606.153846153847 4400.512820512821 1613.0 1711.0 7.368 7.2562360763549805 0.0 0.0 0.0 0.0  1  0  0  0  0  0  0  0  0  0  0  0  0  0 
7376 43.0 0.0 0.0 4105.128205128206 4071.2820512820517 4225.128205128206 4495.8974358974365 4476.923076923077 4703.076923076924 4478.461538461539 4381.025641025642 4726.153846153847 4059.48717948718 3951.7948717948725 4285.641025641026 4604.102564102564 4399.48717948718 1613.0 1711.0 7.376 7.2562360763549805 0.0 0.0 0.0 0.0  1  0  0  0  0  0  0  0  0  0  0  0  0  0 
7384 44.0 0.0 0.0 4097.948717948719 4075.3846153846157 4214.871794871796 4502.564102564103 4476.923076923077 4703.589743589744 4470.769230769231 4386.666666666667 4727.179487179488 4061.0256410256416 3951.2820512820517 4294.358974358975 4601.025641025642 4390.769230769231 1613.0 1712.0 7.384 7.2562360763549805 0.0 0.0 0.0 0.0  1  0  0  0  0  0  0  0  0  0  0  0  0  0 
7392 45.0 0.0 0.0 4114.358974358975 4078.461538461539 4220.512820512821 4503.076923076924 4473.333333333334 4696.923076923077 4455.384615384616 4388.205128205129 4727.6923076923085 4061.538461538462 3952.307692307693 4306.153846153847 4608.717948717949 4389.743589743591 1613.0 1711.0 7.392 7.2562360763549805 0.0 0.0 0.0 0.0  1  0  0  0  0  0  0  0  0  0  0  0  0  0 
7400 46.0 0.0 0.0 4117.435897435898 4080.0000000000005 4212.307692307693 4492.820512820514 4475.8974358974365 4699.48717948718 4444.102564102564 4388.717948717949 4726.666666666667 4058.461538461539 3944.1025641025644 4302.564102564103 4608.205128205129 4388.717948717949 1613.0 1712.0 7.4 7.2562360763549805 0.0 0.0 0.0 0.0  1  0  0  0  0  0  0  0  0  0  0  0  0  0 
7407 47.0 0.0 0.0 4134.871794871796 4090.2564102564106 4214.358974358975 4493.333333333334 4473.846153846154 4694.358974358975 4445.128205128206 4382.564102564103 4724.615384615386 4058.9743589743593 3941.0256410256416 4311.282051282052 4612.820512820514 4391.794871794872 1613.0 1712.0 7.407 7.2562360763549805 0.0 0.0 0.0 0.0  1  0  0  0  0  0  0  0  0  0  0  0  0  0 
7415 48.0 0.0 0.0 4139.48717948718 4085.6410256410263 4207.6923076923085 4496.410256410257 4476.410256410257 4694.871794871796 4453.333333333334 4381.025641025642 4727.6923076923085 4060.5128205128212 3939.48717948718 4310.769230769231 4609.2307692307695 4391.794871794872 1612.0 1712.0 7.415 7.2562360763549805 0.0 0.0 0.0 0.0  1  0  0  0  0  0  0  0  0  0  0  0  0  0 
7423 49.0 0.0 0.0 4152.307692307693 4077.435897435898 4220.000000000001 4489.2307692307695 4471.794871794872 4690.769230769231 4453.846153846154 4380.000000000001 4727.179487179488 4060.5128205128212 3941.538461538462 4312.820512820514 4610.769230769231 4402.051282051282 1613.0 1712.0 7.423 7.2562360763549805 0.0 0.0 0.0 0.0  1  0  0  0  0  0  0  0  0  0  0  0  0  0 
7431 50.0 0.0 0.0 4133.333333333334 4071.7948717948725 4224.102564102564 4482.051282051282 4475.8974358974365 4694.871794871796 4454.871794871796 4380.000000000001 4722.564102564103 4059.48717948718 3937.435897435898 4303.589743589744 4609.2307692307695 4404.615384615385 1613.0 1711.0 7.431 7.381343364715576 0.0 0.0 0.0 0.0  1  0  0  0  0  0  0  0  0  0  0  0  0  0 
7439 51.0 0.0 0.0 4116.923076923077 4071.7948717948725 4238.974358974359 4485.641025641026 4479.48717948718 4698.461538461539 4461.538461538462 4377.948717948719 4722.564102564103 4058.9743589743593 3940.5128205128212 4305.641025641026 4610.256410256411 4405.641025641026 1613.0 1712.0 7.439 7.381343364715576 0.0 0.0 0.0 0.0  1  0  0  0  0  0  0  0  0  0  0  0  0  0 
7447 52.0 0.0 0.0 4100.000000000001 4068.205128205129 4236.410256410257 4491.282051282052 4482.051282051282 4706.153846153847 4463.589743589744 4379.48717948718 4725.641025641026 4059.48717948718 3945.1282051282055 4307.179487179487 4605.128205128206 4404.615384615385 1614.0 1710.0 7.447 7.381343364715576 0.0 0.0 0.0 0.0  1  0  0  0  0  0  0  0  0  0  0  0  0  0 
7454 53.0 0.0 0.0 4096.410256410257 4070.7692307692314 4232.820512820514 4489.743589743591 4481.538461538462 4708.205128205129 4456.923076923077 4379.48717948718 4724.615384615386 4060.0000000000005 3945.1282051282055 4302.051282051282 4606.153846153847 4400.512820512821 1613.0 1711.0 7.454 7.381343364715576 0.0 0.0 0.0 0.0  1  0  0  0  0  0  0  0  0  0  0  0  0  0 
7462 54.0 0.0 0.0 4098.461538461539 4078.9743589743593 4232.820512820514 4485.128205128206 4482.564102564103 4707.179487179488 4455.384615384616 4377.435897435898 4725.128205128206 4060.0000000000005 3943.076923076924 4289.74358974359 4607.6923076923085 4391.794871794872 1614.0 1712.0 7.462 7.381343364715576 0.0 0.0 0.0 0.0  1  0  0  0  0  0  0  0  0  0  0  0  0  0 
7470 55.0 0.0 0.0 4108.717948717949 4081.538461538462 4227.6923076923085 4484.615384615385 4482.051282051282 4706.666666666667 4452.307692307693 4378.974358974359 4728.717948717949 4058.9743589743593 3942.0512820512827 4283.589743589744 4605.641025641026 4385.128205128206 1614.0 1712.0 7.47 7.381343364715576 0.0 0.0 0.0 0.0  1  0  0  0  0  0  0  0  0  0  0  0  0  0 
7478 56.0 0.0 0.0 4120.000000000001 4075.3846153846157 4220.000000000001 4489.743589743591 4478.461538461539 4705.641025641026 4440.512820512821 4382.564102564103 4726.666666666667 4056.9230769230776 3945.1282051282055 4290.769230769231 4610.769230769231 4385.128205128206 1614.0 1711.0 7.478 7.381343364715576 0.0 0.0 0.0 0.0  1  0  0  0  0  0  0  0  0  0  0  0  0  0 
7486 57.0 0.0 0.0 4126.153846153847 4072.307692307693 4211.794871794872 4487.6923076923085 4481.025641025642 4701.538461538462 4430.256410256411 4385.128205128206 4724.102564102564 4056.9230769230776 3943.589743589744 4292.307692307693 4612.307692307693 4386.153846153847 1613.0 1712.0 7.486 7.381343364715576 0.0 0.0 0.0 0.0  1  0  0  0  0  0  0  0  0  0  0  0  0  0 
7494 58.0 0.0 0.0 4138.974358974359 4081.0256410256416 4216.410256410257 4486.666666666667 4480.000000000001 4691.794871794872 4427.6923076923085 4381.025641025642 4724.102564102564 4057.435897435898 3942.564102564103 4298.974358974359 4610.769230769231 4394.871794871796 1614.0 1712.0 7.494 7.381343364715576 0.0 0.0 0.0 0.0  1  0  0  0  0  0  0  0  0  0  0  0  0  0 
7501 59.0 0.0 0.0 4122.564102564103 4081.0256410256416 4212.307692307693 4491.794871794872 4478.974358974359 4694.871794871796 4428.717948717949 4381.025641025642 4725.641025641026 4057.435897435898 3940.5128205128212 4302.051282051282 4606.666666666667 4396.923076923077 1613.0 1712.0 7.501 7.381343364715576 0.0 0.0 0.0 0.0  1  0  0  0  0  0  0  0  0  0  0  0  0  0 
7509 60.0 0.0 0.0 4117.435897435898 4076.9230769230776 4220.512820512821 4502.051282051282 4473.333333333334 4695.384615384616 4415.384615384616 4382.564102564103 4729.2307692307695 4057.9487179487182 3945.1282051282055 4316.410256410257 4613.846153846154 4399.48717948718 1613.0 1713.0 7.509 7.381343364715576 0.0 0.0 0.0 0.0  1  0  0  0  0  0  0  0  0  0  0  0  0  0 
7517 61.0 0.0 0.0 4111.794871794872 4077.435897435898 4215.384615384616 4501.538461538462 4477.435897435898 4696.410256410257 4400.512820512821 4385.641025641026 4731.282051282052 4055.8974358974365 3945.1282051282055 4311.794871794872 4610.256410256411 4400.512820512821 1613.0 1712.0 7.517 7.381343364715576 0.0 0.0 0.0 0.0  1  0  0  0  0  0  0  0  0  0  0  0  0  0 
7525 62.0 0.0 0.0 4120.000000000001 4088.205128205129 4217.948717948719 4493.333333333334 4478.974358974359 4689.743589743591 4411.282051282052 4382.051282051282 4727.6923076923085 4055.8974358974365 3942.564102564103 4306.153846153847 4611.794871794872 4407.179487179487 1614.0 1712.0 7.525 7.381343364715576 0.0 0.0 0.0 0.0  1  0  0  0  0  0  0  0  0  0  0  0  0  0 
7533 63.0 0.0 0.0 4120.000000000001 4082.564102564103 4206.153846153847 4491.282051282052 4481.538461538462 4694.358974358975 4437.435897435898 4382.564102564103 4727.179487179488 4060.0000000000005 3937.435897435898 4291.794871794872 4610.769230769231 4401.025641025642 1614.0 1711.0 7.533 7.381343364715576 0.0 0.0 0.0 0.0  1  0  0  0  0  0  0  0  0  0  0  0  0  0 
7540 64.0 0.0 0.0 4136.410256410257 4070.7692307692314 4218.461538461539 4497.435897435898 4473.846153846154 4692.307692307693 4437.435897435898 4380.512820512821 4726.666666666667 4060.5128205128212 3945.1282051282055 4294.871794871796 4615.384615384616 4400.512820512821 1612.0 1712.0 7.54 7.381343364715576 0.0 0.0 0.0 0.0  1  0  0  0  0  0  0  0  0  0  0  0  0  0 
7548 65.0 0.0 0.0 4122.051282051282 4066.1538461538466 4230.769230769231 4485.641025641026 4477.435897435898 4697.948717948719 4418.974358974359 4379.48717948718 4724.615384615386 4055.3846153846157 3948.717948717949 4286.153846153847 4612.307692307693 4399.48717948718 1614.0 1711.0 7.548 7.381343364715576 0.0 0.0 0.0 0.0  1  0  0  0  0  0  0  0  0  0  0  0  0  0 
7556 66.0 0.0 0.0 4114.358974358975 4074.8717948717954 4234.871794871796 4477.948717948719 4480.512820512821 4701.025641025642 4416.410256410257 4374.871794871796 4725.641025641026 4055.8974358974365 3946.666666666667 4282.564102564103 4612.307692307693 4397.435897435898 1613.0 1710.0 7.556 7.50645112991333 0.0 0.0 0.0 0.0  1  0  0  0  0  0  0  0  0  0  0  0  0  0 
7564 67.0 0.0 0.0 4103.589743589744 4071.7948717948725 4216.410256410257 4494.871794871796 4480.000000000001 4705.641025641026 4430.256410256411 4379.48717948718 4728.205128205129 4059.48717948718 3944.615384615385 4285.641025641026 4609.2307692307695 4392.820512820514 1613.0 1711.0 7.564 7.50645112991333 0.0 0.0 0.0 0.0  1  0  0  0  0  0  0  0  0  0  0  0  0  0 
7572 68.0 0.0 0.0 4096.923076923077 4069.7435897435903 4229.74358974359 4496.923076923077 4475.8974358974365 4706.153846153847 4430.769230769231 4386.153846153847 4724.102564102564 4058.9743589743593 3949.7435897435903 4301.025641025642 4609.2307692307695 4394.871794871796 1613.0 1711.0 7.572 7.50645112991333 0.0 0.0 0.0 0.0  1  0  0  0  0  0  0  0  0  0  0  0  0  0 
7580 69.0 0.0 0.0 4087.1794871794878 4077.435897435898 4239.48717948718 4475.384615384616 4479.48717948718 4711.282051282052 4416.410256410257 4385.641025641026 4723.589743589744 4057.9487179487182 3946.666666666667 4303.589743589744 4605.128205128206 4390.256410256411 1614.0 1712.0 7.58 7.50645112991333 0.0 0.0 0.0 0.0  1  0  0  0  0  0  0  0  0  0  0  0  0  0 
7587 70.0 0.0 0.0 4098.461538461539 4082.0512820512827 4221.025641025642 4483.076923076924 4481.538461538462 4709.2307692307695 4411.282051282052 4384.615384615385 4728.717948717949 4059.48717948718 3943.076923076924 4303.076923076924 4605.128205128206 4384.615384615385 1613.0 1712.0 7.587 7.5377278327941895 0.0 0.0 0.0 0.0  1  0  0  0  0  0  0  0  0  0  0  0  0  0 
7595 71.0 0.0 0.0 4118.974358974359 4076.410256410257 4200.000000000001 4505.641025641026 4476.410256410257 4702.051282051282 4421.025641025642 4387.179487179487 4730.256410256411 4060.5128205128212 3945.1282051282055 4313.333333333334 4612.307692307693 4385.641025641026 1614.0 1713.0 7.595 7.5377278327941895 0.0 0.0 0.0 0.0  1  0  0  0  0  0  0  0  0  0  0  0  0  0 
7603 72.0 0.0 0.0 4140.000000000001 4081.0256410256416 4203.076923076924 4492.820512820514 4475.384615384616 4696.410256410257 4416.410256410257 4387.6923076923085 4726.666666666667 4060.0000000000005 3941.538461538462 4316.923076923077 4613.333333333334 4388.717948717949 1614.0 1712.0 7.603 7.5377278327941895 0.0 0.0 0.0 0.0  1  0  0  0  0  0  0  0  0  0  0  0  0  0 
7611 73.0 0.0 0.0 4162.051282051282 4090.2564102564106 4212.820512820514 4479.48717948718 4476.923076923077 4688.717948717949 4398.461538461539 4381.538461538462 4724.615384615386 4059.48717948718 3935.3846153846157 4313.846153846154 4612.820512820514 4393.846153846154 1613.0 1713.0 7.611 7.5377278327941895 0.0 0.0 0.0 0.0  1  0  0  0  0  0  0  0  0  0  0  0  0  0 
7619 74.0 0.0 0.0 4163.589743589744 4077.9487179487187 4205.128205128206 4491.794871794872 4477.435897435898 4687.6923076923085 4404.615384615385 4381.538461538462 4725.128205128206 4058.9743589743593 3932.820512820513 4309.2307692307695 4613.846153846154 4395.384615384616 1614.0 1712.0 7.619 7.5377278327941895 0.0 0.0 0.0 0.0  1  0  0  0  0  0  0  0  0  0  0  0  0  0 
7633 75.0 0.0 0.0 4154.871794871796 4069.7435897435903 4221.025641025642 4497.948717948719 4471.282051282052 4687.6923076923085 4425.641025641026 4380.512820512821 4725.128205128206 4059.48717948718 3939.48717948718 4314.871794871796 4617.435897435898 4402.564102564103 1613.0 1713.0 7.633 7.5377278327941895 0.0 0.0 0.0 0.0  1  0  0  0  0  0  0  0  0  0  0  0  0  0 
7634 76.0 0.0 0.0 4117.435897435898 4074.358974358975 4240.000000000001 4484.615384615385 4476.410256410257 4695.384615384616 4429.743589743591 4381.025641025642 4724.102564102564 4058.461538461539 3940.5128205128212 4303.076923076924 4606.666666666667 4405.128205128206 1614.0 1712.0 7.634 7.5377278327941895 0.0 0.0 0.0 0.0  1  0  0  0  0  0  0  0  0  0  0  0  0  0 
7642 77.0 0.0 0.0 4099.48717948718 4075.8974358974365 4253.846153846154 4482.564102564103 4479.48717948718 4698.461538461539 4425.128205128206 4377.948717948719 4723.076923076924 4058.9743589743593 3942.0512820512827 4300.512820512821 4604.615384615385 4408.717948717949 1613.0 1711.0 7.642 7.5377278327941895 0.0 0.0 0.0 0.0  1  0  0  0  0  0  0  0  0  0  0  0  0  0 
7650 78.0 0.0 0.0 4080.5128205128212 4071.2820512820517 4237.948717948719 4491.282051282052 4482.051282051282 4707.6923076923085 4429.2307692307695 4376.923076923077 4726.153846153847 4057.9487179487182 3944.1025641025644 4293.846153846154 4604.615384615385 4399.48717948718 1614.0 1712.0 7.65 7.5377278327941895 0.0 0.0 0.0 0.0  1  0  0  0  0  0  0  0  0  0  0  0  0  0 
7658 79.0 0.0 0.0 4084.615384615385 4082.0512820512827 4242.564102564103 4492.820512820514 4478.974358974359 4704.102564102564 4421.538461538462 4374.871794871796 4728.205128205129 4056.9230769230776 3951.7948717948725 4290.256410256411 4610.256410256411 4392.307692307693 1613.0 1710.0 7.658 7.5377278327941895 0.0 0.0 0.0 0.0  1  0  0  0  0  0  0  0  0  0  0  0  0  0 
7666 80.0 0.0 0.0 4089.7435897435903 4079.48717948718 4230.256410256411 4486.153846153847 4484.615384615385 4706.666666666667 4409.2307692307695 4380.000000000001 4727.179487179488 4055.8974358974365 3948.717948717949 4275.384615384616 4603.076923076924 4384.102564102564 1614.0 1711.0 7.666 7.5377278327941895 0.0 0.0 0.0 0.0  1  0  0  0  0  0  0  0  0  0  0  0  0  0 
7673 81.0 0.0 0.0 4116.410256410257 4072.820512820513 4222.564102564103 4488.717948717949 4481.025641025642 4701.025641025642 4396.923076923077 4381.538461538462 4724.102564102564 4057.9487179487182 3946.666666666667 4279.48717948718 4606.666666666667 4386.153846153847 1614.0 1711.0 7.673 7.5377278327941895 0.0 0.0 0.0 0.0  1  0  0  0  0  0  0  0  0  0  0  0  0  0 
7681 82.0 0.0 0.0 4122.051282051282 4073.333333333334 4213.846153846154 4494.871794871796 4479.48717948718 4696.410256410257 4378.974358974359 4383.076923076924 4726.153846153847 4061.0256410256416 3947.1794871794878 4282.564102564103 4610.769230769231 4388.205128205129 1614.0 1712.0 7.681 7.631558418273926 0.0 0.0 0.0 0.0  1  0  0  0  0  0  0  0  0  0  0  0  0  0 
7689 83.0 0.0 0.0 4135.8974358974365 4075.8974358974365 4215.8974358974365 4492.307692307693 4476.410256410257 4690.256410256411 4367.6923076923085 4381.025641025642 4726.666666666667 4060.5128205128212 3947.1794871794878 4292.820512820514 4612.307692307693 4395.384615384616 1613.0 1712.0 7.689 7.631558418273926 0.0 0.0 0.0 0.0  1  0  0  0  0  0  0  0  0  0  0  0  0  0 
7697 84.0 0.0 0.0 4134.871794871796 4069.7435897435903 4199.48717948718 4492.820512820514 4477.948717948719 4692.820512820514 4369.2307692307695 4381.538461538462 4726.153846153847 4057.9487179487182 3940.0000000000005 4298.974358974359 4607.6923076923085 4400.000000000001 1613.0 1713.0 7.697 7.631558418273926 0.0 0.0 0.0 0.0  1  0  0  0  0  0  0  0  0  0  0  0  0  0 
7705 85.0 0.0 0.0 4122.564102564103 4077.9487179487187 4197.948717948719 4502.564102564103 4475.384615384616 4691.282051282052 4358.461538461539 4382.564102564103 4726.153846153847 4058.9743589743593 3940.5128205128212 4311.794871794872 4613.846153846154 4402.564102564103 1614.0 1711.0 7.705 7.631558418273926 0.0 0.0 0.0 0.0  1  0  0  0  0  0  0  0  0  0  0  0  0  0 
7713 86.0 0.0 0.0 4109.2307692307695 4087.692307692308 4209.2307692307695 4502.564102564103 4474.871794871796 4690.769230769231 4341.538461538462 4386.666666666667 4726.666666666667 4058.9743589743593 3944.1025641025644 4318.461538461539 4616.923076923077 4405.128205128206 1613.0 1712.0 7.713 7.631558418273926 0.0 0.0 0.0 0.0  1  0  0  0  0  0  0  0  0  0  0  0  0  0 
7720 87.0 0.0 0.0 4111.794871794872 4081.0256410256416 4224.102564102564 4494.871794871796 4478.974358974359 4692.820512820514 4346.153846153847 4387.6923076923085 4726.666666666667 4056.9230769230776 3940.5128205128212 4313.333333333334 4611.794871794872 4407.179487179487 1614.0 1713.0 7.72 7.631558418273926 0.0 0.0 0.0 0.0  1  0  0  0  0  0  0  0  0  0  0  0  0  0 
7728 88.0 0.0 0.0 4113.846153846154 4071.7948717948725 4247.6923076923085 4487.6923076923085 4480.000000000001 4695.8974358974365 4360.512820512821 4383.589743589744 4726.666666666667 4057.9487179487182 3938.461538461539 4309.2307692307695 4610.769230769231 4402.051282051282 1613.0 1712.0 7.728 7.631558418273926 0.0 0.0 0.0 0.0  1  0  0  0  0  0  0  0  0  0  0  0  0  0 
7736 89.0 0.0 0.0 4112.820512820514 4075.3846153846157 4248.205128205129 4479.48717948718 4478.974358974359 4701.538461538462 4354.358974358975 4380.512820512821 4724.615384615386 4058.461538461539 3941.538461538462 4301.538461538462 4609.2307692307695 4392.307692307693 1613.0 1712.0 7.736 7.631558418273926 0.0 0.0 0.0 0.0  1  0  0  0  0  0  0  0  0  0  0  0  0  0 
7744 90.0 0.0 0.0 4127.6923076923085 4079.48717948718 4220.512820512821 4488.205128205129 4477.948717948719 4695.8974358974365 4332.820512820514 4377.435897435898 4724.102564102564 4057.435897435898 3946.1538461538466 4292.307692307693 4612.307692307693 4393.333333333334 1613.0 1711.0 7.744 7.631558418273926 0.0 0.0 0.0 0.0  1  0  0  0  0  0  0  0  0  0  0  0  0  0 
7752 91.0 0.0 0.0 4129.74358974359 4070.7692307692314 4201.538461538462 4498.974358974359 4481.538461538462 4692.820512820514 4328.205128205129 4377.948717948719 4725.641025641026 4057.9487179487182 3942.0512820512827 4281.025641025642 4608.717948717949 4394.871794871796 1613.0 1712.0 7.752 7.631558418273926 0.0 0.0 0.0 0.0  1  0  0  0  0  0  0  0  0  0  0  0  0  0 
7759 92.0 0.0 0.0 4125.641025641026 4074.8717948717954 4226.666666666667 4486.666666666667 4478.461538461539 4691.794871794872 4342.051282051282 4375.384615384616 4725.128205128206 4058.9743589743593 3942.0512820512827 4289.74358974359 4610.256410256411 4397.435897435898 1613.0 1711.0 7.759 7.631558418273926 0.0 0.0 0.0 0.0  1  0  0  0  0  0  0  0  0  0  0  0  0  0 
7767 93.0 0.0 0.0 4106.666666666667 4078.9743589743593 4232.820512820514 4473.846153846154 4481.025641025642 4700.512820512821 4350.769230769231 4377.948717948719 4725.641025641026 4058.461538461539 3942.0512820512827 4284.615384615385 4605.641025641026 4390.256410256411 1613.0 1711.0 7.767 7.631558418273926 0.0 0.0 0.0 0.0  1  0  0  0  0  0  0  0  0  0  0  0  0  0 
7775 94.0 0.0 0.0 4112.820512820514 4070.2564102564106 4235.8974358974365 4487.6923076923085 4479.48717948718 4697.948717948719 4350.769230769231 4381.538461538462 4727.179487179488 4060.5128205128212 3946.1538461538466 4288.717948717949 4608.717948717949 4390.256410256411 1614.0 1711.0 7.775 7.631558418273926 0.0 0.0 0.0 0.0  1  0  0  0  0  0  0  0  0  0  0  0  0  0 
7783 95.0 0.0 0.0 4101.538461538462 4064.1025641025644 4227.179487179487 4493.333333333334 4481.025641025642 4702.564102564103 4352.307692307693 4387.6923076923085 4725.641025641026 4060.5128205128212 3944.615384615385 4295.8974358974365 4603.076923076924 4390.256410256411 1613.0 1712.0 7.783 7.631558418273926 0.0 0.0 0.0 0.0  1  0  0  0  0  0  0  0  0  0  0  0  0  0 
7791 96.0 0.0 0.0 4104.102564102564 4080.5128205128212 4223.589743589744 4487.179487179488 4476.923076923077 4697.435897435898 4344.102564102564 4387.179487179487 4725.128205128206 4058.461538461539 3946.666666666667 4312.307692307693 4607.179487179488 4395.8974358974365 1613.0 1712.0 7.791 7.631558418273926 0.0 0.0 0.0 0.0  1  0  0  0  0  0  0  0  0  0  0  0  0  0 
7798 97.0 0.0 0.0 4110.769230769231 4085.6410256410263 4208.205128205129 4489.743589743591 4478.974358974359 4696.923076923077 4331.794871794872 4386.666666666667 4727.179487179488 4057.435897435898 3942.0512820512827 4307.179487179487 4609.2307692307695 4394.358974358975 1613.0 1713.0 7.798 7.631558418273926 0.0 0.0 0.0 0.0  1  0  0  0  0  0  0  0  0  0  0  0  0  0 
7806 98.0 0.0 0.0 4139.48717948718 4086.1538461538466 4214.358974358975 4495.384615384616 4476.410256410257 4691.282051282052 4329.2307692307695 4383.076923076924 4727.179487179488 4059.48717948718 3938.9743589743593 4309.743589743591 4613.846153846154 4394.871794871796 1613.0 1712.0 7.806 7.7566657066345215 0.0 0.0 0.0 0.0  1  0  0  0  0  0  0  0  0  0  0  0  0  0 
7814 99.0 0.0 0.0 4141.025641025642 4086.1538461538466 4202.051282051282 4495.384615384616 4476.923076923077 4692.307692307693 4343.076923076924 4383.589743589744 4725.641025641026 4060.5128205128212 3940.0000000000005 4307.6923076923085 4611.794871794872 4394.358974358975 1614.0 1712.0 7.814 7.7566657066345215 0.0 0.0 0.0 0.0  1  0  0  0  0  0  0  0  0  0  0  0  0  0 
7822 100.0 0.0 0.0 4140.512820512821 4080.0000000000005 4210.256410256411 4495.8974358974365 4472.307692307693 4687.6923076923085 4363.076923076924 4383.589743589744 4724.615384615386 4059.48717948718 3945.1282051282055 4311.282051282052 4612.307692307693 4400.000000000001 1614.0 1712.0 7.822 7.7566657066345215 0.0 0.0 0.0 0.0  1  0  0  0  0  0  0  0  0  0  0  0  0  0 
7830 101.0 0.0 0.0 4129.2307692307695 4066.666666666667 4229.74358974359 4491.282051282052 4472.820512820514 4688.717948717949 4384.615384615385 4383.589743589744 4727.179487179488 4057.9487179487182 3944.615384615385 4308.717948717949 4611.282051282052 4404.102564102564 1613.0 1712.0 7.83 7.7566657066345215 0.0 0.0 0.0 0.0  1  0  0  0  0  0  0  0  0  0  0  0  0  0 
7838 102.0 0.0 0.0 4116.410256410257 4071.2820512820517 4232.820512820514 4488.205128205129 4476.410256410257 4692.820512820514 4396.923076923077 4383.076923076924 4728.717948717949 4060.0000000000005 3944.1025641025644 4301.538461538462 4610.256410256411 4404.102564102564 1613.0 1711.0 7.838 7.7566657066345215 0.0 0.0 0.0 0.0  1  0  0  0  0  0  0  0  0  0  0  0  0  0 
7845 103.0 0.0 0.0 4097.948717948719 4079.48717948718 4218.461538461539 4493.333333333334 4478.461538461539 4697.948717948719 4397.948717948719 4381.025641025642 4726.153846153847 4058.461538461539 3946.1538461538466 4293.846153846154 4608.205128205129 4402.051282051282 1612.0 1712.0 7.845 7.7566657066345215 0.0 0.0 0.0 0.0  1  0  0  0  0  0  0  0  0  0  0  0  0  0 
7853 104.0 0.0 0.0 4086.1538461538466 4078.9743589743593 4216.410256410257 4495.8974358974365 4479.48717948718 4700.000000000001 4396.410256410257 4380.000000000001 4725.641025641026 4055.3846153846157 3948.717948717949 4290.769230769231 4608.205128205129 4397.948717948719 1613.0 1710.0 7.853 7.7566657066345215 0.0 0.0 0.0 0.0  1  0  0  0  0  0  0  0  0  0  0  0  0  0 
7861 105.0 0.0 0.0 4089.7435897435903 4077.9487179487187 4231.282051282052 4493.333333333334 4481.025641025642 4699.48717948718 4390.769230769231 4382.051282051282 4727.179487179488 4059.48717948718 3951.7948717948725 4290.256410256411 4610.769230769231 4391.282051282052 1612.0 1711.0 7.861 7.7566657066345215 0.0 0.0 0.0 0.0  1  0  0  0  0  0  0  0  0  0  0  0  0  0 
7869 106.0 0.0 0.0 4095.3846153846157 4077.9487179487187 4233.846153846154 4488.205128205129 4482.564102564103 4700.512820512821 4376.410256410257 4383.589743589744 4725.641025641026 4060.5128205128212 3947.1794871794878 4283.589743589744 4608.205128205129 4384.615384615385 1614.0 1711.0 7.869 7.7566657066345215 0.0 0.0 0.0 0.0  1  0  0  0  0  0  0  0  0  0  0  0  0  0 
7877 107.0 0.0 0.0 4113.333333333334 4077.435897435898 4236.923076923077 4484.102564102564 4476.410256410257 4694.358974358975 4356.923076923077 4378.461538461539 4724.102564102564 4055.8974358974365 3946.666666666667 4294.358974358975 4613.846153846154 4388.205128205129 1612.0 1710.0 7.877 7.7566657066345215 0.0 0.0 0.0 0.0  1  0  0  0  0  0  0  0  0  0  0  0  0  0 
7884 108.0 0.0 0.0 4117.948717948719 4071.7948717948725 4227.179487179487 4482.051282051282 4480.000000000001 4695.384615384616 4348.717948717949 4377.948717948719 4726.666666666667 4055.8974358974365 3947.1794871794878 4297.948717948719 4612.307692307693 4388.205128205129 1613.0 1712.0 7.884 7.7566657066345215 0.0 0.0 0.0 0.0  1  0  0  0  0  0  0  0  0  0  0  0  0  0 
7892 109.0 0.0 0.0 4129.74358974359 4073.8461538461543 4225.128205128206 4487.6923076923085 4478.461538461539 4693.846153846154 4350.256410256411 4378.974358974359 4725.641025641026 4061.0256410256416 3947.692307692308 4303.589743589744 4611.282051282052 4396.923076923077 1615.0 1711.0 7.892 7.7566657066345215 0.0 0.0 0.0 0.0  1  0  0  0  0  0  0  0  0  0  0  0  0  0 
7900 110.0 0.0 0.0 4124.102564102564 4073.333333333334 4209.74358974359 4494.871794871796 4477.948717948719 4695.384615384616 4344.102564102564 4384.102564102564 4724.102564102564 4060.5128205128212 3940.5128205128212 4303.589743589744 4608.717948717949 4401.538461538462 1614.0 1713.0 7.9 7.7566657066345215 0.0 0.0 0.0 0.0  1  0  0  0  0  0  0  0  0  0  0  0  0  0 
7908 111.0 0.0 0.0 4131.794871794872 4076.410256410257 4213.846153846154 4501.025641025642 4475.384615384616 4689.743589743591 4324.615384615385 4385.128205128206 4725.641025641026 4060.0000000000005 3941.0256410256416 4317.435897435898 4615.8974358974365 4406.153846153847 1612.0 1712.0 7.908 7.7566657066345215 0.0 0.0 0.0 0.0  1  0  0  0  0  0  0  0  0  0  0  0  0  0 
7916 112.0 0.0 0.0 4123.076923076924 4076.9230769230776 4216.410256410257 4497.435897435898 4479.48717948718 4695.384615384616 4327.6923076923085 4388.205128205129 4729.2307692307695 4060.0000000000005 3939.48717948718 4314.871794871796 4609.2307692307695 4401.025641025642 1613.0 1712.0 7.916 7.7566657066345215 0.0 0.0 0.0 0.0  1  0  0  0  0  0  0  0  0  0  0  0  0  0 
7924 113.0 0.0 0.0 4128.205128205129 4082.564102564103 4224.102564102564 4490.769230769231 4477.948717948719 4693.333333333334 4347.179487179487 4385.641025641026 4727.179487179488 4058.9743589743593 3941.538461538462 4319.48717948718 4610.769230769231 4400.000000000001 1614.0 1711.0 7.924 7.7566657066345215 0.0 0.0 0.0 0.0  1  0  0  0  0  0  0  0  0  0  0  0  0  0 
7931 114.0 0.0 0.0 4124.102564102564 4078.9743589743593 4202.564102564103 4491.282051282052 4480.512820512821 4694.871794871796 4348.717948717949 4386.666666666667 4724.102564102564 4059.48717948718 3941.538461538462 4311.282051282052 4608.717948717949 4391.282051282052 1613.0 1712.0 7.931 7.881773471832275 0.0 0.0 0.0 0.0  1  0  0  0  0  0  0  0  0  0  0  0  0  0 
7939 115.0 0.0 0.0 4134.358974358975 4078.461538461539 4222.051282051282 4492.307692307693 4478.461538461539 4690.256410256411 4357.435897435898 4385.641025641026 4723.589743589744 4060.5128205128212 3940.5128205128212 4297.948717948719 4605.641025641026 4386.153846153847 1614.0 1711.0 7.939 7.881773471832275 0.0 0.0 0.0 0.0  1  0  0  0  0  0  0  0  0  0  0  0  0  0 
7947 116.0 0.0 0.0 4123.076923076924 4081.0256410256416 4260.512820512821 4477.435897435898 4478.974358974359 4692.307692307693 4354.358974358975 4381.025641025642 4725.128205128206 4058.9743589743593 3936.410256410257 4287.179487179487 4604.615384615385 4378.974358974359 1613.0 1711.0 7.947 7.881773471832275 0.0 0.0 0.0 0.0  1  0  0  0  0  0  0  0  0  0  0  0  0  0 
7955 117.0 0.0 0.0 4118.461538461539 4084.1025641025644 4264.615384615385 4466.153846153847 4477.435897435898 4691.282051282052 4266.666666666667 4375.384615384616 4726.153846153847 4057.435897435898 3941.0256410256416 4295.384615384616 4615.384615384616 4381.025641025642 1613.0 1711.0 7.955 7.881773471832275 0.0 0.0 0.0 0.0  1  0  0  0  0  0  0  0  0  0  0  0  0  0 
7963 118.0 0.0 0.0 4116.410256410257 4075.3846153846157 4211.282051282052 4481.025641025642 4480.512820512821 4691.282051282052 4178.974358974359 4380.512820512821 4726.153846153847 4059.48717948718 3947.692307692308 4296.410256410257 4616.923076923077 4390.769230769231 1612.0 1710.0 7.963 7.881773471832275 0.0 0.0 0.0 0.0  1  0  0  0  0  0  0  0  0  0  0  0  0  0 
7970 119.0 0.0 0.0 4113.846153846154 4070.7692307692314 4189.2307692307695 4493.333333333334 4481.025641025642 4690.256410256411 4176.410256410257 4386.666666666667 4726.153846153847 4060.5128205128212 3950.7692307692314 4297.948717948719 4609.743589743591 4402.051282051282 1613.0 1712.0 7.97 7.881773471832275 0.0 0.0 0.0 0.0  1  0  0  0  0  0  0  0  0  0  0  0  0  0 
7978 120.0 0.0 0.0 4096.410256410257 4074.8717948717954 4223.589743589744 4482.051282051282 4476.410256410257 4688.717948717949 4192.307692307693 4384.615384615385 4726.666666666667 4060.0000000000005 3949.2307692307695 4317.435897435898 4608.205128205129 4407.6923076923085 1614.0 1711.0 7.978 7.881773471832275 0.0 0.0 0.0 0.0  1  0  0  0  0  0  0  0  0  0  0  0  0  0 
7986 121.0 0.0 0.0 4087.692307692308 4069.7435897435903 4247.179487179487 4473.333333333334 4475.8974358974365 4690.769230769231 4176.410256410257 4384.102564102564 4726.153846153847 4059.48717948718 3947.1794871794878 4323.589743589744 4606.666666666667 4398.461538461539 1612.0 1712.0 7.986 7.881773471832275 0.0 0.0 0.0 0.0  1  0  0  0  0  0  0  0  0  0  0  0  0  0 
7994 122.0 0.0 0.0 4105.128205128206 4060.5128205128212 4224.102564102564 4478.461538461539 4478.974358974359 4692.820512820514 4172.820512820514 4385.128205128206 4727.179487179488 4060.5128205128212 3950.7692307692314 4315.384615384616 4611.282051282052 4388.717948717949 1612.0 1711.0 7.994 7.881773471832275 0.0 0.0 0.0 0.0  1  0  0  0  0  0  0  0  0  0  0  0  0  0 
8002 123.0 0.0 0.0 4105.641025641026 4073.333333333334 4176.410256410257 4464.615384615385 4483.589743589744 4699.48717948718 4182.564102564103 4386.153846153847 4729.2307692307695 4060.0000000000005 3951.7948717948725 4315.384615384616 4612.820512820514 4385.128205128206 1612.0 1712.0 8.002 7.881773471832275 0.0 0.0 0.0 0.0  1  0  0  0  0  0  0  0  0  0  0  0  0  0 
8010 124.0 0.0 0.0 4106.666666666667 4102.051282051282 4160.512820512821 4445.641025641026 4484.102564102564 4701.538461538462 4191.794871794872 4384.615384615385 4730.769230769231 4057.435897435898 3950.2564102564106 4334.358974358975 4613.333333333334 4386.153846153847 1613.0 1712.0 8.01 7.881773471832275 0.0 0.0 0.0 0.0  1  0  0  0  0  0  0  0  0  0  0  0  0  0 
8016 125.0 0.0 0.0 4112.820512820514 4095.8974358974365 4149.74358974359 4440.000000000001 4491.282051282052 4705.641025641026 4204.102564102564 4387.6923076923085 4731.794871794872 4056.9230769230776 3943.076923076924 4328.205128205129 4604.615384615385 4377.948717948719 1612.0 1711.0 8.017 7.881773471832275 0.0 0.0 0.0 0.0  1  0  0  0  0  0  0  0  0  0  0  0  0  0 
8025 126.0 0.0 0.0 4127.179487179487 4074.358974358975 4151.794871794872 4426.666666666667 4489.743589743591 4701.538461538462 4213.333333333334 4389.743589743591 4730.769230769231 4060.0000000000005 3945.6410256410263 4341.538461538462 4607.6923076923085 4382.564102564103 1613.0 1711.0 8.025 7.881773471832275 0.0 0.0 0.0 0.0  1  0  0  0  0  0  0  0  0  0  0  0  0  0 
8032 127.0 0.0 0.0 4067.692307692308 4061.538461538462 4148.717948717949 4382.051282051282 4490.256410256411 4712.307692307693 4243.076923076924 4396.410256410257 4728.205128205129 4061.538461538462 3955.8974358974365 4390.256410256411 4601.025641025642 4384.615384615385 1612.0 1711.0 8.033 7.881773471832275 0.0 0.0 0.0 0.0  1  0  0  0  0  0  0  0  0  0  0  0  0  0 
8041 128.0 0.0 0.0 4015.3846153846157 4054.358974358975 4163.076923076924 4343.589743589744 4488.205128205129 4721.025641025642 4271.794871794872 4396.410256410257 4729.2307692307695 4061.538461538462 3976.9230769230776 4470.769230769231 4599.48717948718 4383.589743589744 1614.0 1712.0 8.041 7.881773471832275 0.0 0.0 0.0 0.0  1  0  0  0  0  0  0  0  0  0  0  0  0  0 
8048 0.0 0.0 0.0 4002.564102564103 4037.9487179487182 4151.794871794872 4333.333333333334 4490.769230769231 4726.153846153847 4280.000000000001 4395.8974358974365 4731.282051282052 4061.0256410256416 3986.666666666667 4514.871794871796 4598.974358974359 4377.948717948719 1613.0 1711.0 8.049 7.881773471832275 0.0 0.0 0.0 0.0  1  0  0  0  0  0  0  0  0  0  0  0  0  0 
8055 1.0 0.0 0.0 4025.1282051282055 4038.9743589743593 4165.128205128206 4341.538461538462 4485.128205128206 4716.410256410257 4268.205128205129 4391.282051282052 4729.2307692307695 4062.0512820512827 3986.1538461538466 4520.512820512821 4603.076923076924 4382.051282051282 1613.0 1713.0 8.056 8.006880760192871 0.0 0.0 0.0 0.0  1  0  0  0  0  0  0  0  0  0  0  0  0  0 
8064 2.0 0.0 4.0 4040.0000000000005 4047.692307692308 4184.102564102564 4359.48717948718 4483.076923076924 4711.794871794872 4264.102564102564 4388.717948717949 4727.179487179488 4061.0256410256416 3977.435897435898 4484.102564102564 4600.000000000001 4378.974358974359 1613.0 1711.0 8.064 8.006880760192871 0.0 0.0 0.0 0.0  1  0  0  0  0  0  0  0  0  0  0  0  0  0 
8071 3.0 0.0 0.0 4086.1538461538466 4056.9230769230776 4202.564102564103 4393.333333333334 4481.538461538462 4700.512820512821 4309.743589743591 4386.666666666667 4724.615384615386 4058.461538461539 3968.205128205129 4435.8974358974365 4606.153846153847 4378.461538461539 1613.0 1712.0 8.072 8.006880760192871 0.0 0.0 0.0 0.0  1  0  0  0  0  0  0  0  0  0  0  0  0  0 
8080 4.0 0.0 0.0 4134.871794871796 4060.5128205128212 4210.769230769231 4438.461538461539 4481.025641025642 4689.743589743591 4383.589743589744 4386.153846153847 4723.076923076924 4057.435897435898 3953.333333333334 4369.743589743591 4610.256410256411 4388.717948717949 1614.0 1712.0 8.08 8.006880760192871 0.0 0.0 0.0 0.0  1  0  0  0  0  0  0  0  0  0  0  0  0  0 
8087 5.0 0.0 0.0 4165.641025641026 4065.6410256410263 4234.871794871796 4473.333333333334 4471.282051282052 4677.435897435898 4411.282051282052 4380.512820512821 4723.076923076924 4059.48717948718 3940.5128205128212 4319.48717948718 4610.256410256411 4407.179487179487 1613.0 1713.0 8.088 8.03815746307373 0.0 0.0 0.0 0.0  1  0  0  0  0  0  0  0  0  0  0  0  0  0 
8096 6.0 0.0 0.0 4157.948717948719 4067.692307692308 4238.974358974359 4485.641025641026 4469.743589743591 4677.948717948719 4396.410256410257 4375.8974358974365 4724.615384615386 4058.9743589743593 3933.8461538461543 4306.153846153847 4608.717948717949 4412.307692307693 1614.0 1712.0 8.096 8.03815746307373 0.0 0.0 0.0 0.0  1  0  0  0  0  0  0  0  0  0  0  0  0  0 
8103 7.0 0.0 0.0 4141.538461538462 4071.2820512820517 4224.615384615385 4491.282051282052 4477.435897435898 4684.615384615386 4405.641025641026 4377.435897435898 4724.615384615386 4057.435897435898 3934.8717948717954 4305.128205128206 4609.743589743591 4408.717948717949 1614.0 1712.0 8.103 8.03815746307373 0.0 0.0 0.0 0.0  1  0  0  0  0  0  0  0  0  0  0  0  0  0 
8111 8.0 0.0 0.0 4131.794871794872 4081.538461538462 4228.717948717949 4505.641025641026 4477.435897435898 4688.717948717949 4424.102564102564 4378.974358974359 4724.615384615386 4058.9743589743593 3940.5128205128212 4298.974358974359 4611.794871794872 4411.794871794872 1614.0 1712.0 8.111 8.03815746307373 0.0 0.0 0.0 0.0  1  0  0  0  0  0  0  0  0  0  0  0  0  0 
8119 9.0 0.0 0.0 4115.8974358974365 4086.1538461538466 4222.051282051282 4502.051282051282 4475.384615384616 4691.282051282052 4415.384615384616 4379.48717948718 4726.153846153847 4060.0000000000005 3943.589743589744 4305.128205128206 4610.769230769231 4408.717948717949 1613.0 1712.0 8.119 8.03815746307373 0.0 0.0 0.0 0.0  1  0  0  0  0  0  0  0  0  0  0  0  0  0 
8127 10.0 0.0 0.0 4108.205128205129 4077.435897435898 4210.256410256411 4485.641025641026 4475.8974358974365 4689.743589743591 4404.615384615385 4380.512820512821 4726.153846153847 4060.0000000000005 3949.7435897435903 4323.589743589744 4614.358974358975 4397.948717948719 1614.0 1712.0 8.127 8.03815746307373 0.0 0.0 0.0 0.0  1  0  0  0  0  0  0  0  0  0  0  0  0  0 
8135 11.0 0.0 0.0 4106.666666666667 4065.6410256410263 4206.666666666667 4484.102564102564 4477.948717948719 4693.846153846154 4414.358974358975 4385.641025641026 4725.128205128206 4060.0000000000005 3952.307692307693 4311.794871794872 4610.769230769231 4388.717948717949 1613.0 1711.0 8.135 8.03815746307373 0.0 0.0 0.0 0.0  1  0  0  0  0  0  0  0  0  0  0  0  0  0 
8143 12.0 0.0 0.0 4117.948717948719 4069.7435897435903 4223.589743589744 4488.717948717949 4472.307692307693 4693.846153846154 4417.435897435898 4384.102564102564 4724.615384615386 4060.0000000000005 3954.358974358975 4299.48717948718 4611.794871794872 4392.820512820514 1613.0 1713.0 8.143 8.03815746307373 0.0 0.0 0.0 0.0  1  0  0  0  0  0  0  0  0  0  0  0  0  0 
8150 13.0 0.0 0.0 4112.820512820514 4073.333333333334 4218.461538461539 4483.589743589744 4477.435897435898 4696.923076923077 4409.743589743591 4380.512820512821 4726.666666666667 4057.9487179487182 3952.307692307693 4285.128205128206 4609.2307692307695 4389.743589743591 1614.0 1710.0 8.15 8.03815746307373 0.0 0.0 0.0 0.0  1  0  0  0  0  0  0  0  0  0  0  0  0  0 
8157 14.0 0.0 0.0 4134.358974358975 4077.435897435898 4211.794871794872 4495.384615384616 4476.410256410257 4688.205128205129 4402.051282051282 4378.461538461539 4727.6923076923085 4057.9487179487182 3952.820512820513 4279.48717948718 4613.846153846154 4393.333333333334 1612.0 1712.0 8.158 8.03815746307373 0.0 0.0 0.0 0.0  1  0  0  0  0  0  0  0  0  0  0  0  0  0 
8166 15.0 0.0 0.0 4125.128205128206 4077.9487179487187 4197.435897435898 4503.589743589744 4477.435897435898 4690.769230769231 4403.076923076924 4385.128205128206 4724.615384615386 4059.48717948718 3945.6410256410263 4269.2307692307695 4606.666666666667 4394.358974358975 1613.0 1711.0 8.166 8.03815746307373 0.0 0.0 0.0 0.0  1  0  0  0  0  0  0  0  0  0  0  0  0  0 
8173 16.0 0.0 0.0 4114.358974358975 4083.589743589744 4208.205128205129 4493.846153846154 4475.8974358974365 4690.769230769231 4413.333333333334 4383.589743589744 4723.589743589744 4060.0000000000005 3944.1025641025644 4284.615384615385 4610.769230769231 4396.923076923077 1614.0 1711.0 8.174 8.03815746307373 0.0 0.0 0.0 0.0  1  0  0  0  0  0  0  0  0  0  0  0  0  0 
8182 17.0 0.0 0.0 4095.8974358974365 4077.9487179487187 4218.461538461539 4492.820512820514 4480.000000000001 4697.435897435898 4423.589743589744 4384.615384615385 4729.2307692307695 4056.9230769230776 3943.076923076924 4292.820512820514 4608.205128205129 4392.307692307693 1613.0 1711.0 8.182 8.131988525390625 0.0 0.0 0.0 0.0  1  0  0  0  0  0  0  0  0  0  0  0  0  0 
8189 18.0 0.0 0.0 4107.179487179487 4068.205128205129 4238.974358974359 4499.48717948718 4473.846153846154 4691.794871794872 4418.461538461539 4385.641025641026 4728.205128205129 4056.9230769230776 3944.615384615385 4304.102564102564 4607.6923076923085 4400.512820512821 1612.0 1711.0 8.189 8.131988525390625 0.0 0.0 0.0 0.0  1  0  0  0  0  0  0  0  0  0  0  0  0  0 
8197 19.0 0.0 0.0 4109.74358974359 4066.666666666667 4228.205128205129 4483.589743589744 4471.794871794872 4693.333333333334 4405.641025641026 4382.051282051282 4723.076923076924 4057.9487179487182 3942.0512820512827 4312.307692307693 4605.641025641026 4401.025641025642 1613.0 1712.0 8.197 8.131988525390625 0.0 0.0 0.0 0.0  1  0  0  0  0  0  0  0  0  0  0  0  0  0 
8205 20.0 0.0 0.0 4123.076923076924 4078.461538461539 4215.8974358974365 4476.923076923077 4472.307692307693 4692.820512820514 4394.358974358975 4373.333333333334 4721.538461538462 4058.461538461539 3944.1025641025644 4323.589743589744 4611.794871794872 4394.358974358975 1614.0 1712.0 8.205 8.131988525390625 0.0 0.0 0.0 0.0  1  0  0  0  0  0  0  0  0  0  0  0  0  0 
8213 21.0 0.0 0.0 4137.948717948719 4077.9487179487187 4210.769230769231 4495.8974358974365 4474.358974358975 4690.769230769231 4388.717948717949 4372.820512820514 4724.102564102564 4058.461538461539 3945.1282051282055 4318.461538461539 4611.794871794872 4392.307692307693 1613.0 1712.0 8.213 8.131988525390625 0.0 0.0 0.0 0.0  1  0  0  0  0  0  0  0  0  0  0  0  0  0 
8221 22.0 0.0 0.0 4148.205128205129 4072.820512820513 4218.461538461539 4493.333333333334 4469.2307692307695 4682.051282051282 4394.871794871796 4375.8974358974365 4724.615384615386 4057.435897435898 3943.076923076924 4322.051282051282 4612.307692307693 4402.051282051282 1613.0 1712.0 8.221 8.131988525390625 0.0 0.0 0.0 0.0  1  0  0  0  0  0  0  0  0  0  0  0  0  0 
8229 23.0 0.0 0.0 4140.512820512821 4075.3846153846157 4209.74358974359 4481.538461538462 4467.6923076923085 4683.589743589744 4414.871794871796 4377.435897435898 4725.641025641026 4055.8974358974365 3941.538461538462 4333.846153846154 4615.384615384616 4404.615384615385 1614.0 1713.0 8.229 8.131988525390625 0.0 0.0 0.0 0.0  1  0  0  0  0  0  0  0  0  0  0  0  0  0 
8236 24.0 0.0 0.0 4123.589743589744 4071.2820512820517 4197.435897435898 4491.794871794872 4472.820512820514 4690.256410256411 4435.384615384616 4379.48717948718 4727.179487179488 4056.9230769230776 3943.589743589744 4328.205128205129 4613.846153846154 4395.384615384616 1614.0 1713.0 8.236 8.131988525390625 0.0 0.0 0.0 0.0  1  0  0  0  0  0  0  0  0  0  0  0  0  0 
8244 25.0 0.0 0.0 4113.333333333334 4072.307692307693 4215.8974358974365 4503.076923076924 4474.358974358975 4689.743589743591 4434.871794871796 4378.974358974359 4726.666666666667 4058.9743589743593 3946.666666666667 4314.871794871796 4611.282051282052 4395.8974358974365 1613.0 1712.0 8.244 8.131988525390625 0.0 0.0 0.0 0.0  1  0  0  0  0  0  0  0  0  0  0  0  0  0 
8252 26.0 0.0 0.0 4112.307692307693 4085.6410256410263 4225.641025641026 4492.307692307693 4470.769230769231 4687.179487179488 4421.025641025642 4379.48717948718 4725.641025641026 4057.9487179487182 3944.1025641025644 4311.794871794872 4610.769230769231 4404.102564102564 1612.0 1712.0 8.252 8.131988525390625 0.0 0.0 0.0 0.0  1  0  0  0  0  0  0  0  0  0  0  0  0  0 
8260 27.0 0.0 0.0 4124.615384615385 4088.717948717949 4211.282051282052 4487.6923076923085 4469.2307692307695 4687.179487179488 4428.205128205129 4378.461538461539 4725.128205128206 4058.461538461539 3946.666666666667 4314.871794871796 4617.435897435898 4403.589743589744 1614.0 1712.0 8.26 8.131988525390625 0.0 0.0 0.0 0.0  1  0  0  0  0  0  0  0  0  0  0  0  0  0 
8268 28.0 0.0 0.0 4110.769230769231 4078.461538461539 4198.461538461539 4489.743589743591 4476.410256410257 4694.871794871796 4457.435897435898 4379.48717948718 4727.6923076923085 4061.0256410256416 3944.615384615385 4289.2307692307695 4613.333333333334 4383.589743589744 1614.0 1711.0 8.268 8.131988525390625 0.0 0.0 0.0 0.0  1  0  0  0  0  0  0  0  0  0  0  0  0  0 
8276 29.0 0.0 0.0 4112.820512820514 4086.1538461538466 4220.000000000001 4490.769230769231 4474.358974358975 4690.256410256411 4465.128205128206 4378.974358974359 4727.179487179488 4061.0256410256416 3947.1794871794878 4281.538461538462 4613.846153846154 4381.538461538462 1612.0 1711.0 8.276 8.131988525390625 0.0 0.0 0.0 0.0  1  0  0  0  0  0  0  0  0  0  0  0  0  0 
8283 30.0 0.0 0.0 4123.076923076924 4083.076923076924 4219.48717948718 4484.102564102564 4468.205128205129 4683.076923076924 4445.128205128206 4382.564102564103 4724.102564102564 4057.9487179487182 3952.307692307693 4292.820512820514 4614.358974358975 4398.461538461539 1612.0 1710.0 8.283 8.131988525390625 0.0 0.0 0.0 0.0  1  0  0  0  0  0  0  0  0  0  0  0  0  0 
8291 31.0 0.0 0.0 4139.48717948718 4065.6410256410263 4234.871794871796 4477.435897435898 4462.051282051282 4671.282051282052 4426.666666666667 4381.025641025642 4724.102564102564 4059.48717948718 3957.435897435898 4315.384615384616 4623.589743589744 4413.846153846154 1613.0 1712.0 8.291 8.131988525390625 0.0 0.0 0.0 0.0  1  0  0  0  0  0  0  0  0  0  0  0  0  0 
8299 32.0 0.0 0.0 4112.820512820514 4057.435897435898 4233.333333333334 4481.538461538462 4471.282051282052 4681.538461538462 4425.641025641026 4377.435897435898 4727.179487179488 4059.48717948718 3952.307692307693 4306.153846153847 4618.461538461539 4400.000000000001 1614.0 1710.0 8.299 8.131988525390625 0.0 0.0 0.0 0.0  1  0  0  0  0  0  0  0  0  0  0  0  0  0 
8307 33.0 0.0 0.0 4103.589743589744 4072.307692307693 4223.589743589744 4501.025641025642 4470.256410256411 4686.666666666667 4419.48717948718 4371.282051282052 4726.153846153847 4057.9487179487182 3953.8461538461543 4302.564102564103 4613.333333333334 4393.846153846154 1611.0 1712.0 8.307 8.257096290588379 0.0 0.0 0.0 0.0  1  0  0  0  0  0  0  0  0  0  0  0  0  0 
8315 34.0 0.0 0.0 4103.076923076924 4076.9230769230776 4213.846153846154 4501.538461538462 4470.256410256411 4686.153846153847 4413.333333333334 4375.8974358974365 4724.102564102564 4058.461538461539 3953.333333333334 4305.641025641026 4608.205128205129 4402.051282051282 1612.0 1711.0 8.315 8.257096290588379 0.0 0.0 0.0 0.0  1  0  0  0  0  0  0  0  0  0  0  0  0  0 
8322 35.0 0.0 0.0 4122.051282051282 4074.8717948717954 4217.948717948719 4482.051282051282 4465.128205128206 4676.410256410257 4414.871794871796 4381.025641025642 4725.641025641026 4058.9743589743593 3949.7435897435903 4329.743589743591 4616.923076923077 4410.769230769231 1612.0 1712.0 8.322 8.257096290588379 0.0 0.0 0.0 0.0  1  0  0  0  0  0  0  0  0  0  0  0  0  0 
8330 36.0 0.0 0.0 4121.025641025642 4069.23076923077 4175.384615384616 4484.102564102564 4470.769230769231 4687.6923076923085 4413.846153846154 4382.564102564103 4728.205128205129 4058.461538461539 3940.5128205128212 4335.384615384616 4615.384615384616 4394.871794871796 1614.0 1712.0 8.33 8.257096290588379 0.0 0.0 0.0 0.0  1  0  0  0  0  0  0  0  0  0  0  0  0  0 
8338 37.0 0.0 0.0 4120.000000000001 4074.358974358975 4160.000000000001 4501.538461538462 4475.384615384616 4694.358974358975 4397.435897435898 4380.000000000001 4724.615384615386 4060.0000000000005 3938.9743589743593 4322.564102564103 4608.205128205129 4385.641025641026 1613.0 1712.0 8.338 8.257096290588379 0.0 0.0 0.0 0.0  1  0  0  0  0  0  0  0  0  0  0  0  0  0 
8346 38.0 0.0 0.0 4123.076923076924 4085.1282051282055 4170.769230769231 4492.307692307693 4478.461538461539 4690.769230769231 4387.179487179487 4379.48717948718 4722.051282051282 4059.48717948718 3938.9743589743593 4312.307692307693 4604.615384615385 4395.8974358974365 1613.0 1712.0 8.346 8.257096290588379 0.0 0.0 0.0 0.0  1  0  0  0  0  0  0  0  0  0  0  0  0  0 
8354 39.0 0.0 0.0 4136.410256410257 4080.5128205128212 4174.358974358975 4462.051282051282 4475.384615384616 4685.128205128206 4412.820512820514 4381.025641025642 4724.102564102564 4056.9230769230776 3938.9743589743593 4329.2307692307695 4607.179487179488 4402.051282051282 1613.0 1711.0 8.354 8.257096290588379 0.0 0.0 0.0 0.0  1  0  0  0  0  0  0  0  0  0  0  0  0  0 
8362 40.0 0.0 0.0 4131.282051282052 4066.666666666667 4162.051282051282 4454.871794871796 4479.48717948718 4695.8974358974365 4457.948717948719 4382.051282051282 4727.179487179488 4057.9487179487182 3937.435897435898 4337.435897435898 4610.256410256411 4387.179487179487 1614.0 1712.0 8.362 8.257096290588379 0.0 0.0 0.0 0.0  1  0  0  0  0  0  0  0  0  0  0  0  0  0 
8369 41.0 0.0 0.0 4101.538461538462 4075.8974358974365 4150.256410256411 4464.615384615385 4486.666666666667 4708.717948717949 4475.384615384616 4384.615384615385 4727.6923076923085 4060.5128205128212 3938.461538461539 4311.794871794872 4608.205128205129 4376.923076923077 1614.0 1711.0 8.369 8.257096290588379 0.0 0.0 0.0 0.0  1  0  0  0  0  0  0  0  0  0  0  0  0  0 
8377 42.0 0.0 0.0 4095.8974358974365 4092.820512820513 4177.948717948719 4476.923076923077 4484.615384615385 4701.025641025642 4467.6923076923085 4385.641025641026 4724.615384615386 4058.9743589743593 3943.589743589744 4296.410256410257 4606.666666666667 4389.2307692307695 1612.0 1712.0 8.377 8.257096290588379 0.0 0.0 0.0 0.0  1  0  0  0  0  0  0  0  0  0  0  0  0  0 
8385 43.0 0.0 0.0 4106.153846153847 4076.9230769230776 4211.282051282052 4480.512820512821 4481.538461538462 4697.948717948719 4466.666666666667 4386.666666666667 4722.564102564103 4057.435897435898 3942.564102564103 4299.48717948718 4601.538461538462 4393.333333333334 1614.0 1711.0 8.385 8.257096290588379 0.0 0.0 0.0 0.0  1  0  0  0  0  0  0  0  0  0  0  0  0  0 
8393 44.0 0.0 0.0 4122.564102564103 4063.076923076924 4212.820512820514 4481.025641025642 4476.923076923077 4700.000000000001 4457.948717948719 4382.051282051282 4725.128205128206 4060.0000000000005 3942.564102564103 4308.205128205129 4608.717948717949 4389.743589743591 1613.0 1712.0 8.393 8.257096290588379 0.0 0.0 0.0 0.0  1  0  0  0  0  0  0  0  0  0  0  0  0  0 
8401 45.0 0.0 0.0 4116.923076923077 4071.2820512820517 4183.076923076924 4492.820512820514 4485.641025641026 4709.743589743591 4445.128205128206 4379.48717948718 4727.179487179488 4058.461538461539 3939.48717948718 4284.102564102564 4605.128205128206 4387.179487179487 1615.0 1712.0 8.401 8.257096290588379 0.0 0.0 0.0 0.0  1  0  0  0  0  0  0  0  0  0  0  0  0  0 
8408 46.0 0.0 0.0 4131.794871794872 4083.076923076924 4199.48717948718 4505.641025641026 4486.666666666667 4702.564102564103 4448.205128205129 4378.461538461539 4722.051282051282 4056.410256410257 3942.564102564103 4278.974358974359 4603.076923076924 4403.076923076924 1613.0 1712.0 8.408 8.257096290588379 0.0 0.0 0.0 0.0  1  0  0  0  0  0  0  0  0  0  0  0  0  0 
8416 47.0 0.0 0.0 4136.410256410257 4078.461538461539 4195.8974358974365 4494.871794871796 4489.2307692307695 4706.666666666667 4443.589743589744 4384.615384615385 4722.051282051282 4057.435897435898 3937.435897435898 4287.179487179487 4597.435897435898 4404.615384615385 1613.0 1713.0 8.416 8.257096290588379 0.0 0.0 0.0 0.0  1  0  0  0  0  0  0  0  0  0  0  0  0  0 
8424 48.0 0.0 0.0 4147.179487179487 4075.8974358974365 4187.6923076923085 4488.717948717949 4486.666666666667 4707.179487179488 4422.564102564103 4385.641025641026 4727.179487179488 4060.0000000000005 3936.410256410257 4300.512820512821 4605.128205128206 4398.974358974359 1613.0 1713.0 8.424 8.257096290588379 0.0 0.0 0.0 0.0  1  0  0  0  0  0  0  0  0  0  0  0  0  0 
8432 49.0 0.0 0.0 4114.358974358975 4074.8717948717954 4183.589743589744 4498.461538461539 4494.358974358975 4718.974358974359 4424.102564102564 4385.641025641026 4729.2307692307695 4056.9230769230776 3936.9230769230776 4284.102564102564 4602.564102564103 4387.179487179487 1614.0 1712.0 8.432 8.382203102111816 0.0 0.0 0.0 0.0  1  0  0  0  0  0  0  0  0  0  0  0  0  0 
8440 50.0 0.0 0.0 4088.717948717949 4090.7692307692314 4203.076923076924 4503.076923076924 4495.384615384616 4721.538461538462 4429.2307692307695 4384.102564102564 4727.179487179488 4054.8717948717954 3942.564102564103 4277.948717948719 4598.974358974359 4387.179487179487 1614.0 1712.0 8.44 8.382203102111816 0.0 0.0 0.0 0.0  1  0  0  0  0  0  0  0  0  0  0  0  0  0 
8448 51.0 0.0 0.0 4085.6410256410263 4098.974358974359 4194.871794871796 4501.025641025642 4498.461538461539 4722.564102564103 4416.923076923077 4386.153846153847 4726.666666666667 4056.9230769230776 3940.0000000000005 4274.358974358975 4591.794871794872 4382.051282051282 1612.0 1712.0 8.448 8.382203102111816 0.0 0.0 0.0 0.0  1  0  0  0  0  0  0  0  0  0  0  0  0  0 
8455 52.0 0.0 0.0 4118.461538461539 4092.820512820513 4193.333333333334 4500.000000000001 4495.384615384616 4715.8974358974365 4421.025641025642 4382.051282051282 4728.717948717949 4058.9743589743593 3936.9230769230776 4278.461538461539 4601.025641025642 4378.974358974359 1613.0 1710.0 8.455 8.382203102111816 0.0 0.0 0.0 0.0  1  0  0  0  0  0  0  0  0  0  0  0  0  0 
8463 53.0 0.0 0.0 4123.076923076924 4082.564102564103 4197.948717948719 4490.256410256411 4488.717948717949 4711.282051282052 4444.615384615385 4382.051282051282 4730.256410256411 4057.9487179487182 3938.461538461539 4277.435897435898 4609.743589743591 4381.538461538462 1613.0 1711.0 8.463 8.382203102111816 0.0 0.0 0.0 0.0  1  0  0  0  0  0  0  0  0  0  0  0  0  0 
8471 54.0 0.0 0.0 4118.974358974359 4081.538461538462 4210.256410256411 4489.2307692307695 4487.6923076923085 4709.2307692307695 4455.8974358974365 4386.153846153847 4726.666666666667 4057.435897435898 3941.0256410256416 4265.128205128206 4606.153846153847 4387.179487179487 1613.0 1710.0 8.471 8.382203102111816 0.0 0.0 0.0 0.0  1  0  0  0  0  0  0  0  0  0  0  0  0  0 
8479 55.0 0.0 0.0 4123.589743589744 4072.820512820513 4216.410256410257 4498.974358974359 4486.153846153847 4703.589743589744 4455.8974358974365 4387.179487179487 4721.538461538462 4056.9230769230776 3944.615384615385 4255.8974358974365 4601.025641025642 4396.923076923077 1612.0 1711.0 8.479 8.382203102111816 0.0 0.0 0.0 0.0  1  0  0  0  0  0  0  0  0  0  0  0  0  0 
8487 56.0 0.0 0.0 4127.6923076923085 4063.589743589744 4213.846153846154 4492.820512820514 4485.128205128206 4705.641025641026 4438.461538461539 4384.615384615385 4724.102564102564 4058.9743589743593 3942.0512820512827 4262.564102564103 4602.051282051282 4404.615384615385 1614.0 1711.0 8.487 8.382203102111816 0.0 0.0 0.0 0.0  1  0  0  0  0  0  0  0  0  0  0  0  0  0 
8494 57.0 0.0 0.0 4121.538461538462 4062.564102564103 4217.948717948719 4486.153846153847 4483.076923076924 4705.128205128206 4409.2307692307695 4379.48717948718 4729.2307692307695 4061.538461538462 3937.9487179487182 4287.179487179487 4610.769230769231 4405.641025641026 1613.0 1711.0 8.494 8.382203102111816 0.0 0.0 0.0 0.0  1  0  0  0  0  0  0  0  0  0  0  0  0  0 
8502 58.0 0.0 0.0 4103.589743589744 4069.23076923077 4214.871794871796 4496.923076923077 4488.717948717949 4709.2307692307695 4416.923076923077 4379.48717948718 4728.205128205129 4058.9743589743593 3934.358974358975 4295.8974358974365 4605.128205128206 4397.948717948719 1613.0 1713.0 8.502 8.382203102111816 0.0 0.0 0.0 0.0  1  0  0  0  0  0  0  0  0  0  0  0  0  0 
8510 59.0 0.0 0.0 4103.076923076924 4085.1282051282055 4208.717948717949 4504.102564102564 4486.666666666667 4707.6923076923085 4449.743589743591 4382.564102564103 4725.641025641026 4056.410256410257 3938.9743589743593 4311.794871794872 4600.512820512821 4402.564102564103 1613.0 1712.0 8.51 8.382203102111816 0.0 0.0 0.0 0.0  1  0  0  0  0  0  0  0  0  0  0  0  0  0 
8518 60.0 0.0 0.0 4105.641025641026 4091.7948717948725 4179.48717948718 4492.307692307693 4489.2307692307695 4714.871794871796 4466.666666666667 4388.205128205129 4727.6923076923085 4058.9743589743593 3934.8717948717954 4316.923076923077 4597.948717948719 4396.410256410257 1614.0 1714.0 8.518 8.382203102111816 0.0 0.0 0.0 0.0  1  0  0  0  0  0  0  0  0  0  0  0  0  0 
8526 61.0 0.0 0.0 4131.794871794872 4084.615384615385 4178.974358974359 4484.615384615385 4488.205128205129 4710.769230769231 4469.743589743591 4384.615384615385 4730.256410256411 4060.5128205128212 3930.2564102564106 4318.974358974359 4609.743589743591 4384.102564102564 1614.0 1712.0 8.526 8.382203102111816 0.0 0.0 0.0 0.0  1  0  0  0  0  0  0  0  0  0  0  0  0  0 
8534 62.0 0.0 0.0 4140.512820512821 4076.410256410257 4181.538461538462 4484.615384615385 4490.769230769231 4708.205128205129 4471.282051282052 4386.666666666667 4731.282051282052 4055.8974358974365 3925.6410256410263 4299.48717948718 4606.666666666667 4376.923076923077 1613.0 1713.0 8.534 8.382203102111816 0.0 0.0 0.0 0.0  1  0  0  0  0  0  0  0  0  0  0  0  0  0 
8541 63.0 0.0 0.0 4147.179487179487 4088.205128205129 4201.025641025642 4486.153846153847 4485.641025641026 4702.051282051282 4467.6923076923085 4385.641025641026 4725.128205128206 4054.8717948717954 3930.7692307692314 4290.769230769231 4601.538461538462 4388.717948717949 1613.0 1712.0 8.541 8.382203102111816 0.0 0.0 0.0 0.0  1  0  0  0  0  0  0  0  0  0  0  0  0  0 
8549 64.0 0.0 0.0 4125.641025641026 4090.7692307692314 4193.846153846154 4485.128205128206 4487.179487179488 4708.205128205129 4491.794871794872 4382.564102564103 4722.051282051282 4055.8974358974365 3932.820512820513 4277.948717948719 4600.512820512821 4387.6923076923085 1613.0 1711.0 8.549 8.382203102111816 0.0 0.0 0.0 0.0  1  0  0  0  0  0  0  0  0  0  0  0  0  0 
8557 65.0 0.0 0.0 4118.974358974359 4084.1025641025644 4206.153846153847 4490.256410256411 4488.205128205129 4711.282051282052 4525.128205128206 4378.974358974359 4725.641025641026 4056.9230769230776 3933.333333333334 4274.358974358975 4609.2307692307695 4380.512820512821 1614.0 1710.0 8.557 8.50731086730957 0.0 0.0 0.0 0.0  1  0  0  0  0  0  0  0  0  0  0  0  0  0 
8565 66.0 0.0 2.0 4102.051282051282 4075.8974358974365 4239.48717948718 4492.820512820514 4485.641025641026 4709.743589743591 4521.025641025642 4383.589743589744 4729.2307692307695 4057.9487179487182 3936.9230769230776 4269.74358974359 4606.666666666667 4382.564102564103 1613.0 1711.0 8.565 8.50731086730957 0.0 0.0 0.0 0.0  1  0  0  0  0  0  0  0  0  0  0  0  0  0 
8573 67.0 0.0 0.0 4099.48717948718 4070.7692307692314 4266.153846153847 4485.641025641026 4475.8974358974365 4698.461538461539 4490.256410256411 4386.666666666667 4726.153846153847 4060.0000000000005 3950.2564102564106 4280.512820512821 4608.205128205129 4399.48717948718 1614.0 1712.0 8.573 8.50731086730957 0.0 0.0 0.0 0.0  1  0  0  0  0  0  0  0  0  0  0  0  0  0 
8580 68.0 0.0 0.0 4103.076923076924 4058.461538461539 4234.871794871796 4484.102564102564 4476.410256410257 4700.512820512821 4471.794871794872 4389.2307692307695 4724.102564102564 4057.435897435898 3951.2820512820517 4288.205128205129 4607.6923076923085 4401.025641025642 1611.0 1710.0 8.58 8.50731086730957 0.0 0.0 0.0 0.0  1  0  0  0  0  0  0  0  0  0  0  0  0  0 
8588 69.0 0.0 0.0 4126.666666666667 4056.410256410257 4213.846153846154 4495.384615384616 4476.410256410257 4701.538461538462 4474.871794871796 4383.589743589744 4724.102564102564 4055.3846153846157 3949.2307692307695 4304.102564102564 4608.205128205129 4403.076923076924 1614.0 1712.0 8.588 8.53858757019043 0.0 0.0 0.0 0.0  1  0  0  0  0  0  0  0  0  0  0  0  0  0 
8596 70.0 0.0 0.0 4127.179487179487 4065.1282051282055 4226.153846153847 4492.820512820514 4473.333333333334 4700.000000000001 4491.794871794872 4375.384615384616 4724.102564102564 4056.9230769230776 3951.7948717948725 4325.128205128206 4605.641025641026 4411.794871794872 1615.0 1712.0 8.596 8.53858757019043 0.0 0.0 0.0 0.0  1  0  0  0  0  0  0  0  0  0  0  0  0  0 
8604 71.0 0.0 0.0 4136.923076923077 4080.5128205128212 4212.307692307693 4494.871794871796 4476.410256410257 4703.076923076924 4513.333333333334 4375.8974358974365 4725.641025641026 4058.461538461539 3940.5128205128212 4315.384615384616 4607.179487179488 4404.615384615385 1614.0 1715.0 8.604 8.53858757019043 0.0 0.0 0.0 0.0  1  0  0  0  0  0  0  0  0  0  0  0  0  0 
8612 72.0 0.0 0.0 4161.025641025642 4090.7692307692314 4183.589743589744 4520.512820512821 4479.48717948718 4697.435897435898 4525.641025641026 4378.974358974359 4726.153846153847 4058.9743589743593 3926.1538461538466 4280.512820512821 4613.333333333334 4396.923076923077 1612.0 1713.0 8.612 8.53858757019043 0.0 0.0 0.0 0.0  1  0  0  0  0  0  0  0  0  0  0  0  0  0 
8620 73.0 0.0 0.0 4171.794871794872 4099.48717948718 4208.205128205129 4530.256410256411 4474.871794871796 4683.589743589744 4536.923076923077 4380.000000000001 4723.589743589744 4058.461538461539 3930.7692307692314 4261.025641025642 4617.435897435898 4416.923076923077 1611.0 1713.0 8.62 8.53858757019043 0.0 0.0 0.0 0.0  1  0  0  0  0  0  0  0  0  0  0  0  0  0 
8627 74.0 0.0 0.0 4154.871794871796 4101.025641025642 4233.333333333334 4523.589743589744 4473.333333333334 4689.2307692307695 4562.051282051282 4382.051282051282 4724.102564102564 4058.9743589743593 3937.9487179487182 4270.256410256411 4613.846153846154 4421.025641025642 1614.0 1712.0 8.627 8.53858757019043 0.0 0.0 0.0 0.0  1  0  0  0  0  0  0  0  0  0  0  0  0  0 
8635 75.0 0.0 0.0 4099.48717948718 4080.0000000000005 4214.871794871796 4510.769230769231 4487.179487179488 4713.846153846154 4580.000000000001 4387.179487179487 4728.205128205129 4059.48717948718 3930.7692307692314 4289.74358974359 4597.435897435898 4371.794871794872 1614.0 1712.0 8.635 8.53858757019043 0.0 0.0 0.0 0.0  1  0  0  0  0  0  0  0  0  0  0  0  0  0 
8643 76.0 0.0 0.0 4066.666666666667 4071.7948717948725 4258.461538461539 4475.8974358974365 4485.128205128206 4711.282051282052 4569.2307692307695 4382.051282051282 4728.205128205129 4060.5128205128212 3940.0000000000005 4315.8974358974365 4602.051282051282 4352.307692307693 1613.0 1710.0 8.643 8.53858757019043 0.0 0.0 0.0 0.0  1  0  0  0  0  0  0  0  0  0  0  0  0  0 
8651 77.0 0.0 0.0 4072.820512820513 4076.410256410257 4302.051282051282 4447.6923076923085 4474.358974358975 4697.435897435898 4559.48717948718 4380.512820512821 4726.153846153847 4061.0256410256416 3958.461538461539 4297.948717948719 4613.846153846154 4385.641025641026 1612.0 1709.0 8.651 8.53858757019043 0.0 0.0 0.0 0.0  1  0  0  0  0  0  0  0  0  0  0  0  0  0 
8659 78.0 0.0 0.0 4105.641025641026 4067.692307692308 4245.641025641026 4471.794871794872 4471.282051282052 4695.384615384616 4565.128205128206 4381.538461538462 4726.666666666667 4061.538461538462 3968.205128205129 4282.564102564103 4622.564102564103 4400.512820512821 1615.0 1710.0 8.659 8.53858757019043 0.0 0.0 0.0 0.0  1  0  0  0  0  0  0  0  0  0  0  0  0  0 
8666 79.0 0.0 0.0 4089.23076923077 4063.076923076924 4159.48717948718 4502.564102564103 4484.615384615385 4715.384615384616 4563.589743589744 4381.538461538462 4727.6923076923085 4058.461538461539 3955.3846153846157 4285.641025641026 4608.205128205129 4366.666666666667 1612.0 1712.0 8.666 8.53858757019043 0.0 0.0 0.0 0.0  1  0  0  0  0  0  0  0  0  0  0  0  0  0 
8674 80.0 0.0 0.0 4100.512820512821 4088.205128205129 4208.717948717949 4503.589743589744 4477.948717948719 4705.641025641026 4558.461538461539 4375.384615384616 4724.102564102564 4056.410256410257 3945.6410256410263 4287.6923076923085 4605.641025641026 4375.8974358974365 1612.0 1711.0 8.674 8.53858757019043 0.0 0.0 0.0 0.0  1  0  0  0  0  0  0  0  0  0  0  0  0  0 
8682 81.0 0.0 0.0 4148.717948717949 4071.2820512820517 4270.256410256411 4485.641025641026 4463.589743589744 4681.025641025642 4569.743589743591 4377.435897435898 4722.051282051282 4057.435897435898 3949.2307692307695 4280.512820512821 4614.358974358975 4425.641025641026 1613.0 1713.0 8.682 8.632418632507324 0.0 0.0 0.0 0.0  1  0  0  0  0  0  0  0  0  0  0  0  0  0 
8690 82.0 0.0 0.0 4191.794871794872 4036.9230769230776 4246.153846153847 4488.205128205129 4460.000000000001 4675.8974358974365 4578.461538461539 4380.512820512821 4724.615384615386 4058.461538461539 3953.333333333334 4322.051282051282 4623.076923076924 4444.102564102564 1613.0 1713.0 8.69 8.632418632507324 0.0 0.0 0.0 0.0  1  0  0  0  0  0  0  0  0  0  0  0  0  0 
8698 83.0 0.0 0.0 4159.48717948718 4063.589743589744 4160.000000000001 4520.000000000001 4481.538461538462 4701.025641025642 4574.871794871796 4380.512820512821 4727.6923076923085 4056.9230769230776 3935.3846153846157 4336.410256410257 4610.769230769231 4416.923076923077 1612.0 1714.0 8.698 8.632418632507324 0.0 0.0 0.0 0.0  1  0  0  0  0  0  0  0  0  0  0  0  0  0 
8706 84.0 0.0 0.0 4138.974358974359 4110.769230769231 4151.794871794872 4530.769230769231 4485.128205128206 4700.000000000001 4568.717948717949 4375.384615384616 4724.615384615386 4058.9743589743593 3929.7435897435903 4318.974358974359 4609.2307692307695 4417.435897435898 1614.0 1712.0 8.706 8.632418632507324 0.0 0.0 0.0 0.0  1  0  0  0  0  0  0  0  0  0  0  0  0  0 
8714 85.0 0.0 0.0 4138.974358974359 4091.7948717948725 4191.282051282052 4496.410256410257 4471.794871794872 4689.2307692307695 4592.307692307693 4378.461538461539 4724.102564102564 4061.0256410256416 3937.435897435898 4328.205128205129 4612.307692307693 4428.205128205129 1612.0 1711.0 8.714 8.632418632507324 0.0 0.0 0.0 0.0  1  0  0  0  0  0  0  0  0  0  0  0  0  0 
8721 86.0 0.0 0.0 4122.564102564103 4069.23076923077 4206.666666666667 4478.461538461539 4472.820512820514 4702.564102564103 4661.538461538462 4382.564102564103 4728.205128205129 4057.9487179487182 3932.820512820513 4364.102564102564 4611.794871794872 4399.48717948718 1614.0 1712.0 8.721 8.632418632507324 0.0 0.0 0.0 0.0  1  0  0  0  0  0  0  0  0  0  0  0  0  0 
8729 87.0 0.0 0.0 4087.692307692308 4092.307692307693 4203.589743589744 4496.923076923077 4489.743589743591 4727.179487179488 4711.794871794872 4381.538461538462 4728.717948717949 4056.9230769230776 3928.205128205129 4332.820512820514 4608.205128205129 4355.8974358974365 1612.0 1710.0 8.729 8.632418632507324 0.0 0.0 0.0 0.0  1  0  0  0  0  0  0  0  0  0  0  0  0  0 
8737 88.0 0.0 0.0 4092.820512820513 4109.74358974359 4229.74358974359 4498.974358974359 4489.2307692307695 4721.538461538462 4676.410256410257 4382.564102564103 4726.666666666667 4059.48717948718 3944.615384615385 4260.000000000001 4610.769230769231 4356.923076923077 1614.0 1711.0 8.737 8.632418632507324 0.0 0.0 0.0 0.0  1  0  0  0  0  0  0  0  0  0  0  0  0  0 
8745 89.0 0.0 0.0 4112.307692307693 4080.5128205128212 4257.435897435898 4476.923076923077 4475.8974358974365 4702.051282051282 4613.846153846154 4388.205128205129 4724.615384615386 4057.9487179487182 3953.8461538461543 4253.333333333334 4609.2307692307695 4381.538461538462 1614.0 1710.0 8.745 8.632418632507324 0.0 0.0 0.0 0.0  1  0  0  0  0  0  0  0  0  0  0  0  0  0 
8752 90.0 0.0 0.0 4119.48717948718 4044.615384615385 4244.102564102564 4475.8974358974365 4475.8974358974365 4699.48717948718 4594.871794871796 4390.256410256411 4726.666666666667 4057.435897435898 3943.076923076924 4291.282051282052 4603.589743589744 4384.102564102564 1612.0 1712.0 8.752 8.632418632507324 0.0 0.0 0.0 0.0  1  0  0  0  0  0  0  0  0  0  0  0  0  0 
8760 91.0 0.0 0.0 4133.333333333334 4055.3846153846157 4216.923076923077 4494.358974358975 4477.435897435898 4700.512820512821 4588.205128205129 4380.000000000001 4729.2307692307695 4061.0256410256416 3944.615384615385 4292.307692307693 4613.846153846154 4388.205128205129 1614.0 1713.0 8.76 8.632418632507324 0.0 0.0 0.0 0.0  1  0  0  0  0  0  0  0  0  0  0  0  0  0 
8768 92.0 0.0 0.0 4128.205128205129 4081.0256410256416 4209.2307692307695 4491.794871794872 4477.948717948719 4700.000000000001 4574.871794871796 4377.435897435898 4727.179487179488 4059.48717948718 3951.2820512820517 4256.923076923077 4616.923076923077 4403.076923076924 1614.0 1713.0 8.768 8.632418632507324 0.0 0.0 0.0 0.0  1  0  0  0  0  0  0  0  0  0  0  0  0  0 
8776 93.0 0.0 0.0 4127.6923076923085 4071.2820512820517 4233.846153846154 4488.205128205129 4475.8974358974365 4694.871794871796 4572.307692307693 4383.589743589744 4722.564102564103 4057.9487179487182 3948.717948717949 4283.076923076924 4612.820512820514 4412.820512820514 1613.0 1713.0 8.776 8.632418632507324 0.0 0.0 0.0 0.0  1  0  0  0  0  0  0  0  0  0  0  0  0  0 
8784 94.0 0.0 0.0 4123.076923076924 4052.307692307693 4215.8974358974365 4494.871794871796 4477.948717948719 4699.48717948718 4571.282051282052 4392.307692307693 4726.153846153847 4059.48717948718 3933.8461538461543 4338.974358974359 4600.512820512821 4402.051282051282 1613.0 1714.0 8.784 8.632418632507324 0.0 0.0 0.0 0.0  1  0  0  0  0  0  0  0  0  0  0  0  0  0 
8792 95.0 0.0 0.0 4126.666666666667 4086.1538461538466 4210.256410256411 4478.974358974359 4472.307692307693 4695.8974358974365 4568.205128205129 4386.153846153847 4730.256410256411 4059.48717948718 3932.307692307693 4365.128205128206 4611.794871794872 4402.051282051282 1615.0 1713.0 8.792 8.632418632507324 0.0 0.0 0.0 0.0  1  0  0  0  0  0  0  0  0  0  0  0  0  0 
8799 96.0 0.0 0.0 4109.74358974359 4108.205128205129 4213.333333333334 4464.615384615385 4478.974358974359 4702.051282051282 4574.358974358975 4380.000000000001 4726.666666666667 4058.461538461539 3933.8461538461543 4331.282051282052 4615.384615384616 4399.48717948718 1613.0 1713.0 8.799 8.632418632507324 0.0 0.0 0.0 0.0  1  0  0  0  0  0  0  0  0  0  0  0  0  0 
8807 97.0 0.0 0.0 4122.564102564103 4082.564102564103 4222.564102564103 4495.384615384616 4484.615384615385 4706.153846153847 4593.846153846154 4375.8974358974365 4723.076923076924 4060.0000000000005 3939.48717948718 4310.256410256411 4607.179487179488 4393.846153846154 1614.0 1712.0 8.807 8.757526397705078 0.0 0.0 0.0 0.0  1  0  0  0  0  0  0  0  0  0  0  0  0  0 
8815 98.0 0.0 0.0 4117.948717948719 4072.307692307693 4215.384615384616 4502.564102564103 4486.153846153847 4711.794871794872 4627.179487179488 4376.410256410257 4724.615384615386 4058.461538461539 3938.9743589743593 4297.435897435898 4598.461538461539 4386.666666666667 1614.0 1710.0 8.815 8.757526397705078 0.0 0.0 0.0 0.0  1  0  0  0  0  0  0  0  0  0  0  0  0  0 
8823 99.0 0.0 0.0 4118.461538461539 4099.48717948718 4228.205128205129 4477.435897435898 4475.8974358974365 4702.564102564103 4637.948717948719 4375.384615384616 4726.666666666667 4058.461538461539 3941.0256410256416 4278.461538461539 4613.333333333334 4390.256410256411 1613.0 1712.0 8.823 8.757526397705078 0.0 0.0 0.0 0.0  1  0  0  0  0  0  0  0  0  0  0  0  0  0 
8831 100.0 0.0 0.0 4113.846153846154 4082.0512820512827 4225.641025641026 4493.333333333334 4476.410256410257 4700.000000000001 4607.179487179488 4381.538461538462 4725.641025641026 4057.9487179487182 3944.1025641025644 4242.051282051282 4612.820512820514 4387.179487179487 1613.0 1709.0 8.831 8.757526397705078 0.0 0.0 0.0 0.0  1  0  0  0  0  0  0  0  0  0  0  0  0  0 
8839 101.0 0.0 0.0 4111.794871794872 4052.307692307693 4231.794871794872 4522.564102564103 4478.974358974359 4698.974358974359 4566.153846153847 4388.205128205129 4724.102564102564 4057.9487179487182 3954.8717948717954 4234.358974358975 4604.102564102564 4392.307692307693 1613.0 1711.0 8.839 8.757526397705078 0.0 0.0 0.0 0.0  1  0  0  0  0  0  0  0  0  0  0  0  0  0 
8846 102.0 0.0 0.0 4095.3846153846157 4068.717948717949 4240.512820512821 4504.615384615385 4477.948717948719 4698.461538461539 4543.589743589744 4389.2307692307695 4725.641025641026 4057.9487179487182 3964.1025641025644 4247.6923076923085 4607.179487179488 4403.589743589744 1614.0 1711.0 8.846 8.757526397705078 0.0 0.0 0.0 0.0  1  0  0  0  0  0  0  0  0  0  0  0  0  0 
8854 103.0 0.0 0.0 4102.564102564103 4080.5128205128212 4238.461538461539 4485.128205128206 4474.871794871796 4695.8974358974365 4530.769230769231 4381.538461538462 4726.666666666667 4058.9743589743593 3961.538461538462 4266.153846153847 4614.871794871796 4405.128205128206 1612.0 1711.0 8.854 8.757526397705078 0.0 0.0 0.0 0.0  1  0  0  0  0  0  0  0  0  0  0  0  0  0 
8862 104.0 0.0 0.0 4116.410256410257 4056.410256410257 4224.615384615385 4495.8974358974365 4475.8974358974365 4694.358974358975 4527.6923076923085 4374.871794871796 4726.666666666667 4059.48717948718 3952.820512820513 4294.871794871796 4611.794871794872 4402.051282051282 1613.0 1712.0 8.862 8.757526397705078 0.0 0.0 0.0 0.0  1  0  0  0  0  0  0  0  0  0  0  0  0  0 
8870 105.0 0.0 0.0 4116.410256410257 4060.5128205128212 4214.358974358975 4494.871794871796 4476.410256410257 4695.384615384616 4529.743589743591 4378.974358974359 4725.641025641026 4057.9487179487182 3948.205128205129 4330.256410256411 4605.641025641026 4404.102564102564 1613.0 1712.0 8.87 8.757526397705078 0.0 0.0 0.0 0.0  1  0  0  0  0  0  0  0  0  0  0  0  0  0 
8878 106.0 0.0 0.0 4118.461538461539 4089.23076923077 4209.2307692307695 4484.615384615385 4476.923076923077 4698.974358974359 4534.871794871796 4383.589743589744 4724.615384615386 4057.9487179487182 3943.589743589744 4346.153846153847 4606.153846153847 4404.615384615385 1613.0 1712.0 8.878 8.757526397705078 0.0 0.0 0.0 0.0  1  0  0  0  0  0  0  0  0  0  0  0  0  0 
8885 107.0 0.0 0.0 4120.000000000001 4085.6410256410263 4196.410256410257 4486.666666666667 4483.076923076924 4707.6923076923085 4541.538461538462 4384.102564102564 4726.153846153847 4058.9743589743593 3932.820512820513 4330.256410256411 4605.128205128206 4391.282051282052 1612.0 1712.0 8.885 8.757526397705078 0.0 0.0 0.0 0.0  1  0  0  0  0  0  0  0  0  0  0  0  0  0 
8893 108.0 0.0 0.0 4133.333333333334 4084.1025641025644 4193.846153846154 4490.256410256411 4485.128205128206 4704.102564102564 4540.512820512821 4381.538461538462 4726.666666666667 4058.9743589743593 3928.205128205129 4328.717948717949 4611.282051282052 4388.205128205129 1613.0 1713.0 8.893 8.757526397705078 0.0 0.0 0.0 0.0  1  0  0  0  0  0  0  0  0  0  0  0  0  0 
8901 109.0 0.0 0.0 